50 4
95 426 2 10
72 25 10 3
11 133 8 2
6 281 10 5
46 389 10 3
47 315 2 3
38 204 4 6
94 213 9 2
34 261 10 8
76 290 10 6
85 342 7 9
73 234 7 6
8 151 8 9
98 450 10 5
84 476 8 8
26 487 10 6
11 71 3 5
68 482 4 1
10 110 7 4
2 515 4 9
74 254 8 4
53 212 3 8
75 0 6 9
17 67 5 3
17 0 6 1
41 257 8 4
36 457 9 7
51 196 9 6
55 270 2 8
31 0 2 2
87 172 2 6
50 480 5 4
89 346 3 4
40 0 1 1
64 411 4 3
26 124 4 4
15 312 4 5
1 20 10 3
45 185 2 1
56 0 3 2
16 0 1 4
60 222 8 6
46 0 1 3
84 529 9 5
67 435 8 3
82 350 8 2
26 458 10 4
18 0 2 8
35 360 4 9
45 379 7 8
SETUP
0 33 26 14 19 10 16 37 38 4 38 4 27 29 22 36 26 32 17 8 27 31 30 12 34 23 36 27 39 11 12 15 17 25 35 16 25 41 28 24 36 10 18 24 33 25 18 23 16 40 22
0 0 22 15 28 29 32 21 3 28 41 30 11 21 17 38 29 17 37 24 47 41 32 13 29 9 17 28 39 17 31 13 25 4 30 10 24 24 7 22 33 6 11 14 18 15 12 30 16 39 34
0 33 0 19 22 25 30 27 3 17 20 46 18 20 12 39 29 12 11 9 2 40 20 29 21 8 31 48 41 9 7 31 40 20 31 21 16 6 17 28 37 32 40 27 10 11 20 11 42 9 33
0 10 25 0 3 13 35 12 2 27 33 23 34 22 22 20 21 9 28 7 12 21 18 15 10 40 26 20 47 11 18 29 12 18 31 2 24 22 12 15 26 10 27 22 9 25 3 39 28 40 38
0 37 39 6 0 41 35 22 39 15 28 14 37 22 21 21 18 20 15 19 28 32 31 17 35 33 20 23 40 18 30 27 24 24 39 23 10 34 4 22 19 24 38 22 26 22 12 39 15 37 38
0 25 19 29 18 0 10 9 44 6 14 24 20 11 43 30 23 7 9 16 29 25 38 19 21 20 19 28 27 10 21 30 36 34 24 38 34 25 32 15 18 10 24 26 10 20 34 27 37 18 15
0 11 44 33 27 25 0 12 38 20 20 30 34 20 9 14 34 33 15 10 7 36 28 16 2 31 25 17 46 9 26 45 30 37 28 28 22 11 21 4 36 13 39 44 18 39 19 28 43 18 26
0 17 28 24 7 27 45 0 38 24 36 29 10 30 21 4 27 33 16 10 36 42 38 15 15 37 20 34 17 36 15 36 35 12 22 37 19 26 31 21 33 30 43 32 25 38 8 34 30 26 41
0 22 25 15 38 27 21 29 0 28 33 31 17 21 14 29 5 27 0 30 35 25 21 20 43 27 11 6 23 22 34 17 28 15 16 28 2 28 22 34 35 43 39 13 37 21 19 33 15 36 20
0 22 16 27 20 13 13 20 27 0 29 23 8 33 14 47 28 29 31 30 14 24 27 18 19 15 29 17 14 3 23 24 12 26 16 25 7 18 31 15 21 34 29 25 16 20 22 11 19 9 30
0 9 25 11 36 19 20 26 32 16 0 23 27 18 20 46 19 24 41 31 28 15 11 12 16 29 23 24 20 33 19 34 21 32 34 11 41 9 3 35 31 5 12 19 23 15 40 32 18 27 19
0 37 37 16 24 43 28 19 28 2 40 0 33 27 19 32 35 37 33 24 14 34 22 18 11 26 30 11 41 36 20 17 35 27 22 17 44 11 5 19 23 25 27 10 14 9 41 17 21 8 31
0 26 17 39 42 35 40 8 27 29 26 31 0 16 28 20 6 43 32 27 47 24 29 20 18 35 33 26 37 37 23 23 10 18 17 3 13 12 8 13 22 44 28 36 30 28 36 37 29 19 38
0 23 14 29 36 14 12 2 16 24 21 11 15 0 44 5 17 22 31 31 19 24 15 18 12 20 8 28 10 29 32 30 16 30 21 23 31 29 13 14 17 34 9 20 13 30 24 24 26 21 39
0 13 27 30 22 11 22 25 40 32 38 33 6 16 0 34 8 29 21 11 25 11 26 27 12 16 29 19 17 11 13 24 28 7 44 30 20 30 26 14 11 44 38 17 27 35 1 26 31 7 35
0 25 36 20 14 31 39 43 44 27 46 1 26 41 39 0 6 43 22 8 22 32 30 19 27 9 20 27 14 3 21 29 8 14 37 10 17 8 7 39 23 42 24 21 4 14 17 30 38 19 27
0 13 27 25 34 25 8 11 1 1 11 20 12 29 25 37 0 10 37 30 27 29 46 10 41 25 28 32 39 35 29 13 30 31 25 13 19 47 5 38 27 35 29 37 27 11 37 2 33 9 20
0 18 44 30 23 28 2 19 34 13 24 25 27 44 23 22 18 0 19 15 20 27 36 13 29 42 29 31 26 15 34 47 22 32 31 31 15 29 30 14 23 26 34 31 24 36 21 10 33 29 20
0 23 33 36 33 15 33 9 30 24 10 14 14 18 24 5 9 18 0 8 30 18 9 27 24 35 19 26 10 12 30 24 21 34 47 9 35 24 23 23 10 35 18 25 16 12 24 22 16 43 41
0 7 26 18 44 16 11 17 16 11 12 38 19 33 12 29 32 42 1 0 25 28 23 4 33 32 17 44 46 34 31 16 9 33 38 31 37 32 26 17 25 34 15 2 38 17 37 13 14 15 29
0 32 24 44 11 31 34 30 27 21 30 25 20 19 13 42 39 35 9 29 0 37 29 31 22 31 15 33 17 41 11 7 30 24 15 35 23 39 47 25 33 37 30 16 34 7 36 18 1 28 27
0 23 23 16 10 32 37 27 12 43 35 32 29 23 15 29 30 28 35 29 21 0 19 19 23 36 29 21 26 29 17 24 15 12 22 29 34 36 13 31 35 37 26 30 32 25 13 13 20 29 20
0 6 25 23 23 9 22 33 18 40 18 23 20 27 30 46 28 28 7 33 17 34 0 45 28 46 16 9 13 28 19 19 36 19 28 29 27 39 32 43 18 25 34 20 26 21 11 24 5 9 12
0 28 16 11 35 11 38 6 38 38 33 24 28 13 11 21 26 8 25 28 40 29 36 0 19 22 6 3 33 34 23 30 28 32 29 17 14 28 18 27 36 36 28 46 14 23 25 20 41 37 14
0 37 44 23 27 43 22 26 24 29 6 10 37 5 8 3 25 33 35 12 34 22 12 41 0 12 16 18 23 20 31 5 38 33 31 14 15 2 20 32 7 24 18 44 27 21 37 14 27 29 4
0 29 26 18 20 5 8 31 19 16 18 44 3 37 39 25 27 37 13 27 41 14 8 33 21 0 17 32 25 12 15 9 32 14 41 31 31 45 2 7 41 26 13 24 22 26 32 27 10 23 29
0 10 21 17 34 39 36 32 19 21 24 18 12 42 29 45 29 35 24 21 19 11 33 24 36 37 0 38 16 20 35 14 41 46 23 32 25 13 23 14 7 39 40 17 22 12 6 47 17 13 22
0 24 14 29 40 6 33 33 30 17 16 25 25 10 14 19 31 23 14 17 29 5 43 31 43 19 31 0 36 27 33 38 29 9 15 40 26 42 16 28 22 20 28 6 35 19 27 18 42 4 19
0 28 25 28 32 40 30 3 0 7 19 37 29 41 38 34 17 7 32 9 16 19 26 24 16 12 39 34 0 15 30 35 9 21 32 41 26 23 3 35 17 23 14 17 31 26 34 26 10 30 20
0 16 12 9 4 43 10 19 40 39 31 35 18 38 31 10 22 22 17 18 21 38 40 36 31 41 30 23 21 0 29 12 47 27 37 20 27 14 35 23 24 20 9 2 29 6 20 26 15 37 22
0 26 6 26 5 18 30 30 23 4 29 28 31 40 20 2 41 21 22 29 19 15 21 7 10 6 12 25 1 4 0 22 18 19 43 21 34 10 22 43 31 12 46 28 23 39 12 31 10 21 24
0 37 25 29 30 9 2 42 25 20 23 38 12 28 17 32 5 45 9 28 27 1 12 13 22 15 31 42 5 15 30 0 29 13 29 28 39 10 28 11 32 25 11 26 13 29 30 19 21 18 3
0 9 22 20 19 38 35 1 10 13 30 24 48 33 28 24 34 11 35 13 20 13 18 15 32 24 25 11 3 19 16 29 0 4 11 35 40 22 35 27 5 32 22 37 34 45 41 31 13 18 27
0 21 41 38 16 21 23 36 33 29 14 28 34 36 47 20 14 20 29 18 24 32 21 6 17 26 28 9 37 18 11 28 8 0 19 9 24 41 18 17 10 24 14 25 3 27 35 41 16 39 25
0 26 37 30 40 16 38 18 13 22 19 45 33 9 37 28 14 21 18 28 19 34 22 26 19 14 43 6 27 2 47 18 32 33 0 36 17 41 13 24 13 28 35 11 7 33 11 39 22 30 17
0 30 46 16 38 40 32 14 31 43 27 30 28 38 10 15 26 11 17 16 7 18 37 27 8 19 31 28 10 24 17 16 23 3 33 0 33 31 30 14 33 20 25 36 22 18 31 11 12 22 12
0 30 26 10 8 43 28 23 29 34 45 35 18 34 25 12 18 16 33 31 25 32 24 4 3 40 20 40 7 37 10 29 4 27 9 30 0 44 19 36 23 13 27 21 23 11 36 22 41 43 40
0 28 34 21 10 6 19 21 28 21 8 31 35 30 18 35 21 39 24 31 35 6 8 12 23 19 30 20 36 33 23 26 41 17 18 27 3 0 19 39 22 20 18 26 13 34 24 27 17 22 29
0 22 22 26 21 23 21 8 20 44 19 15 19 10 29 30 24 22 31 1 20 10 23 23 30 13 39 18 25 41 15 37 30 39 39 28 31 6 0 18 18 40 23 26 20 5 36 12 43 31 17
0 36 20 18 13 34 23 12 39 10 25 32 23 5 20 29 10 12 36 13 26 46 21 26 33 19 32 41 7 17 18 19 32 13 26 32 20 24 10 0 34 27 25 11 4 2 28 43 34 23 36
0 23 13 37 34 24 10 32 33 23 28 22 47 21 21 26 17 27 14 7 8 40 45 26 32 19 22 35 21 34 23 6 41 38 14 19 13 16 21 4 0 31 24 48 11 46 11 32 37 18 12
0 20 44 32 28 24 30 9 31 20 39 13 26 37 17 19 35 25 12 32 21 2 34 24 11 32 15 39 23 18 5 28 10 42 13 23 29 24 28 20 24 0 35 19 29 47 14 27 15 41 31
0 8 24 27 34 19 20 24 18 25 23 19 28 22 4 7 12 9 30 2 25 25 4 17 18 19 37 25 29 21 32 30 18 2 36 38 42 16 18 34 38 17 0 32 10 22 9 3 10 12 12
0 5 41 4 32 12 18 14 5 16 7 22 1 10 20 3 33 36 26 26 37 26 35 16 19 15 31 27 3 36 23 18 24 7 27 33 23 25 23 17 1 28 35 0 30 18 36 18 38 20 31
0 14 30 14 3 27 11 25 19 26 34 35 9 24 15 15 29 14 6 17 11 16 39 29 21 36 35 47 40 25 37 20 21 38 37 14 23 30 20 32 13 21 11 24 0 12 21 12 32 14 23
0 16 10 47 17 19 9 17 24 30 3 40 34 18 33 33 25 13 17 29 19 17 25 27 41 26 6 43 19 24 9 27 25 12 30 23 11 22 36 40 32 31 22 20 24 0 29 18 33 22 39
0 7 14 26 27 27 35 22 33 14 38 36 11 23 46 15 23 23 24 27 34 27 7 22 19 14 29 21 33 27 41 32 42 32 35 5 27 16 34 26 20 24 28 1 11 46 0 21 27 25 20
0 26 8 3 28 40 32 29 32 22 29 23 19 22 1 20 29 22 33 22 45 17 16 12 31 39 32 30 37 39 1 13 15 17 33 19 22 37 27 16 14 33 30 28 40 25 12 0 13 15 20
0 25 37 17 9 37 28 23 26 30 39 19 41 23 31 11 24 19 19 31 14 31 24 33 17 12 12 16 37 37 34 36 30 6 41 34 7 13 24 8 8 21 7 11 24 29 19 8 0 22 26
0 15 43 22 27 32 17 24 14 27 8 44 43 16 25 35 28 44 7 35 25 30 37 41 16 28 27 25 26 26 4 13 11 13 22 38 8 28 29 34 25 9 24 8 37 13 22 25 35 0 20
0 14 36 37 16 37 29 20 20 35 25 24 22 5 15 11 12 14 27 9 20 41 28 25 26 16 47 17 41 22 30 19 37 20 11 27 34 21 26 17 41 31 47 42 11 12 28 33 27 7 0
