50 4
68 0 9 3
63 66 5 10
48 0 7 6
75 0 1 3
34 59 1 8
89 0 5 7
19 13 2 8
72 0 7 2
33 0 4 6
14 0 10 3
74 0 1 2
77 53 7 9
84 40 2 4
3 72 7 4
79 124 9 1
62 0 7 3
24 6 5 8
60 0 10 1
64 18 5 6
89 113 8 1
1 38 8 4
31 0 10 5
24 0 5 9
12 83 7 8
84 0 4 7
2 0 8 1
23 130 7 3
74 34 10 5
54 112 9 5
100 68 9 4
87 84 3 9
10 0 7 9
9 0 5 9
91 0 9 2
10 0 8 7
45 0 5 8
62 103 5 6
85 0 1 7
50 0 4 9
94 90 1 3
43 84 2 9
28 0 6 1
31 0 7 5
65 0 5 4
95 0 2 5
11 0 7 8
43 0 3 5
54 0 8 10
80 0 7 3
63 31 7 6
SETUP
0 7 12 12 6 14 9 13 12 10 7 10 0 16 8 8 2 8 9 15 6 9 12 15 13 15 14 14 8 15 9 16 2 12 6 5 8 11 6 17 11 11 9 10 8 5 11 11 14 9 14
0 0 12 5 6 10 9 8 12 10 7 10 0 14 8 8 2 8 9 14 6 9 11 12 13 15 9 14 8 11 9 13 2 10 6 5 8 7 6 17 11 11 7 10 8 5 11 9 8 2 7
0 7 0 10 6 14 9 12 5 10 7 6 0 5 3 8 2 8 9 10 6 9 7 3 13 15 11 14 8 15 5 4 2 12 6 5 8 11 5 9 6 11 4 10 4 5 11 11 10 7 14
0 7 12 0 6 5 9 13 12 10 7 10 0 16 8 8 2 8 9 15 6 9 12 15 8 15 14 9 8 6 9 16 2 10 6 5 8 11 6 16 11 11 9 10 8 5 11 9 14 9 14
0 1 12 6 0 11 9 9 10 5 7 9 0 10 8 8 2 8 7 15 6 3 8 13 13 9 10 14 8 10 9 14 2 11 6 5 6 8 6 12 11 11 8 10 7 5 11 10 9 3 8
0 7 10 12 6 0 9 13 12 10 7 10 0 14 8 6 2 8 9 15 6 9 12 12 13 15 10 14 8 15 9 13 2 5 6 5 8 8 6 14 11 9 9 10 8 5 11 4 9 9 14
0 7 12 12 6 10 0 13 12 10 7 10 0 15 8 7 2 8 9 15 6 9 11 15 9 15 11 10 8 15 4 16 2 6 6 5 8 7 6 15 11 3 9 1 8 5 11 5 10 9 5
0 7 12 12 6 14 9 0 12 10 7 10 0 16 8 8 2 8 9 15 6 9 12 15 13 15 14 14 8 15 9 16 2 12 6 5 8 11 6 9 11 11 9 10 8 5 11 11 14 9 14
0 7 12 12 6 14 9 10 0 10 7 10 0 16 8 8 2 8 9 15 3 9 12 15 13 11 13 14 8 15 9 16 2 12 6 5 8 11 6 7 11 11 9 10 8 5 11 11 12 9 14
0 7 12 3 6 8 6 13 5 0 7 9 0 16 8 7 2 8 9 15 6 9 3 14 10 15 9 11 8 5 7 15 2 10 6 5 8 11 4 12 11 8 9 7 8 5 11 9 8 9 11
0 7 12 12 6 14 9 13 12 10 0 6 0 13 8 8 2 8 9 15 1 9 12 11 12 15 14 10 8 15 9 12 2 12 6 5 8 11 6 17 11 11 9 10 8 5 11 11 14 9 14
0 7 12 12 6 14 9 13 10 10 7 0 0 7 8 8 2 8 9 15 6 9 12 5 13 15 13 14 8 15 9 6 2 12 6 5 8 11 6 13 11 11 9 10 6 5 11 11 12 9 14
0 7 12 12 6 14 9 13 12 10 7 10 0 16 8 8 2 8 9 15 6 9 12 15 13 15 14 14 8 15 9 16 2 12 6 5 8 11 6 17 11 11 9 10 8 5 11 11 14 9 14
0 7 12 5 6 10 9 8 12 10 7 10 0 0 8 8 2 8 9 15 6 9 12 12 13 15 10 14 4 11 9 13 2 12 6 5 8 11 6 17 11 11 9 9 8 5 11 11 14 2 14
0 7 12 8 6 13 9 9 6 10 7 3 0 10 0 6 2 8 9 7 6 9 12 8 13 15 13 14 7 14 9 9 2 12 6 5 8 11 3 13 3 9 1 10 2 5 10 11 12 5 11
0 7 8 7 6 12 8 10 12 10 1 7 0 13 8 0 2 8 9 15 2 9 12 11 13 15 7 11 8 13 9 12 2 8 6 5 8 9 6 17 11 3 9 9 8 5 11 7 6 4 13
0 7 12 12 6 14 9 11 12 10 7 9 0 16 8 8 0 8 7 15 6 9 10 14 13 15 13 14 8 14 7 14 2 12 6 5 8 11 6 17 11 11 9 10 8 5 11 11 14 9 14
0 7 4 12 6 14 9 13 9 10 7 2 0 9 7 8 2 0 9 14 6 9 11 7 13 11 9 14 8 15 9 8 2 8 6 5 8 11 6 13 10 11 8 10 7 5 11 7 12 9 14
0 7 12 12 6 14 6 13 10 10 7 2 0 9 4 8 2 8 0 11 6 9 12 7 13 15 6 14 6 15 9 7 2 12 6 5 8 11 6 15 7 9 5 7 6 5 11 11 13 9 11
0 7 11 11 6 14 9 13 12 10 7 10 0 6 8 8 2 8 9 0 6 6 8 14 13 11 14 14 8 15 9 15 2 12 6 5 8 11 6 17 11 11 9 10 8 5 11 11 13 8 14
0 7 12 12 6 14 9 13 12 10 7 10 0 16 8 8 2 8 9 15 0 9 12 15 11 15 14 12 8 15 9 16 2 12 6 5 8 11 6 17 11 11 9 10 8 5 11 11 14 9 14
0 7 12 12 6 14 9 12 12 10 7 10 0 7 8 8 2 8 9 15 6 0 12 15 13 6 14 14 8 15 9 16 2 12 6 5 8 11 6 17 11 11 9 10 8 5 11 11 14 9 14
0 7 12 12 6 13 3 13 12 10 7 10 0 16 8 8 2 8 9 15 6 9 0 15 12 15 6 13 8 15 4 16 2 7 6 5 8 10 6 14 11 6 9 4 8 5 10 6 5 9 8
0 7 12 7 6 12 9 10 5 10 6 10 0 2 8 5 2 8 9 15 6 9 12 0 13 15 8 14 6 13 9 1 2 9 6 5 8 11 2 12 11 8 9 10 1 5 9 8 7 4 14
0 7 6 4 6 9 5 13 10 10 7 7 0 11 4 8 2 8 9 7 6 9 12 9 0 15 14 1 8 10 9 10 2 11 6 5 8 11 6 15 7 8 5 6 6 5 11 10 14 9 8
0 7 12 12 6 14 9 13 12 10 7 10 0 16 8 8 2 8 9 15 6 9 12 15 13 0 14 14 8 13 9 16 2 12 6 5 8 11 6 17 11 11 9 10 8 5 11 11 14 9 14
0 5 12 10 6 11 1 12 12 8 7 10 0 16 8 8 2 8 9 15 6 9 11 15 10 15 0 11 8 13 5 13 2 7 6 5 6 8 6 16 11 4 9 2 8 5 11 6 10 7 6
0 7 12 11 6 14 4 12 9 10 7 6 0 13 3 8 2 8 9 10 6 9 12 11 13 15 13 0 7 15 8 12 2 10 6 5 8 11 6 16 6 7 4 5 5 5 11 9 14 8 7
0 7 12 12 6 13 7 13 12 10 7 10 0 16 8 6 2 8 9 15 6 9 12 15 13 15 6 14 0 15 9 16 2 9 6 5 8 11 3 15 11 9 9 6 8 5 11 8 12 9 12
0 7 11 9 6 14 9 13 12 10 7 4 0 11 8 8 2 8 9 12 6 9 12 9 5 15 14 6 8 0 9 10 2 12 6 5 8 11 6 17 11 11 9 10 8 5 11 11 14 9 13
0 7 12 12 6 14 9 10 12 10 7 10 0 16 8 8 2 8 9 15 6 9 12 15 13 15 13 14 8 15 0 13 2 12 6 5 8 11 6 12 11 11 9 10 8 5 11 11 12 9 14
0 7 12 9 6 14 9 13 4 10 5 10 0 16 8 4 2 8 9 15 6 9 12 15 12 15 10 13 5 15 9 0 2 12 6 5 8 11 1 11 11 7 9 10 0 5 8 11 10 8 14
0 7 10 12 6 14 9 13 10 10 7 8 0 15 8 6 2 6 9 15 4 9 12 13 13 15 13 14 8 15 9 14 0 12 4 5 8 9 4 16 11 9 9 10 6 5 9 11 12 9 14
0 7 12 12 6 14 6 13 12 10 7 10 0 9 8 7 2 8 9 14 6 9 7 15 13 15 5 14 8 15 9 16 2 0 6 5 8 3 6 15 11 9 7 7 8 5 11 5 4 9 11
0 7 6 9 6 12 9 12 11 9 3 4 0 11 8 2 2 2 9 15 4 9 12 9 13 13 9 13 8 14 9 10 2 10 0 5 8 11 6 12 11 5 9 10 8 5 5 9 8 6 14
0 7 9 12 6 14 9 13 12 10 6 6 0 13 8 5 2 5 4 15 6 9 12 11 13 12 10 14 8 15 9 11 2 12 3 0 3 11 6 15 11 8 9 10 8 5 8 11 11 9 14
0 7 12 12 6 14 8 13 12 10 7 10 0 16 8 8 2 8 9 15 6 9 12 15 13 9 7 14 8 15 9 16 2 12 6 5 0 11 6 17 11 11 9 9 8 5 11 11 14 9 13
0 7 12 12 6 14 7 13 9 10 7 9 0 16 8 8 2 8 9 11 6 9 4 14 13 15 10 14 8 15 8 15 2 11 6 5 8 0 6 16 11 7 4 8 5 5 11 10 9 9 12
0 7 11 10 6 14 9 13 12 10 4 10 0 16 8 3 2 8 9 15 5 9 12 14 13 15 10 14 4 15 9 15 2 11 6 5 8 11 0 12 11 6 9 10 8 5 11 10 9 7 14
0 7 12 12 6 14 7 12 12 10 7 6 0 13 8 8 2 8 4 15 6 9 12 11 13 15 6 14 8 15 6 11 2 7 6 5 8 10 6 0 11 10 9 3 8 5 11 6 5 9 12
0 7 12 11 6 14 9 12 9 10 7 6 0 13 3 8 2 8 9 10 6 9 12 11 13 14 10 14 8 15 9 12 2 12 6 5 5 11 6 16 0 11 4 10 5 5 11 11 14 8 14
0 7 12 12 6 13 9 13 12 10 7 10 0 16 8 8 2 8 9 15 6 9 12 15 13 15 14 14 8 15 9 16 2 12 6 5 8 11 6 17 11 0 9 10 8 5 11 11 14 9 14
0 7 12 12 6 14 9 12 5 10 6 10 0 13 8 5 2 8 9 7 6 9 12 15 13 15 12 14 6 15 9 16 2 12 6 5 8 11 2 12 11 8 0 10 1 5 9 11 11 9 10
0 7 12 12 6 14 9 13 12 10 7 10 0 14 8 6 2 8 9 15 5 9 12 15 13 15 10 14 8 15 3 15 2 5 6 5 8 8 6 14 11 9 9 0 8 5 11 4 9 9 14
0 7 12 11 6 14 9 13 4 10 5 10 0 16 8 4 2 8 9 15 6 9 12 15 13 15 11 13 5 15 9 16 2 12 6 5 8 11 1 11 11 7 9 10 0 5 8 11 10 8 14
0 7 12 8 6 13 9 13 10 5 7 8 0 15 5 8 2 8 9 12 6 9 8 13 13 15 14 14 8 10 9 14 2 12 6 5 8 11 6 17 8 11 6 10 7 0 9 11 13 9 14
0 7 12 7 6 7 7 13 9 4 7 10 0 14 8 8 2 8 9 15 6 9 7 12 13 15 13 14 8 9 9 13 2 12 6 5 8 11 6 14 11 10 9 8 8 5 0 11 12 9 12
0 7 10 9 6 14 7 12 12 10 3 9 0 10 8 2 2 8 9 15 4 9 8 13 13 15 6 13 7 15 9 11 2 1 6 5 8 4 6 10 11 5 8 8 8 5 11 0 5 6 12
0 6 11 10 6 12 2 12 9 9 4 10 0 11 8 3 2 8 9 15 5 9 9 14 11 15 1 12 8 14 6 12 2 2 6 5 7 5 6 11 11 5 9 3 8 5 11 1 0 7 7
0 7 12 3 6 8 9 6 12 10 6 10 0 12 8 8 2 8 9 15 6 9 12 10 11 15 14 12 8 9 9 11 2 12 6 5 8 11 6 15 11 11 9 10 8 5 11 11 14 0 14
0 7 11 12 6 14 9 13 12 10 7 10 0 13 8 8 2 8 9 15 6 9 11 14 13 15 9 14 8 15 9 15 2 4 6 5 8 7 6 17 11 11 9 10 8 5 11 9 8 9 0
