50 4
96 42 7 6
10 16 2 4
62 45 5 3
21 0 7 1
69 0 3 2
32 0 8 2
29 0 10 3
99 0 9 2
71 0 1 3
16 105 4 10
48 0 7 7
41 0 8 7
84 0 3 3
79 85 8 8
84 2 1 3
9 0 2 10
81 0 2 1
59 98 6 9
42 0 3 1
36 0 2 4
22 0 8 4
5 0 2 2
66 185 10 2
17 0 1 9
62 0 8 7
84 129 6 10
44 155 1 10
13 129 4 8
45 184 7 1
79 45 8 10
2 0 7 2
54 182 6 2
5 0 2 3
87 44 1 5
6 136 2 5
31 115 6 2
67 25 10 10
21 80 1 3
66 0 6 10
3 0 10 10
47 82 7 5
11 139 3 4
28 0 10 10
95 155 9 4
51 0 2 7
100 79 10 6
84 42 10 9
96 40 3 6
76 129 5 4
51 48 2 10
SETUP
0 36 44 17 31 41 39 18 36 28 25 31 44 27 19 36 26 33 43 38 21 30 6 32 39 31 30 15 23 6 37 10 6 14 33 26 41 21 27 9 29 37 37 19 31 32 30 15 12 38 11
0 0 40 23 37 15 21 34 36 18 37 33 24 9 21 14 35 18 28 24 3 17 19 30 6 41 26 7 28 43 16 24 34 11 16 14 26 31 45 21 20 38 13 34 24 20 7 7 39 16 15
0 10 0 11 20 18 34 6 21 26 27 29 26 22 18 10 17 32 5 24 11 22 45 36 27 41 24 41 21 24 39 31 39 17 5 28 32 38 26 47 30 31 13 28 30 41 29 7 29 28 30
0 22 21 0 19 37 14 42 37 20 45 14 37 16 37 1 40 28 25 29 22 11 33 16 24 14 27 32 48 8 38 19 15 44 0 23 29 19 20 35 26 35 24 15 26 26 18 11 15 43 22
0 38 21 46 0 18 10 34 30 13 12 28 30 20 14 29 16 31 33 23 30 31 29 18 32 26 34 22 24 27 37 15 4 35 48 18 42 25 39 29 11 28 21 26 21 31 27 21 36 39 35
0 27 0 14 31 0 25 21 15 34 13 18 23 48 13 35 33 34 17 17 20 28 19 18 15 35 20 24 14 29 20 16 41 13 34 26 16 19 48 32 26 20 3 8 23 17 29 33 23 24 43
0 33 9 42 50 37 0 40 8 22 25 23 45 19 26 19 34 19 29 25 23 37 31 43 5 21 35 12 18 26 15 25 12 0 45 39 21 28 41 17 10 29 18 13 37 24 9 28 3 25 25
0 30 20 32 29 10 31 0 13 15 36 13 32 23 18 32 49 21 36 25 25 12 39 18 44 26 11 49 35 15 38 29 23 35 25 45 37 11 21 29 23 33 30 24 20 29 15 21 30 29 33
0 13 16 5 27 24 20 37 0 28 18 30 49 8 26 28 8 24 22 38 24 24 7 34 23 19 25 33 3 30 36 4 25 38 13 7 43 15 36 31 38 37 24 23 21 23 6 21 34 28 27
0 31 18 4 15 45 21 32 14 0 21 17 3 43 21 25 28 11 26 21 48 22 37 23 12 36 36 10 20 27 28 44 22 5 28 43 39 25 1 16 42 19 41 15 8 31 19 22 23 6 47
0 31 25 25 35 30 30 36 28 34 0 35 31 15 49 30 41 6 22 44 36 35 24 17 15 11 16 23 39 26 23 25 40 21 7 22 27 23 29 3 34 18 38 9 13 3 24 39 29 31 30
0 22 23 25 27 20 26 14 24 39 15 0 42 15 43 13 27 4 23 47 23 38 46 19 21 18 22 21 16 43 41 46 23 40 21 16 21 25 46 38 9 30 43 32 2 33 27 40 40 34 22
0 18 38 31 42 20 21 42 41 44 12 37 0 34 15 19 5 32 14 31 10 16 43 11 35 21 40 25 18 37 16 18 35 22 13 26 18 39 22 45 7 27 21 44 32 28 17 42 29 19 18
0 5 41 42 31 17 39 32 40 16 43 16 16 0 20 41 27 15 17 18 23 25 18 41 41 25 33 32 40 13 33 8 13 49 35 24 32 39 48 38 25 15 17 22 25 18 21 28 38 25 44
0 34 31 24 22 31 41 25 41 27 30 31 10 44 0 36 33 4 28 29 31 28 16 33 17 31 34 10 36 33 36 21 30 25 2 17 38 32 27 31 39 17 12 22 38 14 40 20 31 32 17
0 47 16 16 22 26 8 17 19 46 8 21 7 33 14 0 4 36 12 21 7 37 37 16 16 16 17 7 13 29 23 31 7 8 47 39 27 47 6 30 29 21 19 24 43 31 12 31 16 44 31
0 33 19 13 27 16 29 39 22 24 18 20 27 14 16 14 0 1 27 14 26 26 17 33 23 29 21 47 44 25 27 18 24 28 40 17 27 31 3 26 27 40 27 28 21 17 19 38 28 34 36
0 13 43 35 25 26 16 26 35 30 16 33 36 32 34 38 40 0 24 2 45 32 38 31 46 8 36 41 27 3 10 8 18 8 4 21 29 26 31 26 15 36 29 32 23 24 42 11 16 31 12
0 36 27 19 30 36 25 13 20 19 28 9 2 27 19 38 35 30 0 29 48 26 32 14 3 21 24 19 29 34 27 1 19 26 22 11 24 44 16 21 41 42 42 31 18 18 36 20 2 25 12
0 18 7 15 27 22 26 37 17 10 34 17 17 12 18 18 23 3 40 0 45 7 26 24 18 24 13 20 20 34 48 19 44 42 36 14 40 21 38 26 33 48 31 33 20 9 18 48 14 21 32
0 32 29 44 12 30 18 40 23 24 33 35 44 22 28 40 26 36 20 37 0 6 7 29 20 8 28 14 43 26 26 28 22 13 16 19 25 20 48 29 38 22 28 21 24 11 39 47 14 10 1
0 19 0 21 27 2 12 4 32 21 20 21 38 12 25 11 34 19 10 16 20 0 37 27 19 5 12 38 41 31 15 21 35 26 29 11 30 40 13 20 44 33 44 15 19 34 33 32 9 21 26
0 33 35 18 10 23 36 23 35 36 7 25 34 14 23 30 11 28 18 45 38 43 0 27 43 7 24 36 38 22 45 37 18 30 9 45 21 38 35 12 23 29 24 21 25 9 9 23 16 34 19
0 13 32 23 22 28 22 25 49 35 48 10 32 40 14 13 11 45 16 14 31 7 32 0 20 35 22 32 21 33 14 22 2 45 21 15 42 21 21 30 14 29 17 43 40 28 8 9 13 34 43
0 34 17 37 27 26 22 33 22 35 37 29 35 14 41 22 22 31 15 34 28 31 32 24 0 4 40 22 13 25 21 35 23 29 18 28 48 20 26 46 45 37 10 19 24 10 14 33 26 27 17
0 25 22 27 38 12 43 29 50 35 34 24 10 25 31 13 37 32 20 20 36 12 40 17 9 0 28 25 29 33 31 7 30 44 33 15 11 25 19 33 24 18 27 19 33 30 18 36 42 19 8
0 16 19 28 25 9 23 5 49 31 31 37 4 27 26 27 30 15 44 34 22 26 29 25 31 34 0 22 5 43 39 44 10 48 12 25 19 20 14 45 42 18 18 18 36 4 24 17 16 27 23
0 32 29 27 34 18 14 8 2 24 20 5 16 34 19 4 25 24 33 26 20 48 33 27 23 19 27 0 21 6 1 33 42 27 31 37 20 22 46 46 18 30 33 47 40 30 17 45 6 21 34
0 33 19 31 18 10 44 17 47 23 28 11 24 20 25 42 32 33 8 30 28 35 38 44 31 28 40 10 0 24 37 34 25 38 27 48 22 35 23 21 20 32 29 47 8 16 26 32 35 14 35
0 37 22 29 41 42 25 21 20 3 18 19 37 16 22 40 9 21 35 33 41 30 16 36 27 34 14 25 23 0 26 9 27 28 20 22 12 38 27 4 28 29 25 41 12 19 9 41 36 3 30
0 27 33 29 36 21 40 17 7 17 46 24 24 40 26 25 3 37 5 36 40 27 13 40 27 16 23 23 11 5 0 21 10 13 19 22 22 39 19 26 30 49 16 23 21 23 32 6 30 27 22
0 37 22 19 7 34 39 14 19 18 29 29 31 13 42 19 26 37 32 6 33 36 17 14 16 26 28 27 41 10 35 0 32 46 30 16 49 16 47 3 25 22 27 24 36 25 26 18 29 22 25
0 11 3 32 42 9 34 3 35 11 10 30 21 18 29 21 25 34 27 21 8 49 22 32 4 12 30 19 43 20 28 14 0 32 7 33 36 44 1 39 29 18 31 21 23 18 37 43 42 30 35
0 22 3 10 34 1 21 21 21 17 16 29 14 10 18 50 8 5 5 41 31 33 38 8 35 13 28 1 22 27 18 16 45 0 17 10 12 38 33 19 42 14 14 14 28 44 26 6 27 23 30
0 37 12 25 9 34 27 41 45 50 33 24 31 3 16 37 32 26 7 30 34 19 22 22 2 45 49 33 38 19 17 32 36 30 0 21 5 24 27 39 39 38 32 21 8 18 39 30 19 24 28
0 38 38 22 27 31 43 41 28 23 34 22 39 48 42 34 12 30 19 30 26 35 40 16 17 15 16 20 37 9 22 17 24 7 45 0 33 15 24 14 38 37 21 15 17 38 24 14 21 2 33
0 11 29 20 26 28 32 32 14 36 35 46 32 32 35 21 7 31 32 35 39 23 23 17 14 30 25 31 30 11 6 40 33 31 34 8 0 26 17 32 1 13 35 41 19 30 23 16 40 29 29
0 7 31 10 5 16 36 25 35 19 39 11 29 30 24 12 15 35 21 6 43 17 10 8 28 30 20 10 3 30 33 35 6 15 4 25 18 0 13 15 30 35 26 15 36 27 38 3 46 11 3
0 41 26 17 28 26 19 14 22 22 23 41 11 38 27 7 15 18 8 23 42 23 19 28 33 23 5 38 21 27 18 17 22 29 23 28 10 38 0 35 5 11 42 14 35 11 34 15 45 31 27
0 28 27 22 36 10 14 9 19 36 1 29 33 15 40 16 21 18 48 26 15 49 37 11 19 44 37 46 19 27 33 23 19 16 39 4 20 16 44 0 34 20 25 26 20 30 22 25 26 28 33
0 27 27 33 15 19 26 25 5 17 37 13 39 17 48 29 21 3 21 9 4 38 39 42 33 35 21 37 20 20 13 24 20 36 9 39 31 17 27 35 0 12 30 15 25 32 1 6 43 30 10
0 17 24 42 17 24 35 33 15 40 6 9 28 37 28 29 30 26 39 12 31 26 19 25 6 22 7 22 12 47 19 40 5 30 35 13 13 47 20 28 27 0 27 12 21 35 22 2 5 36 36
0 17 46 13 14 23 2 21 23 34 43 36 32 13 25 38 23 30 21 13 12 42 34 32 39 29 25 12 25 21 21 15 47 24 0 30 35 38 29 5 28 35 0 8 19 37 25 28 7 46 41
0 41 30 10 20 30 36 33 27 13 15 10 17 6 5 23 37 22 26 28 28 40 11 17 23 24 34 22 31 41 27 18 12 10 21 23 19 6 23 34 32 14 18 0 32 26 18 7 34 32 20
0 25 17 31 18 45 34 27 33 22 19 36 35 28 23 23 18 5 39 48 5 24 17 27 43 28 2 36 36 27 21 25 31 43 9 40 37 42 27 32 30 21 29 20 0 33 12 13 34 16 20
0 20 26 24 36 10 34 6 36 16 38 34 27 27 28 14 25 12 21 30 16 38 10 43 11 43 41 25 34 42 28 20 49 31 27 22 27 8 36 34 32 31 22 32 22 0 30 33 30 16 16
0 17 44 45 35 39 22 30 26 32 10 11 42 15 9 42 31 12 22 30 9 39 24 32 31 32 19 22 21 29 38 17 23 18 14 17 36 49 38 15 31 21 6 21 23 16 0 35 32 30 25
0 39 14 7 24 12 15 30 13 21 27 33 45 38 19 33 16 22 19 21 21 30 19 35 20 41 5 26 1 13 30 31 19 21 31 15 34 14 13 33 1 39 35 34 21 14 0 0 29 30 13
0 32 14 32 8 10 18 43 13 12 15 4 20 24 46 28 24 16 18 34 14 22 11 24 40 19 43 41 24 39 36 19 15 29 22 14 10 40 4 3 44 38 10 32 15 14 19 28 0 14 41
0 21 27 34 25 38 38 30 22 38 27 10 24 23 35 14 14 33 16 18 23 26 37 31 16 30 36 14 48 30 9 3 8 25 31 29 1 36 16 32 15 35 28 22 36 37 29 40 9 0 19
0 30 30 38 23 30 16 36 6 42 28 18 11 17 31 26 40 21 11 40 23 25 29 15 38 1 35 39 30 19 28 22 19 40 34 27 46 17 39 8 9 17 40 29 41 31 7 30 38 9 0
