  350
   44  3982     2     2
  100   928     6     4
    2  1605     4     3
   87  4252     2     2
   52  5713     2     8
   83  5121     3     7
   87  5290     1     6
   76   689     4    10
    7  5389     5     4
   88  2056     1     4
   72  6590     6     1
   72  3439     6     2
   69  1271     3     1
   84  2938     2     6
   10  7203     5     5
   29  7097     6     1
   17  4309     8     4
   36  5596     5     4
   71  4164     6     3
   37  4951     3     4
   92   739     1     6
   22  1647    10     6
   65  2213     2     6
   87  4908     7     5
   88  4957     1     2
   82  5512    10     9
    5  4455     6    10
   89  2533     2    10
   14   501     1    10
    4  2863    10     5
    9  1615     6     2
   58  4483     3     2
    4  3791     6     8
   10  3220     9     4
   45  1528     6     4
   55  2297     7     6
   93  1134     1     1
   31  6818     6     9
   31  2987     2     5
   99  6523     7     4
   18  1666     6     3
    2  2369     7     5
   71  2755     5     5
   87  2937    10     4
   86  5307    10     1
   80  2750     1     9
   15  2827     5     4
    3  2409     7     5
   15  1138     6     3
   86  6991     3     7
   39   153     9     8
    7  1877     8     8
    7  1431     2     3
    4  2366    10     3
   93  6786     6     3
   95  6388     2     4
   85   671     1     2
   97  4033     2     2
   83  1713     6     4
   99  1172     2     1
    1  6896     1     7
   91  3328     1     6
   56  5656     6     3
    4  3480     8     5
  100  6549     1     9
  100  7184     1     6
   58  5777     4    10
   93   475     3     9
   31  6794     6     5
   88  1556     5     4
   91  6999     1     2
   49  1252     4     8
   90  3925     3     9
   61  2547     5     7
   35  4189     3     1
   75  2025     2     9
   41  5298     6     6
   50  7016    10     5
   77  4435     8     3
   55  6436     3     8
   35  6800     2     2
   15  4588     9     1
   62  1106     2     6
   42  1023     3     4
   18  6955    10     4
   54   684     7     8
   36   203     4     8
    3   419     1     5
   51  4718    10     9
   18  1917     1     1
    1  1591     4     6
   51  4407     3     5
    9  5246     3     6
   57    40     9     8
   54   679    10     9
    8  4587     3     5
   57    16     9     4
   12  6457     4     8
    1  5063     7     4
   87  6810     6     8
   99   806    10     2
   91  4855     8     6
   35   854     9     6
   89  4732     3    10
   52   194     4     2
   70  5044     2     6
   63  6758     6     8
   92  5492     9     7
   20  4853     1    10
   39  3985     6     1
   47  4721     3     5
   54  4445     2     1
   54  1366     4     1
    8  5828     6    10
   96  5469     6     4
   72  1114     5     4
   62  6513     5     7
   32  5673     1     2
   75  1533     7     8
   12  4024     4     6
   50   382     2     2
   75  3125    10     4
   63  1223     6    10
   58  5628     4     8
   31  3166    10     2
   16  1903     6     9
   66  3008     9     3
   87  3182     8     5
   27  1153     1     7
   66   864     7     6
   74  2784     6     2
   26  1959     2     8
   56  5720     4     1
    9  3639     4     7
   14  6691     6     8
    8  5914     8     3
   78  1475     5     3
   76  6242     2     6
  100  4199     8    10
   97  6329     7     2
   15  3019     7     6
   46  1713     3     4
   51  3567     8     3
   69  4386    10     6
   54   334     8     3
   47  1828     5     7
   41  5501     6    10
   16  6847     2    10
   78   293     6     8
   15  7035     3     8
   27  3664     8     5
   27   676     7    10
   90  2953     4     1
   89  4887     3     5
   84  6304     2     8
   20  6119     4     2
    5  6791    10     3
   49  2105     2    10
    7  2093     3     7
   31   736     2    10
   14  2970     9     6
   80  4877     8     9
   57  2695     4     7
   70  1482     2     6
   88  1309     2     6
   70  2179     9     5
   78   189     1     9
   66  2785     8     8
   46  1213     2    10
   77  4388     1     8
   62  1906     5    10
   61  4233     8     5
   23  6102     3     2
   13  5473     4     3
   30  1411     9     1
   77  6436     2     5
   60    94     9     9
   71  6913     5     1
   92  6076     4     4
   37   388     4     7
   85  6740     9     8
   18  2532     3     9
   64  1064     2     6
   74  2485     2     9
    7   212     7     3
   47   161     5     3
   94  1396     7     1
   11  7003     7     6
   96  2266     7     3
  100  3490    10     7
   42   531    10     5
   10  5236     5     8
   79  1160     7     5
   98  3226     5     2
   80  6718     8     4
   66  2469    10    10
   68  5406     6     6
   57  6907     1     2
   32  5254     8     8
   14  6619     7     6
   34  4088     1    10
   93  7160     4     7
   74  3645     7    10
   56  2983     5     1
    6  5426     9     9
    4  5056     5     1
   32  2211     6     5
   65  5520     7     8
   74  4762     1     1
   23  1080     1     9
    2  5909     2     4
   58  4294     9     9
   41  3613     3     7
   65  6973     3    10
   32  6779     3     7
   47  3825    10    10
   12  7134    10     3
   26   968     9     7
   58  3620     8     6
    8  2193     6     5
   25  4458    10     4
  100  4152     7    10
   17   222    10     3
    3  5618     7     9
   98   170     4     2
   97  6941     9     6
   69   879     8     8
   65  5577     9     8
   53  6641     9     8
  100  6134     7     6
   79  4989     7     3
   86  3521     9     8
   93  6087    10     3
   52  1426     3     3
   42  6504     3     9
   99  4305     9     2
   56  6483     8     4
   74  1508     1     3
   64  2618     7     9
   29  4037    10     4
   96  2589     1     2
   65  1319     1     2
   87  1123     1     2
   37  6202     6     8
   30  1085     5     2
   18   695     3     9
   84  2819     5     8
   41  1011     4     4
   44  1663     3     6
   41  6440     4     3
   48  3205     9     9
   68  6122     3     9
   41  3384     2     3
   65  3427    10     1
   71  4532     1     7
   38  3555     5     4
   61  3160     9     7
   40  5412     8     5
    3  1924     5     2
   14  2593     7     5
   39  4338     7     1
   81  6913     2     5
  100  6115     8     2
   32  3217     6     3
   33  1131     4     7
   42  5412     2    10
   31   315     6     4
   88   407     3    10
   15  6921     2     3
   94  2934     5     2
   16  4444     3     4
   11  2302     5     4
   58  4254     5     4
    3  5567     3     6
   47  1297    10     2
   87  5339     9     5
   21  6262     7     4
   30  4116     4     9
   28  6351     3     9
   64   718     1    10
   71  3349     7     1
   76  2348     3     7
   31  6840     3     8
   11  6733    10     4
   40  5775     3     7
    1  4165     5     5
   49  3080     5     7
    1  1728     1     4
   41  2370     5    10
   51  5005     9     9
   15  4322     9     8
   79  6708     1    10
   32  4711    10     3
   14  3230     8    10
   11  2718     8     2
   64  5843     6    10
   55  1434    10    10
   41  3034     6     6
   52  6250     8    10
   70  1148     3     2
   34  5968    10     7
   68  3486    10     4
   80  3450     7     6
   92  3015     6     1
   70  1845     4     9
   26  4747     6     7
   79  1146     4     6
   90   900     2     3
   55  1656     1     6
    6   289     8     4
   54  1619     5     2
   26  5005     9     7
   81  2638     1     1
   84  1251     7    10
   36  4531     9    10
   21  1206     5     8
   85  5417     4     5
   85   403     5     7
   21  2934     7     1
   25   579     8     4
   35  5409     3     5
   36    48     5     9
    4    80     8     4
   67  2912     5     7
   49  3278     5     9
   15  2799     7     6
   31  1547    10     7
    4  4713     4     8
   56  5833     2     1
   82   589     7     6
   73  5861     6    10
   90  4594     3     8
   50  4075     9    10
   53  2104     5     5
   81   401     8     9
   20  5921     4     8
   78  6852    10     2
   60  1548     4     5
    9  6822     8     1
   33  1301     3     7
   66  1837     1     8
   63  1233     2     2
   58  6306     3     4
   46  4475     3     9
   46  2485    10     2
   94  3629     1     3
   67  5681     7     6
   31   694     3     6
   78  4033     5     9
   88  1408     3     6
