  350
   36 12543     1     5
   28 13879     5     5
   65 15865     8     1
   10 14345     2     6
   26 13712     9     4
   66 13514     9     8
   56 15894     3     1
   18 15045     5     1
   19 12837     4     3
   11 14550     6     7
   30 16088     4     9
   89 14575     6     2
   80 14475     5     9
   68 14479     3     7
   91 15584     1     6
   97 14610     2     1
   35 13043     7     1
   12 14349     6     7
    8 13373     2     2
   98 14808     1     2
   25 14197     8     1
   20 15728     3     2
    2 12625     7     5
   48 13170     9     2
   80 13112     5     6
   79 14406     9     6
   76 12538     6     1
   63 13267     2     4
   28 15228     4     4
   63 14387     3     3
   18 13137    10     3
   64 15238     6     8
   91 15732    10     8
   83 12885    10     4
   73 13466     9     4
   17 13328     8     1
   48 13865     8     1
   29 13244     1     5
   35 15840     4     1
   67 14169     3     4
   39 15261     9     1
   64 15811     7    10
   56 12627     8     5
   19 13619     5     9
   32 14174     1     7
   47 15678     1    10
   16 15696     6    10
   66 14684    10     7
   58 13910     8     6
   23 12952     9     2
   63 13375    10     8
   82 15574     5     7
   43 12564     1     4
   65 13466     8     3
   30 12627     5     8
   22 13142     5     9
   44 15339     8     8
    5 12631    10     9
   84 13876     8     2
   71 14451     3     1
   68 14484     5     2
    2 14479    10     5
   35 13572     8     9
   58 14100     4     9
   85 14830     9     8
    7 14504     9     2
   74 14894     3    10
   33 12579     8     8
   35 15215     1     6
    8 14617     8     1
   99 14214     3     1
   74 14359     9     7
   72 14312     4     1
   55 14308     2     5
   93 15445     5     6
    3 15953     7     7
    1 13869     2     5
    8 15024    10     5
   69 14520     6     4
   58 15246     1     1
   31 15443     8     7
   32 15362     7     1
   40 14703     6     7
   73 15473     8    10
   96 12712     6     3
   70 14796     2     5
   95 16082     5     8
   40 15517     3    10
   74 14894     2     4
   79 13842     4     9
   11 13851     6     1
   41 13262     6     5
   80 15787     3     4
   45 14890     5     9
   99 14829     1     4
   64 14501     3     1
   51 13278     3     1
   72 13606     3     4
   97 14547     3     8
   85 15959     6     7
   80 15690    10     4
   96 12644     5     9
   59 14201     6     3
   52 13886     5     5
   50 14419     6     4
   51 13530     1     9
   55 13722     1     1
   51 15754    10     8
   59 16021    10     4
   24 15709     8     4
    8 14884    10     9
   89 15347    10    10
   55 14954     4     5
   48 13470     7     5
   62 14704     9     9
   51 15132     9     8
   17 15733     9    10
   56 14670     3     6
   90 14533     4     8
   91 14510     2     3
   34 15978     7     5
  100 15850     9     9
   32 15239     9     8
   14 15649     1     8
   45 14623     5     8
   30 13951     9     1
   78 14033     4     9
   95 15367    10     8
    2 15024     3     5
   74 16047     8     6
   80 15210     5     5
   82 14597     2     8
   69 12575     4     5
   38 13295    10     8
   34 15950     8     3
   18 14460     1     8
   89 14291     2     6
   88 13555     9     4
   68 14098    10     5
   47 14195     2     9
   12 13147     6     8
   76 12865     2     3
   36 13426     3     8
   66 15568     2     2
   24 13801    10     8
   97 15597     1     7
   17 14583     2    10
   40 13417    10     7
   53 14150     4     3
    6 12999     5     7
   31 15394     1     9
   86 14011     2     8
    6 12733     5     6
   62 14517     1     6
  100 13544     2     5
   50 14823     2     3
   92 15934     1     7
   77 15044     7     3
   45 14073     1    10
   94 14842     5     1
   51 14974     6     9
   24 13167     7     4
   75 13323     6     9
   19 15015     9     3
   62 13928     6     2
    8 13156     6     1
   37 13358    10    10
   50 15686     8     7
   96 14178     6     4
    5 14922     1     5
   97 13764     1     6
    7 14792     3     1
   81 15254     4     8
   32 14657     5     4
   73 14243     4     3
    4 12938     4     5
   29 14137     5    10
   89 12710     8     3
   44 13822     3     2
   81 15754    10     2
   95 13175     2    10
   75 13099     6    10
   67 13649     1     9
    1 13375     9     5
   36 15083     8     6
   67 14659     5     4
   50 15664    10     7
   28 14901     9     3
   43 13586     3     7
   94 13621     2     7
   21 13626     3     4
   93 16027     9     6
   18 14254     8     1
   96 14415     1     2
   12 14925     7     8
   79 15648     3     2
    3 15038     6     3
   48 15750     8     8
   28 15217     2     8
   99 13100     1     7
   53 14556     1     3
   24 12865     4     3
    6 15358     3     8
   33 13693     4    10
   56 14989    10     6
   78 13485     9     1
   37 14098     7     5
   84 13009     5     6
   67 13661     6     3
   80 15386     2     6
   65 12647     6     8
   61 14303     9     2
   54 15952     7     6
   32 13762     9     7
   61 15144     9     7
   90 14918     4     2
   98 15888     3     1
   11 14691     8     3
   18 13702     4     4
   40 13357     5     7
    5 15778     1     9
   38 14795     7     7
   33 13267     3     2
   22 13916     8    10
   33 13094     9     9
   44 15659     2    10
  100 13447     3     1
   36 15598     6     2
   92 15292     1     8
   28 12548     6     9
   35 12581     6     9
   44 13731     1     1
   52 12880     2     2
   40 15406    10     7
   76 14890     5     1
    7 15335     1     8
   18 12774    10     7
   12 12871     3     5
   90 15810     7     3
   85 13902     7    10
   92 15724     4     1
   55 15924     3    10
   45 15671     8     2
   46 15559    10     6
   86 13569     1     7
    6 14699     6     8
   36 14361     6     7
   83 13340     5     7
   17 13274     6     1
   53 15530     9    10
   23 14164     9     3
   21 12935     6    10
   91 14208     7     7
   56 14898     4     5
   42 14318     4     9
   23 14768     5     6
   99 14440     5     5
   42 15231     6     9
   59 14250    10     7
   90 13615     7     3
   69 15246     1     8
   93 14298     7     5
   34 14813     8     3
   20 15592     2     9
   33 13587     9     1
    9 13586     2     3
   27 14810     3     6
   51 13828    10     8
   21 13924     6     8
   17 14504     1     9
   35 15197     7     7
   13 13532    10     8
   71 14311     3     9
   79 14752     4     9
   58 12974     1     3
   56 15347     5     5
   85 13334     1     6
   93 14802     6    10
   39 12570     9     1
    1 14074     6     6
   46 14215     7    10
   62 14201     8     4
   21 14476     2     5
   36 15889     3     6
   17 12982     3     9
   63 12677     7     4
   59 14541    10     2
   15 14888     9     4
    5 15375     2     3
   17 12674     9     8
    5 15970     5     6
   73 14504     4    10
   10 14439     8     3
   38 14666     2     9
   93 13980     8     8
   42 15492     8     4
   47 15719     5     2
   20 12674     2     4
   92 13204     7     2
   68 13527     1     9
   36 14644     2     2
   26 15867     5     8
   80 14525     2     6
    6 12839     5    10
    5 14502     8     7
   38 14965     2     9
   62 15653     1     4
   90 15303     1     2
   31 13651    10     9
    1 15690    10     5
   90 13260     6     8
   76 15332     6     8
   62 13774     9     9
   11 15203     9     3
   12 15105    10     4
   78 14222     1     7
   74 15346     5     6
   70 13529     9     5
   93 12994     9     1
   78 14605     8     8
   86 13670    10     3
   97 12847     5     6
   51 12992     2     8
   96 15575     9     6
   35 14979     7     5
   44 14439     9     5
   38 14951     6     9
   82 14581     3     6
   63 14579    10     9
   30 15622     2    10
   49 15574     5     4
   98 13107     1    10
   56 15372     7     8
   29 13983     6    10
    4 13413     7    10
   60 13758     6     5
   66 12832    10     9
   66 12949    10     4
   50 12944     6     6
   96 13949     9     7
   66 16105     9     9
   40 13671     4     4
   72 13164     4     5
   27 13762     9     7
   50 12757     2     7
   83 15735     3     9
    5 15451     9     4
   23 15570     9     2
   52 13147     4     4
   97 15911     9     4
