  350
   69  6565     7     5
   10  4789     1    10
   67  6561    10     4
    5  3637    10     2
   36  6582     7     6
   33  7463     2     5
   97  5114     9     1
   84  8074     7     7
   47  3913     4     2
   62  7208     3     5
   49  6549     7     3
   45  8346     3     8
   81  7485     9    10
    6  9268     5     7
   56 10633     1     8
   60  4317     3     5
    7  7221     4     2
  100  6019     3     3
   33  8654     8     7
   43  6766    10     7
   26  5786     5     9
   81  6180     1     2
   35  4764     9     8
    2  4797    10    10
   24  7658     2    10
   20  9084     5     4
   58  7661     1     2
    5  5842     2     9
   41  5215     6     4
   30  5552     4    10
   45  3696     4     8
   10  8198     4     8
   39  6760     4    10
   11  6675     3     1
   15  8253     5    10
   75  9760     2     6
   44 10557     6     6
   11  9786     4     1
   58  7088     8     3
   90  3724     9     7
   73  6247     6     5
    7 10056     6     5
   35  8488     1     5
   53 10151     6     4
   12  8577     3     1
   90  8375     1     3
   13  3722     1     9
   19  5051     8     2
   90  3647     6     5
   45  8795     8     5
   62  8236     7     9
   15  5852     2     4
   25  4228     8     7
   96  9418     5     6
   17  7067     2     4
   49  8304    10     6
   15  7755     1     9
   74  3981     2     5
   53 10564     3     5
   56  9389     8     2
    4  5952     7     5
   97 10679     6     2
   66  6841     1    10
   42  9131     2     4
    8  6608    10     2
   80  4348     8    10
   17  8144     3     9
   51  6418     5     7
   91 10552     1     1
   74  4486     2     1
   41  6561     3     4
   63  6053     8     5
   80  3795     8     6
   76  4303     3     9
   16  5457     6     9
   92  8790     2     6
   65  9096     6     1
   28  5597     6     7
   11 10260     9     8
   54  9161     3     6
   73  3645     3     2
   72  7749     8     6
   69  4266     4     9
   97  4292     2     9
   67  6420     4     2
   85  7752     7     3
   46  9014     3     4
   82 10594     5    10
   58  8152    10     7
   98  8832     5     9
   38  9237     2     2
   61 10523     6     2
   95  8764     2    10
    4  5332     5     2
    3  8907     7     6
    3  4625     1     2
   84  6098     2     2
   19  6305     9     5
   54  7462     7     9
   74  5904     2     2
   93  7209     1     5
   94 10441     9     3
   37  8375     9     7
   73  7423    10     1
   69  3997     4     1
   53 10251     6     5
   65  5467     1     6
   34  9511     1     2
   81  5102     1     2
   75  4980     1     4
   88  7926     3     7
   53  5166     3     4
   46  9147     8     9
   56  8611     8     6
   50  5876     7     2
   13  4821     2    10
   41  5616     7     8
   95  4143     9     6
   95  4668     6    10
   99 10187     6     5
   92  9394     6     4
   33 10324     7     2
   60  9963     4     6
   87  7411     7     4
   36  4909     1     3
   62  8124     2     1
   89  8455    10     5
   19  7426     4     4
   81  3682     1     5
   42  5170     6     4
   93  9748     5     6
   74  7310     3    10
   35  4864     7     6
   30  7377     6     2
   46  3986     4    10
    4  5280     2     7
   82  6882     1     6
   10  5871     6     6
   37  4044     4     8
   62  8402     4     8
   84  7270     6     9
   24  8389     8     5
   15  9986     8     1
   30  5670     6     8
   80  6253     7     1
   64  5116     4     2
   42  6909     7     7
   21  8288     3     9
   58  5678     5     7
   37  7996     4     7
   19  7728     1     3
   50  4325     2     1
   69  7573     2     8
   78  6945     4     9
   36  8155     8     4
    4  8900     5     1
   40  4322     7    10
   24  5863     9     8
   22  5579     8     4
   20  4423     7     4
   65  7451     7     1
   15  4581     5     9
   94  8151     1     4
  100  8734     5     7
   44  8377     2     1
   39  8556     6     4
    3 10432     6     3
   26  4512     2     6
   49  3681     1     9
   40  3730     1     1
   88  9333     7     3
   32  7369     7     8
   64  8537     8     6
    2  8573     5     4
   62  9457     2     5
   44  4044     4     6
   65 10107     8     5
    4  5620    10     2
   64  8750     9     4
   23  5038     4     2
   40 10035     3     8
   82  5731     9     7
   72  5782     5     2
    8  6861     4     6
   59  9094     4     6
    8 10355     5     5
   12  5015    10     6
   99  9835    10     5
   31  5471     3     3
   34  7013     8    10
   19 10676     9     9
   96  9341     9     4
   48  8013     2     9
   12  8080     1     2
   96  7328     5     1
   92  5643     3     9
   50  5890     7     6
   99  7014     2     3
   17  6573     6     4
   98  5989     7     5
   38  7162     2     3
    4  5160     3     7
   30  9776     5     2
    2  4953     9     9
    5 10151     9    10
   92  8487     8     7
   45  5415     5     4
   70  9511     6     5
   95 10526     9     9
    9 10583     3     8
   93  3803     2     7
   34  9814     1     7
   90  5568     3     5
   65  6003     6     8
   42  5929     7     2
   49  3915     8    10
   72  5611     2     3
   53  7363     6     7
   48 10169     7     4
    3  7501     5     6
   87  3629     5     6
   66 10098     7     2
   99  6095     5    10
   34  8060     6     4
   77  7432     8     4
   94  9842    10    10
   25 10122    10     3
   27  9740     4     9
   93  6109     1     3
   42  5948     8     7
   25  4982     2     3
   31  9690     5     6
   45  7526    10     3
   54  4012     7     5
   32  3896     5     4
   50  6930     8     3
   46  8917     6     1
   77  5730     1     7
   19  5695     5     8
   40  8696     5     9
   86  5566     5     5
   12  5916     8     4
   73  7764     5     5
   75  7553     7    10
   76  8338     4     2
   15 10111     3     7
   24  7887     4     9
   48 10368     5     5
   68  6728     1     3
   71  7309     3     3
   51  7123     1    10
   54  6775     7     9
   37  6660     9     5
   49  9636     8    10
   88  4089     3     3
   13 10510     6     8
   43  8732     9     9
   13 10629     4     5
   39  9503     1     7
   35  4094     9     1
   54  5831     1     1
   64  3739     3    10
   65 10202     5     6
   98  9776     2     4
   18  4169     1     4
   97 10517    10     9
   48  5960     1     7
   63  9505     6     4
   74  5500    10     6
   67  8073     6     5
    2  7455    10     3
   59  7485     5     1
   78 10408     3     8
   75  4472     7     8
   34  4291     3    10
   53  8000     8    10
   89  3837     1     4
   58  8597     9     9
    1  7621     5     4
   57  6984     1     7
   29  5159     1     1
   51  3998     7     4
   10 10177     8     6
   65  8237     1     6
   99 10053     4     3
   98 10685     2     9
   77  8001     9     4
   42  8038     2     2
   10 10568     7     3
   16  6758     9    10
   77  8551     3     2
   64  5652     8     4
   79  6915     3     9
   42  8006     7     8
   62  4681     9     8
   96  7503     3     2
   38  7777     8     7
    9  7059     2     5
   58  6262     9     6
   12  9695    10     2
   75  4386     7     9
   60 10135    10     9
   71  6434     6     3
   52  4048     1     7
   34  3861     6     7
    4  7144     8     2
    5  8466     1     6
   23  4117     7     1
   62  4994     8    10
    5  5341     5    10
   79  7519     9     8
   90  6571     8     1
   56  5757     3     4
   89  6950     8     3
   54  4062     9     6
   55  5063     7     6
   86  6889     1     1
   31  8481     7     9
   96  9519     8     7
   96  6710     8     4
   47  4493     7     9
   72  7323    10     9
   60  8781     7     8
   26  7827     2     7
   13  4583     9     6
   21  9880     7     6
   21  4584     4     9
   51  8778     6     2
   30  6193     8    10
   79  7264     4     5
   62  7727     5     4
    4  6998     4     9
   38  6653     4     4
   32 10579     2     6
   56  7464     7     5
   72  6933     1    10
   36  6977    10     8
   61  5184     9     1
   94  7469     7    10
   97  8389     7     8
   66  6943     3     1
   73  4242     8     7
   87  4213     7     8
   21  9119     5     4
   61  7611     5    10
   40  4694     7     4
   75 10600     3     9
   47  3753     6     1
   71  9594     5     2
   71  9373     1     6
