  350
   76 16499     5     2
   33 18694     3     8
   58 11609     5     3
    1 13814     8     3
   16 16673     6     4
   99 11264    10     2
   55 11205     1     1
   72 15047     8     5
   88 17257     3     7
   37 15050    10     8
    2  9050     2     4
   94 10611     7    10
   51  9260    10     2
   71 16515     9     3
    3 15121     8     5
   98 17155     5     3
   11  9314     2     3
   29 11927     7     9
   90 15226     9     6
   41 10685     3     8
   97 12970     3     8
   21 18241     8     7
   45 18430     7     7
   12 16120     5     6
   92  9336     8     8
   13 18797     6     9
   70 15504     7     7
   62 11741    10     6
   68 19341     6    10
   73 13163     5     9
   78 17470     3    10
   44 16284     2     2
    6 12302     7     6
   36  9524     7     3
   45 10542     1     4
   21  9419     5    10
   34 11899     6     4
   99 12859     4     5
   93 15577     2     4
   22  9600     8     1
   35 19021     3     3
   95 15739     3     8
   15 11323     6     1
   86 19392     2     4
   65 12698     4    10
   17 17555     6     6
   83 16992     9     6
   76 13124     7     3
   45  9926     2     5
   72 12662     7     2
   16 14921     9    10
   42 14008     4     2
   93 11348     5     8
   61 13795     7     7
   54 10572     9     8
   84 11796     2     6
   73 13036     4     6
   23 17188     5     5
   46 14648     3     1
   41 12821     1     5
   96 10796     1     3
   24 12562     5    10
   84  9550     3     7
    2 14209    10     9
   59 13198     1     2
   28 11203     5     1
   23 14740     4     9
   93 16209     8     6
   27 15174     8     5
   16 10762     7     3
   14 16920     8     7
   61 14639    10     7
   10 17613     1    10
   28 19355     5     7
   46 14476     4     1
   74 10755     4     9
   45 17355    10     2
   28 11913     2     7
   50 14991     3     2
   89 18393     3     6
  100 15687    10     8
   65 10356     3     2
   31 12845     9     8
   92 18146     4     6
   26 15263    10     9
   84 14529     7     6
   76 10386     7     1
   98 19411     5     4
    7 12162     3    10
   22 16145     9     1
   38 12677     6     9
    3 14069     6     3
   45  9152     3    10
   22 13338    10     5
    5 19390     5     2
    4 13461     5     2
   49 15653     4     5
   28 14575     8    10
   96 10114     3     8
   75 11271     4    10
   43 16449     4     2
    9 18146     2     4
   36 17022     5     7
   53 14506     4     1
   37 17946     6    10
   82 11943    10     8
   27 16373    10    10
   81 15745     8     2
   10 14967     3     4
   76 11808     4     2
   70 14583    10     7
    9 11098     3     2
   41 13276     6     3
  100 18539    10     5
    1  9689     6     7
   66  8983     5     1
   84 13513     6    10
   76 11186     3     7
   63 19506    10     5
   91 16786     1    10
   97 18442     3     8
    1 12627     7     3
   94 11300     6     2
   42 18706     6     8
   22 17076     6     7
   98 11134     2     3
   46 12611    10    10
   71 13173     1     2
   26 16821     9     2
   42 13837     4     7
   45 15556     4     2
   69 13714     4     4
   50 12428     7    10
   81 13023     1     9
   21 19331     9     5
   87 10818     5    10
   63 16077    10     6
   47 16148    10     5
   67 17675     2     1
   72 11489     3    10
   23 19068     3     6
   37 12702     3     8
   81 13699     5     1
   63 12788     9     9
   36 11686     3     2
   81 14499     2     8
   28 12883     5     9
   20 16310    10     1
   57 16796     6     5
   91 12833     4     3
   11 13541     2    10
   54 15683     9     2
   91 16572    10     6
    4 15952     9     2
   95 14833     4    10
   13 14092     7     2
    2 18198    10     4
   41 18556     5     9
   83 18377     8     4
   27 15463     8     6
   82 12837     1     5
   28 14378     1     6
   95  9621     3     9
   32 16376     7     4
    9 18513     1     4
   16  9396     2     4
   18 18306     1     3
   71 15034     3     9
   62 16656     3     8
   85 16425     4     4
   42 17635     5     8
   84 16168     6     3
   21  9571     7     1
   22 11778     9     9
   47  9401     4     2
   57 12368     1     2
    3 17389    10     6
   74 13395     8     1
   76  9123     2     3
   59 14629     6    10
   65 17340     4     4
   86 13775     4     2
   12 10757     6     2
   56 14356     5     9
   90 10171     2     3
    7 16702     1     1
   68  8893     2     1
   91 19480     2     7
   47 15703     5     9
   51 18382     9     4
   18 15387     1     2
   28  8985     7     3
   78 13205     1     9
   13 16120     4     1
   60 16472     6     7
   87 12162     4     2
   28 16627     7     5
   77 15223     8    10
   57 18308     6     1
   90 13728     9     2
   61 12092     2     3
   98 16387    10     9
   74 10340     4     5
   82 12775    10     3
   20 19277    10     7
   20 10852     9     6
   38 16255     2     5
   22 17110     1     2
   94 15359     9     6
   14 16489     3     7
   81 12184     6     2
   58 13144     2     9
  100 10709     6     9
   92 14053     3     3
   13 18611     6     8
   89 11991     8     1
   98 11199     3     3
   80 18616     9     8
   80 11916     1     8
   45 18013    10     1
   31 17443     9     1
   97 18415     1    10
   73 18109     6     4
    9 11092     2    10
   10 14979     6    10
   32 15026     3     1
   95 14365     7     2
   37 12051     4     5
    9 10694     1    10
   51 13118     2     2
   27 16890     3     6
   69 13898     4     3
   49  9950     3     1
  100 18341     8     1
   51 17784     3     6
   68  9671     4     7
   19  9638     7     7
   88 14484     6    10
   90 17893     4     9
   12 16109     5     3
    1 11418     8     7
   70 10522     2     1
   70  9697     8     2
    1 13238     6     5
   61 15686     4     3
   82 19420     5     9
   89 16341     5     6
   59 17997     7     6
   62 18480     4     6
   69 19368     5     3
    4 16455     6     7
   92 16367     4     7
   65 18228     7     2
   76 15009     3     1
  100 18571     5     6
   75 13651     5     2
    8 10480     6     1
   94 13381     1     8
   11 16813     8     6
   16 12285     6     1
   45 17610     4     9
   38 14148    10     2
   85 17294     9     4
   93 18671     8    10
   37 12934    10     3
   35 15523     3     9
   60 19454     1     7
   56 13683     6     9
   23 10452    10     9
   50 17792     5     6
   68 10237     2     1
   24 12981     9     5
   19 19425     6     6
   37 11045     1     2
   24 17330     4    10
   80 15556     1     9
   18 10909     5     1
   12 14116    10     5
   39 13997     7     5
   80  9834    10     6
   81 13928     4     7
   42 10897     4     1
   72 17312     6     2
   45 12601     3     8
   18 17017     7     1
   71 16328    10     8
   20 17363     7    10
   26 18609     4     2
   65 10153     3     5
   31 14621     4     5
   41 11338     9     3
    9 18875     8     4
   68  9213     6     6
   25  9077     9     6
    1 17991     6     3
    4 13259     5     8
   60 15712     3     4
   61 17889     8    10
   60 18053     2     7
   82 17275     4     3
   10 16125     2     5
   27 19402     3     7
    5 10700     2     7
   29 15995     9    10
   63 10891     5     9
   28 19142     6     7
    8 11995    10     9
   81 12911     1     9
   40 13702     5     1
   47 17104     8     3
   60 13856     1     5
   20 18742     1     8
   89 19112     4     3
   31 11613     6     7
   65 11787     5     6
    7 16574    10     4
    2 19053     7     4
   84  9595     1     5
   32 15627     5     6
   67  9650     1     9
   14 15327     6     9
   72 18077     3     8
   75  8970     9     2
   82 15652     1     5
   97 18265     3     3
   76 18072     6     5
   85  9355     5     3
   57 14421     7     7
   37 16405     3     4
   44 18520     6     9
   38 12141    10     9
   46 12975     7     8
   70 18366    10     6
   43 13953     1     6
   75  9414     5     8
   33  9701     4     5
   71 13539     8     2
   82 12521     6     6
   13 13724     5     4
   10 18352     3     3
   29 10069     6     8
   73 18692     7     9
   30 17539     5    10
   17  9625     9     1
    4 10749     4     5
   95  9770     9     5
   23 17310    10     5
    6 10246     2     9
   79 10476     1    10
   54 13381     4     1
