  350
   35  5272     2     6
   55  7483     1     3
   10  8891     4     2
   51  8222    10     4
   64  7961     4     8
   41  2800     6     1
   89  9759     3     7
   52   817    10    10
   73   197     2     8
   22 11844     9     5
   26 12318     6    10
   49   579     9     5
   15  3100     2     7
   30 11549     8    10
   16 11714     8     5
   38  3132     2     6
   55 13003     3     8
   39  6107     4     1
   18  9091     5     7
   23  2356     6    10
   15  2481     7     2
   67  5531     6     6
   82  2394     5     1
   80 10583     5     2
   42 11832     7     6
    2  4865     2     8
   35  7139     5     7
   20  9107     7     8
   87 13994     6     7
   51   406     4    10
   83  8306     4     9
   21  5013     9     3
    6  7890     6     3
   92  2945     7    10
   71 13235     8     6
   70  1598     9    10
   33  5745     2     1
   60  8742     1     2
   22  2415    10    10
    6  5943     6     9
   82  6334     1     6
   47   481     8     9
   55  6523     4     3
   96  9435     4     3
   76 12030     5     9
   71  3985     4     7
   33 12567     7     8
   30 10780     7     7
    9 10092     7     7
   51  7406     1     5
   52 13137     4     6
   24 12573     6     8
   18 12937     8    10
   33  1279     8     6
    3  8904     2     9
   59 10516     4     6
   35  6145     1     3
   37  1791     8     6
   79  5371     1     3
   21  5886     6    10
   88  2198     1     6
   61 13677     4     1
   41 10900     5     3
   93 10088     9     8
   53  2369     2     1
   12  9883     4     8
   62 11687     7     7
   86  8115     5     2
   71  4373     6    10
   83 14102     7     6
   91 14059    10    10
   53 10707     8     6
   30   331     6     5
   46  6330     6     2
   48  5889     3     8
    5 12361    10     4
   16 10315     1     8
   81  4204     9     6
   35  8889     8    10
   25  6154     7     5
   31 11610     1    10
   87  7774     2     5
   48  4475     4     2
   48 10295     8    10
   20  9053     1     1
   51 13380     5     1
    7  6558     2     5
   54   946     2     4
   88   918     3     7
   85 11930     4     7
   74  6832     7     4
   75  3116     3     2
   46 11354     9     8
   15  3480     3     6
   68 13205     1     9
   98 13724    10     8
   26 13363     9     4
   29 10639    10     5
   83  7587     6     9
   97  3483     4     3
   12 10489     8     1
   74  7393     8     8
   49 14191     4     8
   41 10820     3     5
   19 13724     3    10
   96  5828     6     6
   46  8928     4     8
   35  9786     3     7
   76 10032     7     1
   81  3565     1     8
   59  1688     1     1
    7  7390     7     1
   67 11339     2     2
    6  6163     5     3
   55  3432     7    10
   86  6140     3     3
   57  5291     9     4
   62  9991     8     5
   40  7086     4     7
   44  6209     1    10
   47  7668     3     2
   13 13919     2    10
   18  9326     6     1
   92  4770     1     9
   27  3146     7     6
   85  8278     8     9
   90  4242     2     7
   53  2257     5     9
   14  4664     9     4
   72 11829     7     6
   49  5741    10     1
   26   900     6     4
   46  4970     4     4
   97  5679     3     9
   67 11721    10     9
   64  4441     8     3
   92 11507     9     4
   13  6396     3     7
   99 14228    10     9
   68  7287     5     5
   93  9961     4     4
   57  1663     3    10
   75   425     3     5
   60  7048     7     6
   63  7827     9     3
   30  3858     9     5
   46 13188     9     8
   19 13118     7     6
   92 13849     8     9
   85  6021     4     5
   62  5075    10     5
   39  7265    10     1
   98  5687     8     4
   80   148     7     5
   31 12036    10    10
   24  8834     4     9
   64  8427     4     4
   20  2025     1     6
   76 11092    10     8
   78 13091     5     7
   92 13854    10     1
   25  2580     9     8
    3 13992     2     1
   37  4572     3     4
   21  8260     2     6
   70 11460     2    10
  100  9014     3     7
   13  5515     2    10
   82  3604     4     6
   99  8989     2     5
   80 12802     8     4
   74 13566     9    10
   55 10653     6     5
   55 13228    10     9
   34  6361     6     5
   18  4228     4     7
   85  2833     1     4
   79  5296     6     3
   37  3094     3     2
   76  2430     8     2
   63 11318     2     7
   98  8169     2     6
   15  9695    10     3
   60  2753     9     1
   78  8317    10     1
   45  7478     9     2
   84 11588     4    10
   42  2492     5     4
   64  9504     2     7
   60  8427     3     7
   19  1330     9     1
   55  9106     3     8
   84 11007     1     4
   22  1070     1     2
   91 13678     7     2
    4  5015     4    10
   91 12531     2     2
   91  8440     9     8
   16 10530     7     9
   73  1882     7     7
   89  3177     3     3
   96  9079     6     3
   47  1196     8     6
   44 13830     8     7
   51  8054     6     2
   80  7557     5     1
   61  3806     2     4
   36 10888     8     5
   58 12854    10     3
   97  6900     4     5
   11 13318     5     7
   20  9919     1     9
   95   816     7     1
   26  8761     6     9
   80 12673     1     9
   72  9134     6     1
   70  1986     5    10
   63 10008     4     9
   13 11626    10     5
   33 11491     8     7
   22  4182     6     5
   32 12957     9     6
   88  6344    10     5
    6   937     9     9
   53 14028     1     8
   78  5770     6     7
   10  5952     4     8
   44 12306     4     9
   69 14210     7     5
   25  2230     3     7
   16 14189     2     6
   58  3134     9     7
   21 11309     8    10
   63  1132     9     2
    1  2712     6     4
   72  5111     5     1
   42  8690     3     2
   62  6518     9     7
    7  1746     2     5
   99  7291     5     5
   59 13419     4     2
   18   811     9     2
   19  2958     5     3
   53 14236    10     2
   43  9573     4    10
   98  1379     6     2
   25  9118     5     3
   12 11560    10    10
   61 11387     1    10
   38  6492     7     8
   45  8798     7     7
   83  1317     9     5
   69  5196     7     4
   32   889     8     1
   88  2255     9     3
   22  4971     7     1
   10  6659     6     7
   97  8208     2     1
   65  3025    10    10
   78  6616     2     1
   22 10438     6     8
   81  2961     1     5
   35  9751     2     8
   43  7495     4     7
   43  4094     2     7
   36 12463     7     1
   14 12607     8     8
   85 12784     4     9
   97  4729     6     8
   21   100    10     3
   84  5823     8     3
   55  3895     9     9
   38   912    10     4
    2  8782     5     6
    8  3878     1     1
   80 10485     3     3
  100 10161     2     8
   32 12996     7     4
   92  7792     3     3
   60  7296     2     8
   69  5235     3     1
   36  2338     1     9
   43  8614     2     2
   37 10432     1     4
   68  3227     1     9
   30 10869    10     5
   58  1151     7     5
   77  9887     6     6
   27  4824     4     5
   23  4177     8     4
   55  2250     9     7
   48  1010     9     2
    4  7138     1     9
   90 12002    10     5
   91  8505     2     9
   47 11233     2     5
   25 10212     8     6
    4  6860    10     6
   31  9765     7     3
   21   689     5     3
   25  6960     1     8
   14  1336     5     6
   76  4584     6     2
   62  7873    10     2
   16 10118     1     1
   83  8463     6     3
   42  4106     4     4
   16  6027     2     8
   14  7207     4     6
   34 11899     6     7
   75 13324     5     6
   83 12443     9     6
   70 14237     9     5
   18  7685     7     7
   19  8623     9    10
   37  3212     9     3
   47  4301     6     1
   77  9775     8     4
   14 13099     6     9
   73  9126     9     6
  100 13952     7     7
   69  1097     6     6
   21 10137     8     7
    4  6838     7     6
   58 13099     7    10
   11  4390     9     5
   50  3818    10     1
   82  9059     4     5
   15 11250    10     1
   81 13584     7     4
    3  9748     1     8
   39  3958     2     9
   95   667     3     9
   79    80     6    10
    1 11831     3    10
   11 10786     3    10
   61  8543     3     2
   42  1685     7     4
   26  2560     6     8
   75  1498     8     7
   76 13585     2    10
    1  1631    10     3
   57 13942     6     3
   45 13569     2     4
   18  9317     8    10
   76  8312     7     2
   81  2529    10     7
   65 13618     4    10
   53  3835     4     6
   95  1375     5     6
