  350
    3 10544     2     1
   37  9434     7     1
   63  3068     7     1
   94  1601     6     3
   94 10779     6     1
   48  8478     4     6
   52  7720     3     4
   61  4425     6     8
   34  6227     6     1
   29  9465     6     6
   81  2985     3     2
   22 11712     1     9
   12   569     1     9
   53  9962     7     5
   13  1820     3     7
   54  3959     6     9
   21  4943     4     9
   59 11252     9     3
   98  1030     6    10
   42  2850     5     9
   22  8476     6     3
   54   711     5     8
   18  6409     1     9
    5    47     3     3
   18  7674     8    10
   11 11108     8     5
   65  2576     1     6
   27  4921     1     8
   65  1480     1    10
   99  8369     3     1
  100  6867     2     3
   68   220     2     1
   36  5998     9     1
   62  9936    10     3
   61  1821    10     3
   30  4973     7     2
    9  6609     5     9
   12  9542     2     7
   90  9398     2     9
   43  1032    10     9
   41  7202     7     3
   70   579     4     1
   64   939     1     8
   52  7771     9     1
   23 10542    10     5
   77  2759     5     5
    6 11730     4     9
   43  3680     5     4
   35  2207     3     7
    3   955     1     9
   85  6531     2     2
   57 10683     8     9
   56  1666     7     6
    2  1135     2     1
   62 10731     2     2
   74  9341     5     6
   13   439     1     6
   26  1502     2     7
    1  2457     5     3
   77  1919     4     6
   25  9872     4     7
  100  9325     8     6
   44  2139     5     6
   60  4066     5     8
   61  7456     7     9
    4  3961     4     8
   89  9040     1     9
   70  2261     4     7
   16  1699     8     5
   79  6634     2     8
   12  3293     3     6
   56  8901     6     7
   49  7213     7     8
   76  4233     5     3
    8  4867     5     7
   71  5950     8     2
   52  6992     9     7
   13  4793    10     5
   14  9631     2     6
   87  9200     3     4
   15  5749     1     4
   99  4357     3     8
   43  8079     2     2
   70  7416     7     9
    1  5493     7     8
    5  7005     4     4
   44  4952     3     4
   13  5932     9     4
   30  8508     5    10
   44  7409     7     7
   89  7852     2     9
   54  6576     1     7
   43  4930     4     3
   33  9992     9     4
   14 10643     7     4
    4   581     3     1
   37  2149     4     2
    2  7878     7     3
   73  2842     6     7
   52  3848     1     6
   80  2708    10    10
   85  6136    10     3
    7   944     7     2
   29  9922     6     7
   61 10369     5     5
   14  5812     3     9
  100  4067     3     9
   12  5557     5     2
   27 10605     4     4
   14  1894     6     4
   99  2952     8     5
   41  4550     6     7
   12  6252     1     2
   42 11032     9     7
   11   161     3     5
   12 11745     7     9
   46  6232     2    10
   54  5114     7     9
   24  5872     7     3
   75  2936     9     9
   97   718     4     6
   13  1920     1     1
   29  9513     1     5
   40  5649     9     8
   46   107     9     4
   42  8351     9     9
   43  6230     3     9
   82  2256     2     6
   44  4425     5     1
   15  9073    10     6
   33  6104     5     1
   24  7133     6     1
  100  3405    10     8
   40  7049     1     3
   52  5250     1     8
   60  1969     6     2
   54  1056     5     1
   51  9318     5     6
   72  7527    10     4
   80 11662     8     5
   64 11212    10    10
   70 10480     9     8
   20  4407     4     1
   75  5659    10     1
   11  9707     8     4
   30  4569     8     6
   87  5600     8    10
   57  4135     1     4
   83  9683     4     4
   11 11473     5     2
   32  7072     1     2
   80 10402     9    10
   23  1588     5     3
   60  4780     3     7
   20  4246    10     8
   69  1695     3     6
    2  1326     1     5
   62 10477     2     6
   50  3951     6     2
   45  5752     7     6
   77  7745     2     1
   82 10056    10     2
   68  1080     2     6
   76 11150     3     8
   22  5300     2     5
   19  6331     4     3
   35  1315     8    10
   75  6356     6     6
   70  3844     8     9
    6  8843     9     3
   54  6213     6    10
   34  3252     8     9
   76  7518     8    10
   73 10621     1    10
    8  8912     9    10
   87  5420     7     4
    3  3385     8     5
   95  2707     7     9
   43  9556     9     7
   86  1264     3     9
    5  2376     3     1
   74  4823     2     9
   66 11666     2     9
   28  3964     7     3
   34  9603     6     5
   85  4108     3     6
   96  5659     1     9
   35 10930     9    10
   46  2780     4     1
   45  9611     6    10
   79  4877     5     5
   22 10526     7     2
   27  7862     8     2
   47  5958     9     1
   98  9872     9     9
   48  1358     9     7
   66   484     2     4
   32 11187     8     8
   22  7714     7     2
   35  4329    10     3
   38  8225     7    10
   76  2123     4     2
   68  7582     9     1
   14  3939     6    10
   49   940     4     1
   76  4689     7    10
  100  9360     4     4
   51  4326     3     6
   71  7397     3     9
   43  7111     4    10
   36  5590     5     5
   75  9773     7    10
   16   130     5     8
    1  5452     8     3
    2  1932     3     3
   50  9734     3     3
   86  9560    10     9
   98  7592     5     1
   84  8860     1     2
   31   535     6     9
   43  5399     3     1
   63  1933     5     7
   53 11061     2    10
   69  1457    10     3
    9  7891     3     8
   50  9128     3     9
   17  2815    10     9
   75  8376     5     2
   82  8511    10     7
   38 10530     8     1
   10   901     6     4
   20  4932     8     6
   14   849     1     2
   77  8483     4     4
   33  8872     5     6
   62  1789     4     3
   53  1368     2     3
   32  6427     8     9
   12  6116     6     8
   23  8765     7     2
   74  1734     2     9
   48 11706     3     3
   98  6733     3     1
   90  1864     8     6
   49  5353     2     5
  100  8666     6     3
   39 11598    10     9
   34  3108     4     3
   97  4454     2     4
   23  8653    10     1
   64  3644     9     2
   39  9853     4     5
   86 10586     7     8
   17  2901     2     2
    8 11311     5     7
   95  6673     9     5
   67   224     4    10
   24  2321     5     6
   69  3245     5     6
   48  8736     6     6
   62  1047     2     6
   78  4146    10     9
   67  1864     5     2
   75  1896     3     7
   55   825     5     3
   99 10736    10     8
   36  3686     8     9
    7  2193     7     6
   31  5358     7     7
   47  9802     6     7
   30 10958     3     7
    5  7093    10     5
   95  9704    10     9
   28  5887     5     7
   94  8957     8    10
   43  3253     3     4
   27  2748     2    10
   33  8751     9     9
   76  6361     6     7
   24  7202     4     3
   56  5599     9     9
   40 10006     6     8
   62  5251     9     7
   41  4381     5     6
   57  1102     8    10
   69  4757     4     3
   35 11055     5    10
   23  1327     3    10
   93  7079    10     9
    4  2495    10     6
   70 10063    10     5
   54  8126     3     4
   81  6642     1     5
   37   123     5     7
   28 10023     5     1
   35  7467     6     7
   36 10859     4     5
   63  1905     5    10
   42  9660     4     2
   66  4413     2     1
   10 11707     2     7
   72  8813     6     8
   70 11506     4     5
    5  9607     1     6
   99  2895     2     5
   64  8659     3     5
   47  1055     3     9
   25  5644     4     4
   97  5605     1     3
   23  7417     1     5
   48  1041     9     6
   53 11205     1     1
   62  5618     6     3
   10  6293     9     2
   93  3781     5     7
   18  6720     5     2
   79 11050     2     5
   28  3032     2     7
   40  8048    10     2
   71  6325     3     4
   31  5527     1     2
   10  6307     9     6
   25  2646     6     8
   12   365     3     6
   46  6430     3     3
   52   865     2     8
   47  7832    10     2
   81  5485     8     7
   15  2770     6     8
   88  5687     3     4
   47  9899     2     7
   25  2673     9     5
   60  2696     8     1
   17  9600     7     1
   29   475     9    10
   58  5591     2     6
   80  6455     9     6
   76  1530     4     8
   83 11235     5     9
   77   255     9     8
   98  8947     4     3
   31   472     5     5
   29 11460     2     9
   59  2761     1     6
   40  6766     3     7
   22  3437     8     5
   77  9482     6     8
   19  6012     7     1
   50  6469     9     1
   17  5725     7     9
