40 2
4 621 8 5
72 589 6 2
79 476 8 9
38 637 7 4
86 858 3 9
43 933 5 9
42 694 3 10
86 870 6 8
34 629 6 4
77 692 1 10
9 952 6 8
49 852 3 9
17 714 10 5
28 869 8 2
100 490 8 5
44 775 7 4
32 726 9 9
2 910 2 7
12 831 3 5
92 989 1 9
3 674 4 7
59 709 3 5
22 458 9 9
16 627 8 2
82 642 5 1
12 730 7 10
84 573 4 6
44 836 9 2
52 743 1 1
27 774 5 2
30 861 10 4
7 709 8 8
20 796 10 6
24 638 8 7
72 923 6 10
36 504 2 2
25 812 4 1
75 497 8 8
99 900 9 6
69 820 1 5
SETUP
0 16 18 5 29 20 31 19 27 5 18 5 2 23 26 23 23 27 25 14 39 22 29 35 20 35 24 34 22 11 34 24 31 33 19 10 12 16 14 31 27
0 0 19 16 14 15 25 7 4 9 16 20 19 23 16 9 36 19 19 37 18 15 41 9 18 19 32 24 17 35 35 13 18 32 16 2 36 16 44 21 16
0 27 0 18 7 13 32 30 30 35 21 26 37 25 23 21 18 9 24 11 41 25 8 27 11 0 44 13 20 25 16 33 36 36 27 8 30 15 25 25 45
0 9 29 0 22 13 35 25 22 7 22 4 36 2 30 29 21 15 21 30 15 18 24 18 38 7 19 19 28 24 24 23 23 28 19 32 2 29 25 28 15
0 6 26 34 0 13 11 20 20 37 33 14 17 28 26 25 43 24 15 9 27 24 34 40 8 19 28 31 10 33 15 26 15 19 31 12 17 22 28 11 11
0 12 35 37 24 0 32 29 34 11 25 24 19 38 24 15 26 16 15 24 34 15 23 29 32 17 22 18 34 9 7 22 8 11 13 24 9 23 45 23 29
0 25 34 27 16 24 0 26 43 28 1 10 28 23 23 5 5 1 11 16 15 38 20 9 36 17 20 29 11 7 33 12 25 38 22 22 19 12 37 31 33
0 11 32 11 20 25 17 0 36 32 23 26 6 19 13 30 35 28 36 16 20 19 17 29 31 40 0 2 18 30 21 39 19 14 18 12 30 27 7 20 11
0 30 10 31 7 11 14 12 0 24 32 15 25 29 5 40 42 18 36 36 18 12 26 23 10 22 17 26 19 36 31 28 42 20 21 14 12 25 23 5 35
0 5 31 21 11 30 27 3 23 0 13 26 16 32 19 24 33 26 20 18 13 15 25 34 21 25 18 29 23 37 24 24 26 23 16 41 9 30 18 31 26
0 17 9 36 28 2 4 26 11 26 0 6 26 19 36 22 5 14 33 27 25 38 26 0 16 25 20 1 21 17 11 22 35 30 39 18 11 36 22 30 34
0 23 17 29 30 23 25 12 10 12 15 0 20 24 26 13 27 28 44 22 14 24 31 26 37 6 12 21 12 25 34 23 30 25 40 6 14 24 27 24 3
0 11 27 28 32 21 5 35 21 33 4 19 0 16 17 14 30 4 19 3 7 7 12 3 1 24 4 28 29 29 23 22 35 31 11 26 39 26 12 24 15
0 12 28 33 29 34 7 39 23 12 13 16 9 0 26 17 24 28 38 25 13 39 19 26 19 18 35 8 21 43 3 38 12 16 21 16 21 17 36 36 36
0 39 22 27 28 26 18 6 28 20 17 30 16 27 0 28 10 28 23 2 16 15 41 40 25 8 28 34 25 44 36 20 5 33 39 35 21 18 23 18 16
0 33 9 25 18 1 25 18 25 33 6 36 22 22 23 0 10 19 6 18 31 15 27 32 20 17 37 22 15 27 22 14 32 23 21 12 16 28 20 14 8
0 12 27 37 14 22 18 34 34 20 30 15 35 24 36 8 0 5 30 39 5 7 11 21 26 35 9 16 25 45 31 8 26 6 28 30 14 22 16 29 25
0 12 30 30 13 6 23 24 14 37 33 20 33 15 19 38 8 0 26 32 43 38 22 17 13 32 21 18 23 22 24 25 14 25 19 5 32 4 20 23 11
0 10 18 13 27 7 32 27 27 18 23 29 18 26 36 27 14 27 0 2 35 24 35 7 27 10 41 10 29 29 23 30 19 22 13 24 17 13 32 28 24
0 26 29 25 30 40 12 23 20 35 23 18 28 16 40 17 14 17 26 0 15 19 30 34 12 24 36 27 10 9 14 12 8 34 43 32 6 27 44 21 37
0 39 19 38 20 28 43 34 30 16 27 19 22 29 28 29 13 12 20 21 0 21 42 16 6 39 22 14 27 24 24 11 20 15 19 31 42 34 20 34 28
0 32 41 11 6 34 9 23 8 19 15 15 30 24 45 20 27 7 17 18 14 0 31 39 28 30 26 20 28 26 7 4 32 36 8 25 23 43 19 27 27
0 32 11 36 26 28 29 5 19 25 43 24 22 23 10 42 38 17 35 30 20 42 0 26 3 27 13 32 34 20 18 20 22 24 24 17 17 19 34 41 18
0 2 27 7 9 20 18 41 5 39 24 20 37 15 4 6 27 32 17 27 18 30 24 0 7 23 24 13 13 17 29 18 33 21 33 21 30 18 11 17 12
0 24 7 16 19 1 24 21 24 16 20 9 30 26 28 11 8 19 31 26 26 5 17 30 0 16 31 5 29 40 31 23 21 19 10 28 44 27 29 4 36
0 38 16 19 31 22 37 30 31 25 20 27 5 13 28 25 27 16 38 31 23 26 27 21 17 0 38 26 13 33 32 16 26 18 14 6 19 25 7 41 21
0 37 21 8 28 32 19 16 27 33 26 17 32 13 23 22 33 2 15 21 12 16 13 20 38 30 0 7 37 29 13 23 17 36 20 31 28 30 18 12 44
0 36 22 23 30 31 14 8 12 26 43 18 21 25 32 28 23 18 44 30 7 17 29 11 35 25 17 0 30 9 15 41 29 21 22 22 25 27 29 19 18
0 3 21 21 10 12 17 0 7 30 12 23 28 30 8 33 14 20 22 20 9 29 14 34 26 27 12 27 0 13 19 32 26 24 36 12 11 26 45 16 21
0 20 22 21 38 19 36 24 7 31 28 24 19 25 36 25 13 14 21 36 2 24 20 35 17 23 3 21 11 0 37 37 29 25 18 32 7 12 39 3 10
0 34 10 23 33 29 13 25 35 26 15 38 22 22 19 17 44 29 7 22 33 40 10 35 21 21 16 22 16 9 0 32 5 39 11 3 27 23 28 32 14
0 24 12 9 13 8 26 31 14 19 37 25 12 16 31 17 17 31 16 21 38 36 24 14 19 35 34 41 26 19 12 0 29 8 29 21 8 34 17 14 24
0 12 24 32 17 16 27 28 20 24 3 26 34 23 13 13 23 25 17 34 31 14 8 26 32 25 29 1 16 27 0 22 0 9 15 30 10 37 7 13 28
0 18 17 24 32 31 11 19 16 28 31 7 30 30 23 27 25 28 29 18 32 22 14 16 25 35 33 27 20 16 6 43 14 0 44 18 30 21 6 25 17
0 23 16 8 28 9 26 8 24 19 25 8 24 32 7 10 27 27 36 10 36 16 12 28 11 14 18 35 38 5 21 24 21 26 0 33 28 11 37 15 29
0 27 10 24 27 29 27 28 15 28 27 31 9 25 20 30 15 28 10 9 13 39 36 8 9 8 28 22 27 36 31 24 4 18 21 0 4 6 15 34 19
0 21 2 7 34 17 27 19 22 27 24 22 16 33 36 26 24 16 17 15 25 27 10 12 3 12 32 8 24 13 20 42 13 29 19 27 0 3 29 21 24
0 16 21 14 27 20 17 16 12 21 18 16 30 17 30 13 19 24 36 39 2 41 12 22 12 32 41 25 20 26 18 25 30 31 4 13 16 0 19 31 33
0 8 21 25 17 35 22 22 18 43 23 16 8 43 29 11 15 25 9 16 15 29 18 30 21 20 20 40 17 26 31 25 21 39 3 43 13 19 0 23 26
0 25 2 19 33 27 4 11 2 5 15 31 10 35 36 21 22 43 10 22 32 9 4 22 7 24 23 22 11 7 25 28 42 31 33 23 13 17 33 0 27
0 23 22 24 29 24 9 22 15 40 28 19 20 21 8 26 22 27 26 32 27 21 37 16 14 26 20 27 0 18 17 43 14 17 36 19 20 31 4 22 0
