40 2
66 130 4 5
26 101 10 6
8 192 2 5
14 421 1 7
75 155 5 7
40 315 2 3
99 66 2 7
7 216 9 2
27 408 7 4
18 63 5 10
11 127 4 4
96 354 5 5
49 191 8 1
48 353 8 6
75 101 1 9
81 148 8 9
99 203 5 10
70 241 6 4
98 207 4 2
68 235 1 4
58 361 8 1
79 126 3 1
65 374 10 2
66 213 10 4
41 407 4 5
22 137 1 4
41 89 3 6
85 336 8 3
88 285 10 9
1 11 10 3
67 174 6 1
40 9 3 7
65 325 1 9
67 41 9 4
63 80 4 9
50 331 6 10
72 342 10 9
29 103 7 10
28 83 6 5
33 30 7 1
SETUP
0 8 5 22 27 30 17 23 19 27 25 23 19 44 44 7 9 36 25 15 26 16 20 41 45 11 33 37 16 22 38 28 8 24 26 6 25 3 43 30 43
0 0 11 30 28 48 25 52 52 18 36 48 20 19 17 9 32 7 19 26 17 51 37 17 12 44 13 27 37 13 8 29 41 36 46 38 44 25 15 24 29
0 22 0 18 1 42 11 28 14 34 32 27 25 44 25 21 5 26 30 12 25 29 10 32 13 11 22 33 27 33 18 12 44 18 36 2 19 12 13 37 39
0 26 29 0 27 36 2 7 50 15 32 27 17 12 49 33 10 53 15 18 46 35 19 39 24 11 46 24 23 33 45 21 15 30 30 15 35 43 41 41 8
0 13 19 40 0 52 30 23 48 29 29 29 41 34 27 46 44 23 49 20 43 18 44 46 26 33 44 50 25 14 16 21 28 34 18 10 21 46 33 5 40
0 39 37 11 16 0 8 22 27 28 39 25 23 37 36 28 32 36 12 9 10 47 23 2 17 25 20 31 6 50 38 29 51 8 13 26 49 33 40 14 28
0 11 45 27 8 8 0 20 35 29 44 28 5 30 45 29 39 13 7 29 29 48 17 10 25 44 24 22 7 24 28 9 22 15 42 10 37 51 36 10 10
0 38 17 8 20 22 41 0 31 6 43 4 23 20 36 25 29 28 16 17 5 50 40 50 48 39 34 8 26 39 20 20 30 18 40 21 16 28 26 34 25
0 34 45 19 16 15 13 9 0 23 31 30 30 48 14 31 46 52 39 10 31 49 43 21 41 2 19 30 17 44 17 35 52 32 16 16 19 22 25 21 14
0 39 11 40 50 25 33 9 41 0 35 42 40 26 53 43 32 8 20 29 45 21 17 23 14 34 51 44 11 26 24 7 33 40 32 15 20 47 8 42 29
0 13 32 43 50 24 32 23 50 21 0 40 10 29 19 46 33 47 48 24 21 22 29 42 23 14 21 18 17 25 32 46 21 22 18 26 28 44 9 40 21
0 30 28 37 26 20 19 27 23 7 34 0 26 29 38 22 45 15 31 8 38 27 21 22 35 40 44 35 21 26 12 33 20 44 45 29 34 22 34 14 44
0 25 31 30 37 16 35 37 25 23 32 23 0 20 26 8 15 1 38 26 12 46 13 28 52 14 23 37 26 29 25 19 28 16 21 21 51 34 32 25 2
0 20 27 27 49 15 35 40 43 35 27 20 19 0 26 17 21 31 41 27 21 20 2 15 42 42 47 25 23 37 46 28 30 12 50 50 43 18 36 32 33
0 43 15 32 37 21 8 19 33 37 4 28 3 25 0 29 5 2 14 18 24 21 28 24 22 2 32 20 19 47 32 30 20 20 8 37 39 39 23 12 25
0 20 31 29 24 38 42 33 52 36 21 26 17 21 11 0 17 6 27 51 19 21 37 12 14 52 40 39 26 34 53 35 29 20 28 26 8 46 38 36 20
0 33 10 14 38 34 33 20 33 14 29 32 24 2 12 37 0 35 7 37 10 22 43 22 25 12 29 33 42 46 11 28 26 1 29 15 46 34 36 22 7
0 26 42 10 32 27 32 31 7 23 8 29 17 30 44 35 46 0 29 18 16 32 49 13 7 43 15 43 24 27 28 12 7 36 27 10 23 15 35 11 35
0 1 42 24 37 43 32 8 34 31 12 41 33 12 37 38 11 39 0 52 44 34 40 24 36 40 10 14 23 31 28 11 24 1 1 28 24 24 28 35 12
0 12 32 18 49 27 48 42 11 53 38 28 13 27 40 48 7 26 29 0 45 8 26 29 44 22 45 5 51 11 35 10 25 22 22 29 22 27 29 24 33
0 26 38 16 9 37 36 26 9 19 27 11 3 37 39 18 25 22 43 42 0 13 50 51 14 48 20 17 23 44 31 10 24 21 43 24 15 44 25 26 26
0 44 33 1 17 22 10 48 28 2 21 5 20 38 40 7 38 35 22 33 32 0 29 44 40 8 35 18 52 34 26 38 46 26 48 8 13 13 19 19 37
0 28 20 37 39 25 33 6 12 27 30 22 38 21 31 26 9 35 24 43 27 17 0 14 40 20 31 19 15 25 16 34 7 29 17 25 31 29 29 29 24
0 19 22 20 36 15 28 10 28 4 32 37 5 25 31 22 31 19 36 12 40 35 42 0 15 21 14 20 11 17 28 13 29 31 22 28 20 21 44 28 11
0 43 28 13 14 28 31 44 51 25 21 28 25 22 24 22 31 23 27 25 38 17 20 46 0 34 10 33 12 25 31 37 36 34 41 32 41 38 4 26 48
0 17 38 21 30 33 44 36 29 28 6 25 28 20 31 10 32 13 39 24 21 28 33 9 11 0 40 13 45 33 39 25 30 21 12 31 19 29 25 25 48
0 7 29 18 47 29 10 34 19 7 29 31 31 18 18 13 39 29 29 31 27 24 8 31 24 43 0 36 43 29 7 13 12 50 27 33 36 24 8 13 34
0 38 21 13 30 29 38 18 7 38 28 32 11 19 20 9 43 5 29 44 37 21 44 20 37 27 24 0 30 6 27 35 9 44 29 34 37 21 25 47 29
0 31 24 31 32 3 28 23 40 17 20 11 20 47 39 21 26 33 32 11 32 12 23 28 13 40 14 35 0 15 22 27 26 13 11 31 34 28 34 40 18
0 25 32 22 20 11 20 27 9 11 34 26 20 44 3 34 24 24 16 25 25 22 29 17 29 29 14 10 17 0 27 35 44 13 17 47 40 24 11 32 25
0 23 30 11 15 17 5 14 23 26 30 28 42 27 14 29 41 46 47 13 18 17 7 33 30 28 24 30 22 25 0 36 2 25 11 49 29 37 49 16 30
0 1 41 29 46 38 28 10 33 12 20 34 1 33 9 23 26 24 12 38 41 31 29 6 26 30 7 38 27 4 30 0 25 19 46 47 26 26 35 27 36
0 18 9 26 30 25 12 17 12 29 3 35 41 16 14 46 37 52 8 45 19 15 46 4 14 14 45 43 37 46 35 45 0 52 24 33 19 25 26 4 15
0 31 29 34 12 45 24 40 24 29 17 12 22 29 32 33 5 20 16 11 17 29 19 38 36 26 12 24 21 28 26 20 23 0 28 51 17 15 25 37 10
0 15 10 23 10 36 40 29 13 17 25 30 31 34 18 6 34 20 51 43 28 1 14 31 8 14 48 40 19 6 21 24 21 45 0 35 44 26 39 31 50
0 24 21 11 23 24 34 43 36 46 34 53 27 27 10 20 22 33 15 33 19 10 24 14 23 28 20 29 25 35 21 7 9 43 20 0 30 11 41 26 43
0 6 22 17 30 38 32 24 43 24 28 53 29 6 42 29 19 41 50 15 48 28 40 24 29 36 43 27 15 14 20 0 23 25 31 37 0 28 1 28 32
0 15 6 17 33 3 27 28 13 22 19 33 16 24 39 27 39 29 11 21 6 24 27 23 13 44 26 48 38 22 32 13 30 43 6 37 25 0 31 39 2
0 16 7 16 22 48 13 10 26 22 25 16 3 31 23 24 13 33 24 32 5 20 44 26 12 49 32 40 5 16 21 24 23 33 33 18 33 33 0 40 8
0 38 23 29 36 46 28 15 38 53 17 14 48 22 47 41 44 13 26 34 39 17 33 33 22 36 10 32 9 13 53 49 13 13 1 23 22 5 23 0 35
0 37 29 37 14 44 10 13 40 25 36 24 46 53 24 7 15 11 30 34 41 22 9 16 49 49 32 42 41 26 18 27 28 41 13 40 21 48 34 14 0
