40 2
26 279 6 7
77 714 4 4
17 0 3 1
78 0 8 3
22 0 7 3
74 380 6 6
68 0 9 5
72 0 2 2
92 0 4 10
21 0 6 8
27 0 4 5
38 0 9 6
47 452 10 8
65 455 7 3
56 0 10 8
89 250 3 7
28 0 3 4
6 508 5 3
98 0 3 10
38 716 6 1
3 0 2 6
98 458 10 5
73 360 3 4
4 145 3 4
69 653 7 6
48 0 2 10
78 10 1 5
7 272 2 3
51 32 1 9
15 300 9 7
91 446 3 1
71 34 7 5
100 75 4 7
13 274 7 2
65 305 6 4
24 0 10 9
100 669 4 7
7 247 4 5
34 700 1 10
94 370 7 5
SETUP
0 17 37 14 19 17 37 18 14 39 41 1 34 32 32 42 19 35 41 45 17 33 19 27 10 30 37 38 41 25 10 25 23 24 22 15 27 30 20 36 26
0 0 33 40 31 5 18 11 26 46 25 25 27 32 41 30 31 34 19 27 27 21 46 39 43 40 26 23 52 3 1 41 31 43 20 27 38 10 36 34 30
0 34 0 19 32 39 20 36 15 3 25 15 43 35 20 19 39 33 47 35 32 36 14 17 6 25 41 29 12 42 34 30 13 24 41 23 40 16 39 32 4
0 48 14 0 49 46 39 21 7 27 29 47 43 14 43 20 36 32 9 37 47 38 12 26 43 10 42 10 34 11 28 32 36 17 49 23 41 40 15 10 30
0 43 33 24 0 22 30 30 0 50 39 3 44 1 40 34 7 48 12 23 27 19 26 40 22 21 15 11 19 17 38 45 11 9 3 8 21 41 42 29 4
0 27 22 26 43 0 16 30 42 22 24 17 42 14 26 1 29 28 21 36 37 32 31 30 14 43 44 15 46 17 37 28 31 49 27 34 24 32 42 11 25
0 7 43 31 17 42 0 26 16 13 25 50 18 12 5 25 38 15 48 20 32 17 24 24 15 37 38 10 46 41 32 20 38 38 19 31 2 14 46 26 31
0 38 40 43 42 31 37 0 24 11 43 40 38 12 22 26 35 41 5 2 4 18 14 26 27 6 18 26 37 14 29 20 34 18 24 34 46 18 28 35 14
0 13 42 14 6 31 31 14 0 13 27 40 38 17 40 28 41 33 48 8 44 17 19 14 30 44 11 49 32 41 23 32 13 18 25 35 29 31 31 41 35
0 15 16 26 16 28 19 17 18 0 5 9 18 51 12 20 8 13 14 38 25 30 21 17 43 15 44 8 9 24 29 28 22 35 45 17 8 17 17 31 42
0 38 17 14 17 26 28 40 7 10 0 25 14 31 44 34 44 15 17 20 27 38 34 47 37 18 34 23 19 30 13 46 34 27 33 28 16 32 17 31 7
0 35 18 17 38 25 45 19 14 36 14 0 27 27 41 15 12 38 40 11 37 10 22 25 37 29 24 28 27 16 19 46 10 30 22 13 10 48 22 30 18
0 28 29 23 13 33 43 26 45 26 14 48 0 28 23 18 4 25 17 5 12 50 25 20 40 14 31 20 21 44 45 27 23 13 30 35 5 21 37 41 21
0 26 33 9 7 35 34 17 33 28 7 10 29 0 21 24 32 40 31 23 18 39 28 37 38 28 39 28 41 23 36 13 9 43 17 31 19 33 28 24 15
0 9 29 34 47 22 51 11 30 6 51 28 14 28 0 36 13 22 45 37 9 9 47 51 41 1 12 12 40 40 38 4 32 14 36 44 27 26 19 14 9
0 6 39 32 26 21 36 41 15 26 32 8 30 33 27 0 51 21 7 9 49 15 22 12 34 26 11 33 20 18 32 26 21 29 21 40 41 30 18 7 37
0 45 0 23 29 39 22 18 25 35 2 45 10 4 37 27 0 25 32 29 22 19 39 30 43 52 27 15 24 36 40 31 33 25 39 4 39 9 29 7 41
0 21 15 35 10 30 26 30 25 45 25 26 18 12 22 28 12 0 20 33 9 13 14 31 38 36 16 21 41 19 32 34 45 32 29 20 34 20 25 30 0
0 46 25 32 20 34 35 28 43 31 34 25 25 19 30 10 36 15 0 29 14 27 6 28 20 30 47 13 29 44 46 31 10 34 45 37 12 11 43 38 32
0 16 17 44 30 37 43 35 40 22 30 3 33 34 18 9 19 28 49 0 28 7 22 24 40 8 21 4 29 24 12 42 17 31 32 32 34 2 12 37 37
0 25 12 22 35 22 35 45 21 34 26 33 39 1 13 20 24 36 22 33 0 29 12 27 23 39 12 29 26 14 25 40 42 22 8 23 24 14 24 12 23
0 26 29 27 32 18 14 16 17 26 30 30 20 30 14 28 5 31 17 19 27 0 38 25 42 29 21 20 44 32 24 29 25 22 49 44 12 40 31 13 14
0 27 22 36 26 15 4 34 22 9 25 14 23 23 46 28 5 10 28 23 18 15 0 40 47 33 17 35 12 52 42 33 9 19 15 30 25 29 50 35 10
0 18 36 47 27 32 36 29 28 52 19 2 14 1 41 22 50 9 18 34 24 41 14 0 18 3 51 28 44 19 47 1 51 29 40 23 19 49 38 10 32
0 19 9 33 33 28 24 33 39 30 8 29 38 49 27 47 33 42 14 0 36 46 37 33 0 22 23 31 18 34 16 30 22 11 7 26 31 25 10 16 21
0 35 26 27 4 23 47 37 31 30 12 35 20 34 22 23 40 20 23 22 19 35 22 34 41 0 17 18 23 9 19 14 13 24 9 47 18 18 34 44 31
0 5 16 2 17 28 14 41 28 33 29 29 43 11 6 19 20 31 30 18 12 31 24 39 45 25 0 36 46 18 36 20 16 46 12 43 19 33 29 37 20
0 35 11 5 14 15 22 50 27 34 3 45 23 31 23 12 32 15 34 20 31 20 28 27 34 27 32 0 33 18 8 25 15 31 12 28 40 33 19 51 21
0 27 10 31 7 13 16 41 15 7 3 5 42 8 42 25 27 47 43 37 45 28 27 32 12 40 40 30 0 31 34 39 12 31 38 41 22 32 35 32 27
0 41 40 33 15 13 6 24 8 39 38 22 20 18 6 23 35 7 41 17 18 28 9 12 17 25 28 29 41 0 24 40 13 15 25 27 33 5 22 26 23
0 43 32 18 13 30 35 45 43 44 37 29 16 2 21 40 20 10 27 11 22 31 22 19 32 12 32 44 21 38 0 30 29 31 24 28 36 12 49 4 24
0 39 30 23 37 21 34 13 21 44 14 19 22 28 29 49 44 17 8 23 21 17 20 31 19 4 45 26 24 27 35 0 27 38 41 7 20 37 3 31 11
0 21 33 42 18 29 41 22 42 36 12 31 12 38 27 32 1 22 37 36 33 30 44 25 18 38 15 46 27 24 15 50 0 40 39 8 36 26 11 24 27
0 26 36 43 27 16 26 49 17 14 34 18 27 19 28 28 17 13 16 27 38 45 12 33 45 24 23 30 34 15 24 28 32 0 29 20 17 27 30 25 15
0 24 31 35 42 17 15 27 29 19 32 48 36 34 46 10 22 48 17 39 27 22 20 7 47 20 28 8 35 12 49 8 12 28 0 8 46 16 45 21 37
0 24 32 28 33 20 19 17 35 35 11 14 11 26 29 7 8 9 38 38 25 18 4 17 37 29 15 0 26 30 13 23 26 28 46 0 22 27 23 34 18
0 14 24 33 37 23 36 25 33 16 50 10 29 19 15 17 43 32 21 4 13 40 10 19 52 38 11 39 17 6 36 35 16 28 30 26 0 28 28 31 20
0 14 9 34 28 26 13 52 14 29 17 20 11 28 15 33 10 27 20 14 36 37 25 15 39 38 34 22 8 39 17 24 28 5 23 27 50 0 17 4 16
0 42 11 27 9 22 40 33 22 15 25 32 38 17 39 48 31 29 23 21 14 21 10 23 10 13 10 36 20 49 20 38 20 3 36 30 23 30 0 35 36
0 39 12 26 31 18 20 25 15 28 25 26 13 32 32 24 38 31 13 11 46 22 22 19 10 19 24 21 46 47 22 30 20 21 31 36 36 24 29 0 40
0 46 7 44 15 10 6 27 47 37 31 5 34 2 42 34 22 45 15 34 31 26 28 27 24 46 6 31 33 1 16 38 24 24 24 26 9 48 49 22 0
