40 2
80 703 6 8
57 1310 8 3
81 854 4 6
87 434 9 8
75 1225 10 8
84 991 2 1
97 1191 2 8
9 1404 10 7
88 1297 10 2
69 929 8 1
90 384 1 8
36 1140 10 1
83 1059 7 6
9 471 7 1
75 1367 3 7
30 951 9 7
48 875 9 2
53 1387 2 9
43 1228 7 6
56 425 6 5
3 1227 8 1
7 1076 10 5
64 1115 4 3
81 1186 8 7
94 992 5 3
25 375 6 8
86 451 6 8
76 367 8 5
96 591 5 7
20 1090 10 10
35 355 2 4
14 856 10 1
11 1339 10 7
52 826 5 2
17 1101 10 8
74 441 1 9
72 1024 6 1
39 1333 2 9
13 1207 2 1
35 974 8 4
SETUP
0 21 35 11 40 50 34 38 44 18 38 29 18 17 35 22 31 18 39 22 4 33 33 24 42 35 13 35 22 45 11 20 13 37 53 33 33 22 32 27 14
0 0 19 8 10 14 14 21 7 23 48 39 20 30 17 18 38 36 53 27 8 39 13 25 37 38 14 45 52 15 34 31 40 39 23 9 0 3 0 17 32
0 13 0 15 40 30 25 30 27 17 11 23 34 7 23 32 17 1 18 44 15 15 31 11 27 26 32 25 32 41 12 49 28 40 28 19 32 21 28 34 25
0 27 12 0 25 51 24 38 48 22 21 20 7 21 8 9 29 45 23 12 38 44 44 10 37 6 32 37 7 24 49 29 14 27 40 11 28 14 36 0 24
0 47 46 13 0 45 15 30 37 47 28 16 9 44 27 19 28 15 20 35 43 27 25 5 31 22 38 28 21 27 33 8 35 30 23 11 35 1 9 41 26
0 34 28 11 47 0 31 28 19 21 16 23 27 10 20 27 30 27 5 26 36 12 20 53 15 27 16 45 23 15 44 10 3 44 11 26 19 37 33 29 27
0 24 40 36 25 16 0 27 30 11 27 44 10 32 38 41 52 33 24 39 31 31 33 22 29 14 39 44 40 41 31 25 24 25 30 38 37 7 5 29 23
0 25 29 24 44 31 48 0 6 29 35 35 41 21 20 36 24 17 6 34 37 46 17 17 31 12 14 28 29 14 40 34 32 18 20 27 18 24 18 32 50
0 24 38 29 5 23 27 13 0 12 14 39 17 22 37 26 30 28 38 19 49 32 19 3 23 27 3 45 17 15 23 38 17 38 26 20 39 24 34 20 48
0 43 4 29 35 14 29 49 34 0 43 50 23 34 14 34 29 15 43 42 17 31 25 8 25 16 46 24 26 22 32 20 17 11 41 38 34 19 52 31 43
0 10 18 51 24 33 23 24 29 11 0 30 24 32 32 19 41 49 34 25 36 21 54 31 36 26 20 25 23 38 40 20 42 17 10 26 31 24 25 39 23
0 48 29 4 22 28 37 8 5 23 37 0 26 12 17 34 10 50 39 26 32 20 42 19 28 6 32 17 16 51 27 28 6 45 17 10 23 27 48 29 43
0 33 23 41 20 19 36 24 22 4 21 22 0 11 25 16 19 33 23 25 28 40 54 52 46 17 26 28 38 13 29 31 33 13 25 24 24 23 24 16 41
0 15 32 26 48 53 7 36 31 21 44 36 34 0 25 19 45 17 43 15 23 20 15 21 30 33 11 19 24 12 14 27 24 43 39 51 36 40 17 47 21
0 31 37 48 13 36 35 24 13 51 38 17 43 34 0 23 9 26 26 47 42 48 5 25 25 10 29 18 28 22 25 24 22 25 21 12 27 31 19 45 43
0 48 24 27 17 45 41 19 36 30 47 28 18 19 16 0 26 25 42 9 30 15 38 24 16 20 38 35 32 14 33 33 14 39 38 33 42 37 22 22 29
0 20 36 32 23 19 40 46 31 3 22 38 4 27 2 44 0 32 18 11 12 29 45 7 36 27 14 25 16 14 23 6 50 35 46 48 41 38 22 35 29
0 44 42 19 8 42 38 34 25 35 36 23 15 21 48 27 10 0 30 26 36 17 10 19 39 30 16 21 45 6 21 11 34 40 23 42 20 37 12 23 6
0 23 36 23 42 33 25 31 29 11 22 6 51 23 28 15 25 15 0 4 16 27 21 15 21 45 38 26 38 13 18 35 21 32 28 48 35 38 1 16 29
0 27 40 21 44 22 18 52 23 2 22 11 48 45 4 40 12 25 9 0 33 36 37 31 31 23 10 18 19 44 8 40 25 27 32 32 42 32 34 32 31
0 40 14 7 35 29 29 42 25 7 18 24 30 45 11 14 32 3 10 19 0 31 20 6 52 42 38 35 12 35 19 36 13 30 13 28 22 22 45 34 16
0 16 52 20 14 40 25 20 45 32 13 13 33 7 28 22 43 28 39 41 23 0 29 34 12 40 30 26 25 37 38 23 39 38 41 15 16 30 30 43 12
0 30 24 44 24 33 23 9 16 44 40 41 13 35 46 25 16 17 39 5 34 22 0 18 34 9 19 9 38 31 54 42 17 28 28 50 38 11 7 16 49
0 32 50 18 38 37 37 29 22 21 23 16 39 36 27 29 19 34 35 22 2 19 23 0 5 16 20 26 13 32 30 18 19 22 47 19 37 19 14 26 42
0 30 16 33 24 18 6 40 30 25 40 28 23 29 20 18 22 44 20 52 39 23 34 30 0 51 34 34 27 25 17 26 38 32 11 17 20 25 35 21 16
0 41 37 24 38 26 4 27 44 34 32 29 36 21 38 37 8 28 44 13 22 8 15 20 14 0 49 29 39 28 17 14 26 24 11 8 38 21 17 13 23
0 33 25 38 26 20 29 15 20 22 45 28 24 13 6 12 3 18 44 30 8 4 31 27 28 20 0 16 20 39 27 38 36 6 15 46 22 2 17 29 41
0 3 29 30 50 35 24 33 29 19 22 30 29 17 27 23 25 24 6 27 22 29 12 21 2 25 25 0 13 32 37 21 13 44 42 36 23 14 47 18 42
0 39 28 32 38 31 25 29 45 23 21 23 15 28 21 24 31 45 22 35 39 35 36 32 37 18 21 47 0 10 36 51 14 9 1 42 14 41 49 43 24
0 35 16 30 44 5 21 10 18 28 38 31 35 27 16 24 20 17 38 25 24 51 10 14 29 30 18 33 22 0 32 16 29 31 22 25 18 41 35 39 29
0 38 3 36 14 26 12 27 32 39 22 15 20 34 23 12 36 18 29 3 52 9 52 12 26 40 32 18 19 11 0 33 34 46 12 14 3 21 30 36 40
0 19 27 7 30 26 33 28 46 25 38 18 1 22 17 30 26 9 19 43 26 24 40 1 33 44 27 21 25 34 6 0 21 7 16 33 9 41 51 27 38
0 26 20 4 31 30 43 14 52 46 35 27 40 32 41 28 19 20 24 3 21 46 22 16 15 43 26 33 30 39 17 33 0 26 35 37 23 7 31 27 28
0 46 28 39 42 25 27 17 48 8 26 8 28 34 26 28 22 5 38 45 36 27 19 29 14 38 25 23 25 30 42 51 20 0 40 25 37 13 23 21 21
0 29 0 29 25 4 28 17 22 31 23 25 24 31 26 45 40 26 10 34 45 14 30 24 2 5 22 9 23 1 3 15 11 20 0 17 27 21 26 9 52
0 30 25 11 26 27 34 9 35 6 8 35 36 40 44 40 46 19 5 54 8 18 28 33 21 12 47 25 19 27 28 41 27 31 45 0 4 16 21 48 40
0 25 34 14 38 15 22 25 14 31 53 29 29 35 14 25 43 30 10 30 35 27 51 19 9 21 32 51 25 34 43 17 32 34 45 16 0 25 35 16 11
0 29 40 32 32 23 34 33 44 31 34 33 22 19 40 30 8 9 33 38 43 43 3 26 8 39 17 37 42 33 25 27 7 32 44 37 41 0 15 3 10
0 19 23 26 38 6 20 34 24 24 45 29 37 20 14 20 20 47 29 30 36 33 36 6 11 21 37 28 30 26 16 9 17 47 25 51 24 49 0 37 40
0 26 28 24 23 15 23 32 9 4 29 30 9 49 20 46 9 39 23 34 42 23 27 30 22 18 39 28 17 13 21 54 46 18 22 39 50 24 22 0 32
0 38 31 34 32 8 35 38 36 51 21 10 22 45 35 10 24 38 30 15 14 10 8 23 17 32 17 23 49 17 26 33 36 36 42 26 48 12 45 29 0
