100 4
2 472 6 8
2 0 8 7
2 701 1 4
1 518 2 2
3 0 7 5
7 0 2 9
5 399 8 5
2 0 4 2
15 519 2 10
8 0 7 5
16 465 10 9
9 738 8 5
15 760 5 7
20 0 6 9
9 710 8 4
9 313 1 4
23 303 5 10
25 416 7 10
23 229 7 9
29 715 2 9
11 543 4 3
30 383 7 8
28 0 2 7
41 489 5 10
9 0 7 2
38 736 4 8
43 208 1 9
45 716 2 9
35 383 5 7
37 757 5 7
11 32 6 2
48 0 10 8
31 410 2 5
32 0 8 5
13 0 3 2
55 369 10 8
21 30 1 3
37 0 3 5
38 0 5 5
69 453 3 9
70 716 9 9
63 697 5 8
71 0 2 9
72 395 5 9
85 98 2 10
68 0 1 8
35 553 7 4
53 258 6 6
91 0 7 10
56 722 4 6
57 640 7 6
87 0 2 9
39 0 10 4
69 297 10 7
10 501 7 1
63 0 8 6
32 253 6 3
32 0 9 3
33 42 9 3
78 742 10 7
56 213 5 5
94 481 6 8
74 410 10 6
75 242 8 6
52 171 3 4
92 0 4 7
94 213 7 7
41 679 6 3
96 0 6 7
99 0 2 7
44 249 8 3
75 344 6 5
96 263 6 6
97 557 1 6
53 266 1 3
93 0 9 5
93 564 1 5
38 10 7 2
38 651 4 2
78 0 9 4
84 0 10 4
91 0 2 4
93 65 1 4
70 711 9 3
94 350 3 4
71 689 9 3
95 738 9 4
99 550 8 4
77 103 7 3
56 311 7 2
95 680 8 3
96 478 3 3
64 504 5 2
66 670 9 2
72 0 10 2
46 38 9 1
59 0 2 1
65 92 6 1
82 609 4 1
92 0 10 1
SETUP
0 18 24 20 35 7 14 26 28 26 24 41 26 6 15 22 48 8 30 21 23 27 17 22 29 39 27 17 29 29 15 28 9 39 31 33 15 36 21 17 23 44 21 25 48 39 42 16 27 26 23 43 23 19 17 20 34 41 41 7 29 13 36 25 48 21 21 20 15 5 26 35 27 24 42 10 19 27 7 18 11 43 26 18 19 4 23 37 26 12 32 19 9 25 32 20 33 45 20 37 27
0 0 4 6 29 23 50 32 29 19 14 28 31 34 11 43 29 35 31 38 51 23 36 28 36 21 34 31 13 29 13 42 41 27 32 33 13 10 38 33 34 21 26 35 30 18 23 22 36 40 44 14 18 10 34 11 19 27 28 5 22 34 7 16 5 33 19 21 17 12 30 23 21 11 25 11 33 32 29 28 11 29 25 30 31 29 20 18 46 50 30 21 29 36 44 29 36 28 14 10 19
0 28 0 13 22 15 23 24 31 9 13 25 27 42 20 29 12 10 11 34 34 24 20 19 44 29 18 27 31 9 4 25 15 25 51 20 21 14 35 7 34 29 27 18 24 15 16 13 24 10 33 41 17 5 13 33 38 30 13 30 12 11 41 28 9 26 17 27 20 26 29 21 28 21 32 38 19 24 25 10 41 19 21 34 14 24 17 2 11 26 34 31 24 22 27 7 29 2 33 27 28
0 19 13 0 17 11 16 21 28 38 27 49 47 28 17 22 39 34 46 41 29 26 28 13 39 35 35 28 35 36 21 32 22 32 24 22 14 38 32 30 26 33 39 5 41 31 30 23 22 28 13 43 15 34 16 34 15 6 46 46 33 33 26 19 26 28 32 8 4 28 44 34 18 20 5 36 26 21 31 20 19 17 33 32 12 15 38 35 27 29 22 35 24 12 10 37 22 25 22 22 16
0 41 17 33 0 15 22 37 28 35 18 16 17 4 17 23 33 29 24 20 13 43 1 10 27 22 23 29 21 18 12 18 36 17 26 27 6 18 16 29 22 23 39 26 26 18 35 19 17 31 16 10 14 44 8 20 11 38 33 36 8 7 24 33 15 36 33 32 37 34 30 27 29 33 2 23 18 36 27 12 31 29 31 44 18 30 3 12 22 46 16 38 36 47 33 27 21 39 5 9 37
0 31 16 38 12 0 36 31 25 28 7 31 14 13 38 26 22 16 19 29 28 47 5 29 18 6 13 17 38 32 35 22 28 4 25 22 22 32 21 33 10 32 26 38 37 26 18 13 42 36 32 24 21 36 28 20 3 21 24 35 31 50 24 21 17 8 2 12 22 30 23 20 34 26 21 14 26 17 14 21 30 36 20 32 40 24 37 25 35 16 8 43 14 21 31 15 28 34 34 17 28
0 49 24 46 20 39 0 21 20 21 30 35 11 25 18 25 36 29 26 28 19 9 30 9 27 23 27 43 17 25 21 18 12 30 23 32 12 33 37 31 32 18 8 15 26 32 46 21 15 26 22 17 9 37 36 20 30 28 16 22 26 31 22 17 33 36 22 25 20 13 21 21 28 37 27 33 23 18 33 27 34 27 5 25 15 14 28 21 29 34 35 19 46 18 25 20 41 28 31 14 23
0 18 11 32 35 32 13 0 32 16 24 21 30 24 12 29 22 8 22 34 32 22 8 23 18 30 17 6 28 51 29 43 41 31 12 28 26 30 26 34 31 19 23 40 27 37 46 28 13 2 30 10 24 31 49 36 13 21 26 19 28 23 37 19 21 14 6 32 45 42 31 31 40 18 33 27 30 35 20 22 31 12 45 12 15 48 35 18 13 33 17 13 42 29 15 22 15 26 20 17 24
0 37 29 19 38 9 30 28 0 30 20 13 21 28 37 22 15 18 18 19 34 32 9 33 19 43 37 14 40 29 22 8 42 25 9 34 26 14 26 2 36 24 15 8 16 39 30 24 31 35 23 28 44 10 28 46 19 34 42 50 29 22 35 33 21 13 22 38 35 19 39 39 25 41 19 11 38 43 15 19 16 11 12 7 9 47 30 23 8 49 28 37 28 26 18 15 30 9 25 22 44
0 25 25 28 24 23 27 42 26 0 33 36 27 45 21 32 39 12 23 10 6 37 20 21 26 17 8 36 39 24 25 29 44 11 41 36 43 22 22 30 18 19 14 28 30 35 18 14 24 45 32 40 40 30 22 35 38 17 13 38 12 33 21 43 30 29 26 21 36 33 27 20 9 43 35 33 17 23 51 20 3 12 14 2 11 32 35 23 20 28 26 31 38 20 21 25 12 34 20 29 32
0 22 30 29 10 29 21 7 28 22 0 13 22 18 16 36 30 40 21 45 4 40 12 35 40 22 35 8 22 28 32 31 25 10 19 42 30 38 16 9 15 45 20 30 15 20 21 36 36 25 10 30 33 37 28 37 28 34 17 41 43 17 30 29 32 20 50 27 30 23 49 27 38 26 29 23 29 38 5 24 29 11 37 27 19 29 38 5 23 15 14 43 10 21 34 16 38 28 25 25 43
0 16 39 2 18 35 19 23 13 19 39 0 21 38 24 24 18 31 20 19 7 23 23 16 7 32 8 43 22 27 41 36 29 26 23 25 16 39 46 23 34 35 24 38 26 21 30 18 33 46 24 4 29 39 16 25 18 21 31 28 34 41 17 36 41 36 35 26 21 23 13 43 30 39 35 31 27 19 4 22 19 31 43 20 26 16 38 24 30 23 20 27 6 17 12 25 24 21 32 26 29
0 13 42 21 11 32 11 33 46 17 5 44 0 28 40 32 31 40 28 22 36 27 40 8 35 35 15 19 32 23 34 42 23 41 23 10 30 35 21 19 41 40 42 10 21 37 35 36 44 18 25 20 21 8 29 46 20 16 31 30 6 43 41 38 10 24 31 12 13 22 14 33 10 5 20 10 13 30 35 27 42 11 13 46 16 24 26 20 15 12 50 13 25 34 15 30 9 25 20 34 16
0 35 19 18 35 24 28 29 29 30 32 40 26 0 24 36 7 19 10 33 18 39 18 37 15 47 35 39 32 39 19 14 14 21 23 34 18 20 16 32 16 10 32 4 30 29 31 24 26 50 5 31 24 6 38 21 36 38 38 18 6 9 40 35 30 30 17 24 33 48 23 27 19 27 18 31 28 31 27 41 21 8 33 43 38 49 31 41 40 15 9 25 27 5 26 35 26 24 25 19 15
0 29 22 37 12 45 35 29 33 28 11 24 39 12 0 27 37 17 9 45 25 25 17 32 33 44 25 20 17 42 36 24 17 41 31 42 15 18 39 32 41 21 31 22 39 29 40 6 43 13 37 17 23 30 24 36 7 35 24 16 31 20 43 34 32 32 12 19 22 19 20 32 24 12 19 35 17 12 46 33 32 18 20 31 30 29 5 16 25 15 10 36 43 17 20 32 33 32 41 18 31
0 13 30 27 27 24 7 12 12 36 22 8 30 38 7 0 12 33 36 15 32 29 11 7 36 8 17 36 43 34 6 15 8 24 24 31 28 16 43 17 31 34 15 33 6 28 4 30 30 23 21 32 36 44 23 43 25 26 49 6 21 21 27 24 14 25 22 46 29 12 22 41 26 26 9 23 18 39 25 6 46 39 27 25 26 41 27 22 24 5 8 38 26 18 34 27 43 17 43 28 8
0 15 28 32 33 21 49 39 27 29 18 17 34 16 30 40 0 27 13 34 31 32 23 10 24 37 22 38 31 49 17 20 32 25 40 3 19 28 25 49 21 33 21 16 14 44 29 20 31 21 41 11 27 27 13 43 33 19 39 27 16 20 24 22 33 51 13 37 29 28 42 32 8 27 25 18 33 21 26 16 20 41 32 33 31 28 5 33 21 20 34 23 25 34 34 20 40 25 31 12 10
0 18 19 18 20 17 36 30 16 37 37 24 43 23 43 40 31 0 23 11 18 17 10 42 24 4 4 9 40 37 36 26 38 15 34 19 22 33 27 33 28 14 11 18 3 21 42 33 18 35 38 23 35 22 30 8 8 50 23 26 22 15 38 14 39 41 29 38 25 15 24 12 15 11 25 35 14 36 21 24 41 47 47 24 34 27 10 7 33 30 31 22 35 40 9 41 33 3 32 33 28
0 2 36 24 22 31 43 47 22 32 2 12 24 38 14 20 15 40 0 24 23 11 18 9 14 33 19 27 19 28 36 20 33 33 41 24 33 40 18 25 37 5 32 46 43 29 15 26 42 1 19 22 13 50 19 42 31 26 38 37 3 15 42 25 16 32 44 10 33 41 27 28 25 27 46 31 19 28 18 43 28 36 26 16 26 18 10 16 34 38 21 17 14 38 32 18 27 15 34 12 40
0 20 20 25 28 33 28 15 34 34 31 32 35 50 28 44 41 27 29 0 30 9 19 31 24 29 19 14 17 18 31 13 28 25 44 45 22 42 16 32 15 3 31 2 38 42 22 29 27 15 21 49 15 24 42 22 19 40 23 11 25 12 41 48 39 36 17 41 15 22 19 6 32 7 39 18 27 21 34 2 27 25 20 26 39 21 48 41 17 17 26 39 16 21 13 26 28 46 27 39 45
0 12 17 31 41 27 34 42 14 43 24 8 18 26 36 6 18 18 18 30 0 21 16 22 39 10 15 30 19 27 14 25 30 23 33 21 14 15 8 19 6 20 23 39 31 22 6 43 29 33 27 38 16 16 17 25 22 40 47 36 15 30 27 23 43 21 42 19 37 5 24 44 37 6 12 32 16 39 37 29 17 32 27 22 20 38 38 19 36 11 14 30 16 39 12 29 41 31 15 47 34
0 40 20 49 33 35 13 22 15 19 30 41 29 19 29 32 21 31 33 24 27 0 20 36 11 19 21 41 32 17 39 23 28 10 6 15 24 28 11 32 28 32 19 5 28 45 40 16 1 38 34 30 3 26 20 38 38 27 21 19 28 16 17 33 22 20 23 11 37 21 21 41 27 26 16 45 31 36 12 22 23 14 48 33 13 21 23 30 28 16 35 19 34 17 18 28 9 5 13 23 13
0 21 27 43 19 37 38 41 13 25 23 40 11 44 2 28 16 36 50 35 9 16 0 35 17 17 48 19 6 28 28 38 20 14 14 24 23 19 14 7 28 43 4 35 14 16 14 29 19 44 39 38 23 9 19 21 33 27 33 17 24 12 26 41 26 26 35 22 29 16 15 30 28 1 22 12 22 30 36 26 22 39 40 36 35 33 1 8 27 36 39 35 24 12 37 22 40 19 33 22 4
0 22 25 24 37 8 23 10 36 12 16 44 31 42 7 28 19 24 8 2 17 45 36 0 15 24 7 39 4 11 33 44 32 27 7 32 28 12 24 10 34 20 22 4 16 14 46 17 35 36 24 30 18 9 42 19 35 11 26 23 31 31 32 25 35 30 24 30 20 12 17 14 0 8 42 15 21 17 46 39 26 26 18 6 51 32 25 43 17 47 34 46 10 38 17 24 5 33 23 36 35
0 16 14 8 9 30 13 38 18 39 2 40 11 25 23 34 17 36 7 35 8 16 13 17 0 22 30 14 24 10 27 26 20 22 26 16 20 19 50 18 11 32 22 22 9 30 39 10 32 33 36 35 37 7 18 40 30 27 46 2 10 25 38 25 30 34 34 18 43 19 33 9 7 29 38 19 42 35 29 37 17 25 45 41 42 44 18 36 35 16 27 13 30 31 23 9 13 29 25 18 17
0 41 1 37 33 25 28 4 31 36 29 17 3 34 4 17 21 46 4 38 36 27 32 35 15 0 19 14 4 4 13 25 21 9 33 16 9 29 7 19 9 13 29 14 22 33 22 21 16 22 20 36 30 29 8 26 18 39 28 34 38 36 34 21 9 25 40 20 7 11 32 28 36 21 27 34 28 17 37 19 29 31 43 38 32 36 23 6 30 25 27 26 6 28 28 47 10 46 22 34 17
0 33 17 8 36 18 29 12 36 19 19 16 25 13 38 16 43 47 41 24 36 11 13 34 20 21 0 23 35 13 5 21 38 41 22 19 34 8 14 17 39 5 11 40 22 1 29 36 40 37 26 40 8 34 23 11 21 15 32 11 33 29 36 32 29 40 11 34 26 36 34 40 43 8 33 32 38 35 15 24 20 3 39 22 11 21 22 18 31 3 30 21 40 16 17 27 14 39 34 15 18
0 34 18 39 20 36 18 14 22 22 43 28 11 23 35 22 13 22 25 34 19 22 27 24 8 38 6 0 14 36 32 42 35 29 42 31 34 30 43 34 41 25 17 12 9 23 14 31 25 27 37 11 17 22 35 40 38 28 37 22 11 35 13 16 24 28 40 1 27 39 8 4 31 28 37 31 48 37 36 35 10 36 10 19 18 9 34 23 41 49 38 37 40 14 46 19 13 40 44 34 28
0 14 31 13 30 26 49 32 15 16 46 44 14 13 15 30 44 37 9 24 1 22 15 15 29 13 26 17 0 29 33 27 16 33 23 9 45 17 19 40 39 7 10 19 18 30 13 30 40 30 21 8 4 17 25 28 10 7 16 14 31 3 46 19 20 14 33 11 17 29 26 7 23 37 23 37 6 23 7 35 24 16 41 31 39 30 3 19 24 24 38 26 22 29 2 29 38 21 32 29 40
0 20 16 24 16 27 36 27 6 22 10 11 14 17 38 28 31 13 30 29 27 20 27 34 26 11 36 35 8 0 34 37 37 20 21 22 10 46 35 30 28 16 28 48 30 9 30 26 35 37 24 33 25 31 34 31 18 23 43 27 10 3 21 31 40 42 35 28 29 5 41 19 20 14 25 21 25 10 10 27 36 37 13 8 40 20 10 48 18 9 33 0 47 10 6 17 13 10 17 48 18
0 11 23 16 27 39 35 44 33 20 36 32 29 21 39 24 5 43 25 30 9 16 31 10 39 12 28 21 24 44 0 12 15 27 14 34 29 27 5 33 20 29 6 10 36 24 7 31 14 17 38 33 24 12 41 30 14 30 42 46 34 7 20 18 32 28 34 14 38 36 35 46 31 35 13 35 29 45 21 24 34 12 18 32 37 29 26 27 41 20 23 20 25 11 36 14 21 20 35 21 34
0 49 33 38 11 36 32 22 15 38 30 13 12 9 51 31 22 33 11 28 19 33 21 38 23 8 44 27 36 11 22 0 49 37 16 34 20 5 11 7 9 43 33 32 34 41 22 34 15 10 51 16 31 34 26 8 38 45 19 28 12 44 30 45 44 9 48 13 36 22 23 33 14 19 28 42 30 30 35 4 28 8 17 35 28 19 15 45 26 24 37 17 24 21 16 25 43 16 29 37 25
0 16 17 29 49 41 28 27 15 22 26 26 44 12 22 22 8 19 41 37 32 20 39 22 29 14 33 37 19 4 31 20 0 24 48 36 31 30 19 37 17 40 37 37 50 10 26 13 28 31 40 36 37 19 16 30 43 25 17 28 40 14 44 18 24 24 13 32 16 35 41 20 23 12 27 17 10 35 29 10 20 13 18 12 15 21 40 11 22 24 30 10 10 41 14 16 28 11 34 28 20
0 20 16 29 33 45 24 18 36 26 35 15 11 37 19 23 8 24 8 22 31 12 28 41 24 13 29 36 26 25 5 23 2 0 39 31 25 29 32 5 24 28 39 9 44 11 17 26 36 15 22 40 23 13 26 20 13 37 30 42 23 2 33 11 24 16 38 20 42 32 8 36 13 13 40 5 47 38 31 42 20 21 33 21 23 12 38 15 38 29 27 37 21 34 39 14 29 22 18 14 25
0 27 5 12 33 23 26 4 27 21 15 34 21 21 11 21 34 35 19 18 19 2 9 1 15 29 27 44 38 28 26 14 18 46 0 23 24 33 9 25 4 3 6 31 11 7 37 24 28 10 18 19 0 11 21 12 26 32 17 20 35 24 33 36 26 32 45 21 10 24 7 34 47 18 32 22 31 36 38 43 41 10 27 39 18 20 26 33 14 11 8 22 34 22 10 30 24 19 15 31 17
0 20 22 24 11 34 7 27 18 21 34 28 33 42 8 25 9 23 7 30 39 8 28 29 48 41 23 28 22 19 37 36 37 35 21 0 26 38 36 25 29 19 21 35 31 26 18 35 35 20 18 38 12 13 18 25 38 14 29 36 28 38 38 3 9 30 21 46 32 39 19 20 33 25 34 28 27 30 22 13 36 37 40 40 44 28 27 25 29 21 15 19 45 29 32 29 33 20 41 36 26
0 24 13 33 35 48 28 18 35 28 29 6 37 41 49 24 22 33 4 31 21 33 22 29 17 38 37 11 9 33 11 21 15 10 13 24 0 5 21 36 9 4 19 22 27 8 23 33 30 24 2 24 32 28 22 45 26 26 15 22 16 22 21 30 31 25 51 21 17 23 29 34 45 31 26 17 2 19 22 37 35 25 36 24 24 29 44 11 25 13 14 34 13 10 36 35 1 10 15 25 36
0 3 32 20 31 30 22 15 32 13 17 24 23 23 20 37 32 27 44 24 36 33 12 34 40 12 48 22 31 43 22 11 23 18 23 13 21 0 16 30 39 21 36 34 32 9 47 42 28 35 48 23 25 20 22 2 42 23 19 22 18 36 35 44 45 37 13 14 28 25 16 34 23 24 33 16 25 16 17 7 22 21 23 35 13 11 47 34 32 25 18 16 17 33 27 42 29 16 48 38 18
0 29 18 16 30 36 13 21 27 22 28 48 29 38 42 36 42 29 32 17 3 17 32 33 26 2 33 40 24 16 18 33 36 16 36 13 34 43 0 27 25 14 33 22 12 33 13 31 2 35 26 16 25 41 31 27 24 1 26 34 36 17 26 33 26 26 30 31 38 30 5 16 46 21 17 16 26 23 41 39 26 34 31 21 29 46 20 43 29 42 19 50 19 16 18 27 35 21 30 26 18
0 44 24 28 19 34 16 33 32 33 36 25 29 24 39 39 20 18 22 16 32 27 0 32 35 43 33 39 12 20 23 35 17 21 33 43 32 40 28 0 16 23 1 32 37 1 36 16 45 33 30 8 12 35 46 28 25 29 27 15 24 46 17 15 16 35 17 15 37 21 29 33 6 17 19 22 34 19 37 2 28 32 40 18 33 24 44 35 30 18 7 31 21 21 7 50 38 27 33 35 31
0 44 25 37 29 27 2 27 17 42 5 34 34 20 50 31 12 25 34 36 19 44 14 17 21 22 19 14 35 38 29 18 30 49 26 38 35 29 14 31 0 19 20 27 7 22 38 43 51 23 9 31 16 42 33 38 17 13 15 24 7 16 26 16 19 8 22 37 25 28 4 12 36 33 35 33 42 33 24 9 32 26 34 35 28 16 27 22 11 11 30 34 19 31 15 49 28 18 30 29 13
0 16 27 13 27 14 34 18 28 26 29 5 26 9 35 20 48 43 27 22 17 47 43 44 12 34 13 24 29 28 31 8 31 21 24 25 39 29 13 7 34 0 12 31 28 13 24 34 29 42 13 10 34 18 42 27 22 10 29 24 45 33 47 43 22 24 5 19 33 27 33 39 12 46 37 49 22 23 36 21 25 35 17 6 24 16 48 36 37 33 37 30 33 34 4 46 38 35 29 47 17
0 43 12 25 33 20 24 43 35 34 21 27 39 30 26 12 43 6 2 12 10 24 25 46 38 40 10 48 7 37 29 20 10 25 24 4 20 14 49 14 27 46 0 10 18 24 16 23 4 29 16 44 18 28 33 26 43 33 39 36 12 16 20 17 1 21 5 32 19 38 14 13 13 13 28 7 28 31 20 19 15 28 12 33 17 18 25 17 31 37 36 12 24 36 44 14 26 23 19 20 36
0 35 32 10 31 35 4 24 47 35 27 29 30 34 28 24 41 23 19 32 13 11 28 22 14 44 21 23 49 20 9 29 29 45 23 43 23 34 34 35 1 41 38 0 23 36 24 37 18 2 23 24 30 25 45 13 17 33 15 13 12 42 47 22 29 33 36 27 19 10 8 32 23 17 19 15 36 38 7 30 36 27 4 15 15 24 25 30 27 34 13 18 49 29 45 2 24 23 15 26 19
0 30 18 6 46 8 11 30 33 27 19 18 24 16 34 2 42 31 30 44 11 22 37 34 44 18 17 32 8 37 49 34 29 30 26 13 10 28 28 37 40 18 20 19 0 36 7 39 24 29 37 21 20 10 40 19 10 33 27 19 31 24 23 5 5 44 1 2 18 32 34 32 33 14 35 38 49 18 35 32 23 16 27 18 25 12 14 41 42 16 22 29 28 33 23 39 29 6 43 17 47
0 32 41 21 17 32 16 21 18 23 39 35 20 16 14 21 31 17 29 2 12 26 34 33 8 33 19 31 33 23 26 24 12 43 9 40 32 48 16 5 10 17 18 37 45 0 8 37 18 46 46 33 11 48 41 39 14 34 34 29 41 4 19 3 20 39 28 6 51 28 22 41 39 10 18 37 29 25 16 39 20 28 21 37 35 40 31 6 15 25 8 2 44 16 39 24 30 15 31 27 20
0 36 30 40 26 35 25 24 14 42 20 19 14 33 39 8 43 23 28 14 26 9 14 22 25 7 19 39 26 32 23 18 6 12 7 21 17 26 20 9 26 18 19 45 40 14 0 34 42 27 50 7 25 39 13 27 14 28 0 32 26 19 19 31 2 34 41 13 9 44 26 47 17 6 9 29 39 35 20 20 40 23 37 37 36 31 39 16 5 34 30 2 27 24 8 35 18 14 28 21 34
0 34 24 23 42 23 30 35 37 8 24 25 6 21 29 34 34 38 18 37 34 13 30 31 22 26 34 11 31 17 6 42 28 46 32 19 24 7 31 13 14 26 25 2 12 20 17 0 20 12 15 40 33 24 36 4 24 33 19 22 29 21 1 30 35 33 21 30 20 46 24 31 42 36 17 23 17 43 17 47 23 47 7 40 27 30 33 16 35 34 24 24 22 28 49 26 13 11 13 15 29
0 28 22 33 15 10 23 24 9 7 24 25 33 7 27 30 31 1 28 35 21 17 35 43 26 23 11 19 29 19 28 50 15 28 27 25 24 14 42 38 35 35 35 1 25 29 29 13 0 9 20 38 29 25 5 38 24 16 17 16 22 23 33 35 12 18 19 6 45 39 8 5 29 0 8 39 16 17 20 7 9 18 13 35 15 23 35 14 36 3 21 42 11 13 19 29 17 31 37 15 20
0 16 17 33 17 48 16 16 18 48 21 10 19 38 25 16 34 10 36 8 37 50 29 35 29 10 39 19 23 7 27 30 25 15 36 32 21 21 16 16 39 26 41 13 19 37 9 27 38 0 9 32 5 10 26 33 25 15 19 21 40 26 10 40 38 25 17 39 35 32 28 38 42 16 8 24 41 19 34 29 24 2 11 20 24 17 21 30 12 38 36 28 26 37 31 25 23 22 24 14 13
0 27 8 46 34 23 15 38 38 35 41 38 20 12 23 25 31 23 17 8 39 42 18 24 23 21 18 39 6 18 20 19 47 29 24 39 10 26 20 31 25 29 30 38 28 21 34 22 24 24 0 17 44 21 34 25 30 19 39 31 25 41 37 16 5 25 21 50 10 38 27 49 12 28 27 32 15 26 36 25 23 29 26 17 38 42 16 31 31 42 10 8 19 11 30 31 22 14 37 33 26
0 20 16 50 41 10 23 31 35 32 41 38 11 21 33 46 16 18 19 20 21 30 27 35 31 35 39 24 14 20 15 6 19 27 36 22 33 24 39 31 21 16 35 28 43 24 44 13 44 43 39 0 10 32 29 38 14 29 47 10 6 33 38 4 26 35 42 33 35 28 29 17 26 13 33 31 8 34 32 21 38 38 29 46 13 31 27 25 20 24 29 6 21 22 25 40 20 48 46 27 21
0 46 23 17 10 33 16 21 27 28 19 36 22 35 40 21 11 27 13 19 35 42 16 44 22 19 16 29 44 26 1 32 35 10 20 24 13 28 1 36 21 47 36 23 25 24 44 7 27 36 4 36 0 20 38 21 33 27 26 49 7 37 38 30 30 11 40 34 15 31 37 24 38 27 40 23 2 7 8 19 10 15 19 17 24 23 18 18 22 30 14 21 22 27 32 14 11 36 31 32 27
0 38 22 31 15 10 12 43 25 25 25 30 6 41 34 36 35 23 13 33 34 12 27 38 8 42 45 33 29 25 31 30 19 28 16 31 21 20 24 15 12 19 23 9 24 19 15 26 32 35 37 23 37 0 16 17 38 17 36 42 19 3 23 20 29 32 12 20 31 22 12 15 38 35 27 5 3 44 32 18 44 19 28 23 50 42 26 29 22 22 36 51 28 39 22 31 25 47 32 23 14
0 36 8 35 15 36 29 14 10 21 28 16 41 9 21 22 51 27 37 38 29 20 6 20 26 25 22 45 22 30 29 20 15 35 19 35 22 38 31 23 19 44 6 3 5 6 38 23 43 46 42 6 20 38 0 45 6 31 37 39 29 19 38 39 24 32 32 22 38 13 25 13 21 40 27 31 26 23 25 6 21 26 22 41 16 18 11 10 20 13 29 27 29 43 42 46 17 19 29 36 9
0 51 28 21 37 19 16 44 32 33 19 14 33 34 33 26 31 43 3 48 36 42 27 9 27 40 23 37 44 35 21 17 21 23 25 34 35 34 2 21 31 13 10 27 30 32 14 40 8 33 36 13 14 24 33 0 14 22 19 0 37 14 12 20 33 34 18 18 19 12 9 29 22 22 25 10 25 23 30 1 4 19 33 38 29 45 27 25 23 23 32 40 49 37 23 21 15 10 47 25 28
0 16 28 43 19 39 38 27 27 41 28 47 45 41 23 31 19 23 24 16 46 23 20 31 46 17 3 37 35 35 3 5 40 26 23 20 20 15 3 28 25 11 46 32 33 13 44 29 1 32 21 26 31 36 23 4 0 48 20 27 14 3 42 22 33 24 21 28 26 32 24 31 41 18 31 11 27 28 27 13 23 17 16 22 40 47 16 19 24 26 37 30 21 14 32 12 31 31 12 46 28
0 9 23 44 13 17 25 16 10 28 26 31 21 26 23 19 30 17 38 11 24 23 26 4 23 42 43 18 41 23 17 26 17 29 22 30 10 38 13 4 29 17 30 23 21 20 29 16 19 19 31 36 17 10 40 19 21 0 28 14 18 38 39 33 10 19 33 23 39 19 8 21 16 28 37 18 9 12 29 21 9 13 41 34 40 23 44 28 45 30 51 36 32 45 31 42 32 1 29 32 41
0 19 35 28 12 34 41 27 31 24 22 30 24 23 20 43 20 17 19 18 30 18 20 40 27 7 14 38 43 21 26 17 31 18 38 30 30 17 45 29 26 11 21 37 31 27 36 29 40 16 28 24 43 24 15 17 25 29 0 21 16 33 20 12 23 43 24 17 27 27 45 11 19 3 21 19 26 0 28 12 32 14 38 51 33 32 28 20 15 25 37 22 29 32 28 29 24 47 23 26 24
0 28 15 15 13 19 17 27 21 22 8 27 16 12 35 33 25 13 11 28 29 37 46 8 23 32 12 42 3 27 29 49 7 17 16 20 23 38 48 41 27 6 18 36 26 22 50 36 16 31 4 30 16 21 14 24 42 20 44 0 27 24 35 46 28 17 18 6 43 17 15 26 23 42 42 26 19 16 28 18 29 22 18 32 31 21 31 11 16 18 12 50 14 42 32 14 16 7 11 34 24
0 34 12 12 13 31 20 32 45 42 29 14 40 19 33 24 23 29 36 44 28 30 36 31 9 22 31 26 36 40 30 16 39 19 20 29 19 40 22 19 20 24 26 43 42 24 29 34 34 36 31 24 30 33 46 38 46 5 16 26 0 25 25 25 30 15 40 23 39 11 25 25 27 21 29 20 17 14 48 26 47 2 24 30 34 15 8 6 15 16 24 40 16 39 33 49 36 27 38 30 31
0 22 44 18 35 22 20 16 37 7 10 15 16 36 9 25 40 17 26 5 19 13 23 32 23 24 18 20 42 23 16 30 40 38 35 24 26 18 4 12 22 24 43 29 14 34 28 33 13 25 22 25 35 36 25 41 33 16 45 9 29 0 17 41 15 24 10 32 25 45 34 33 2 36 18 17 15 27 43 16 44 45 49 28 25 41 34 30 16 38 24 13 17 34 3 24 19 10 42 25 33
0 33 10 36 6 26 32 13 19 24 28 32 18 31 32 35 33 44 33 12 27 17 7 26 32 37 33 29 34 16 27 40 31 48 35 20 16 41 39 18 35 39 33 8 37 30 16 28 26 11 23 25 7 15 32 28 40 9 20 37 38 20 0 28 6 11 33 17 22 47 12 23 29 14 33 31 37 22 12 25 8 20 25 9 42 32 21 28 26 49 11 28 23 18 50 22 17 19 23 28 4
0 32 28 7 9 36 14 13 15 37 33 2 46 39 24 26 19 27 25 34 35 17 25 19 32 16 50 37 34 15 33 15 21 23 22 15 15 17 24 32 33 16 8 26 41 45 47 23 19 10 22 23 25 16 28 42 23 51 26 30 42 19 25 0 47 17 28 19 35 38 17 33 22 17 37 33 28 34 19 12 24 32 19 23 27 24 44 23 45 20 10 33 30 35 25 14 19 41 19 39 47
0 21 21 18 32 48 17 33 37 15 23 36 42 29 2 20 49 16 11 17 42 32 12 6 37 13 33 24 28 25 24 11 25 13 38 46 29 25 33 34 32 25 37 18 14 17 10 11 34 15 6 31 26 24 13 24 38 7 49 45 12 8 34 33 0 40 15 21 12 18 29 14 5 13 22 24 45 44 26 23 22 14 11 29 28 25 45 39 32 29 33 29 25 23 16 31 15 5 29 34 17
0 10 30 15 26 34 19 10 15 45 40 17 4 7 38 25 32 19 32 12 37 16 34 11 29 25 21 7 18 20 36 14 14 16 35 16 51 20 12 31 28 26 32 25 24 5 16 15 30 20 51 33 32 25 26 29 32 25 27 10 27 35 36 20 36 0 14 29 20 28 30 21 36 30 10 32 26 37 28 33 8 30 40 14 38 37 10 43 38 15 24 20 32 37 21 46 35 17 22 49 41
0 45 50 44 17 7 47 23 17 20 44 36 20 18 44 37 9 20 36 7 39 37 28 22 31 5 36 25 19 29 34 14 32 30 47 34 25 18 7 33 17 18 26 20 21 37 19 32 20 22 37 44 39 45 17 25 29 19 35 41 19 41 44 18 41 30 0 42 21 26 17 28 5 15 44 23 36 14 16 22 44 36 32 25 29 40 44 24 34 32 47 42 42 22 14 45 8 8 19 25 23
0 38 14 23 38 3 27 32 23 27 28 34 27 24 21 22 21 30 39 16 13 10 17 21 25 10 26 45 27 47 33 26 7 26 30 6 24 27 32 17 3 24 32 6 30 40 19 25 37 18 24 9 15 45 11 18 39 21 19 14 21 24 24 36 25 29 22 0 21 51 24 26 28 28 33 17 27 21 33 5 26 14 15 17 41 11 10 39 46 31 11 24 40 18 19 24 27 19 1 12 38
0 19 24 5 20 14 26 16 44 21 13 23 22 7 40 27 44 23 22 39 32 13 24 33 20 18 15 19 36 23 32 27 20 39 21 9 13 26 30 40 46 31 27 22 16 33 26 33 17 25 34 34 41 5 49 23 12 28 16 35 16 51 8 15 40 14 27 16 0 17 26 41 16 28 29 34 34 36 24 15 22 23 31 23 35 30 18 11 25 22 41 22 30 26 32 34 31 35 21 6 18
0 33 30 8 36 34 28 47 36 11 16 23 24 31 2 17 35 21 2 24 29 24 16 26 23 24 26 18 16 34 45 32 18 12 2 20 24 26 18 22 0 20 28 38 5 26 38 37 31 39 3 38 46 19 45 21 23 22 10 28 44 39 18 27 12 21 42 36 34 0 20 28 38 21 23 2 25 28 32 28 24 5 35 7 17 41 37 34 36 27 12 15 37 42 3 39 14 48 9 32 36
0 21 38 20 36 18 1 19 27 9 18 17 30 35 32 39 10 26 33 13 46 18 30 13 8 32 28 45 12 21 15 33 6 25 23 10 28 5 32 15 30 22 13 13 26 8 22 20 28 24 28 3 20 28 13 10 12 26 16 24 18 25 22 14 18 25 20 26 45 33 0 33 10 11 14 35 35 22 39 31 22 13 30 33 20 13 13 25 23 17 23 19 31 6 39 10 26 30 15 37 29
0 34 33 49 26 22 36 44 21 42 28 18 27 46 26 34 17 19 22 28 40 15 21 40 8 3 2 26 23 16 20 39 28 16 9 14 5 31 0 7 27 21 23 30 45 21 0 24 19 36 31 17 11 30 24 35 1 41 6 45 25 13 15 42 23 16 16 23 34 22 32 0 32 20 22 26 39 40 41 21 32 31 19 44 34 16 24 19 6 25 26 6 29 39 20 35 31 4 24 37 41
0 18 35 19 32 5 3 20 28 37 44 15 16 17 30 22 24 43 36 38 39 34 20 40 33 32 36 29 4 39 15 14 23 13 11 41 34 20 19 15 16 19 28 27 20 1 24 22 33 31 22 39 24 22 39 30 30 38 30 26 16 39 9 9 18 33 4 26 23 40 41 35 0 21 21 22 18 0 50 14 17 9 12 19 22 25 16 20 39 25 38 24 17 29 29 39 40 26 24 13 27
0 28 23 48 17 9 13 36 23 29 24 16 11 18 22 38 44 3 28 25 30 33 31 30 8 24 24 28 40 28 19 3 35 15 36 13 41 23 19 25 23 12 6 33 5 40 17 42 16 30 25 41 33 42 10 14 34 48 15 45 37 23 26 19 20 20 38 10 26 16 8 24 20 0 3 36 36 29 33 6 39 7 17 38 8 41 37 4 31 34 19 14 4 18 27 18 26 24 14 10 8
0 11 43 27 36 30 21 32 28 18 6 27 32 11 43 10 29 25 7 42 25 42 10 7 4 43 13 3 32 46 37 9 39 24 44 16 21 20 20 34 38 28 27 16 15 12 35 24 6 36 16 14 26 17 47 21 11 23 8 31 5 16 11 42 30 45 18 43 25 17 37 36 10 34 0 9 23 32 33 43 22 16 5 16 22 16 27 36 38 27 39 24 35 28 6 25 19 22 15 24 43
0 24 28 31 45 31 27 23 25 37 13 34 2 16 22 38 34 35 20 31 20 22 21 15 19 42 25 10 23 30 28 20 22 16 36 11 29 19 13 21 39 14 28 10 17 42 37 21 18 22 40 19 37 17 14 2 25 21 23 34 26 33 8 23 13 7 37 14 6 17 18 33 27 4 34 0 20 6 5 32 17 26 10 29 12 14 38 37 42 16 36 30 23 25 21 26 10 12 42 31 33
0 14 25 25 21 38 25 12 24 12 25 21 25 8 35 28 41 7 7 31 44 14 29 29 14 5 47 14 7 15 4 28 26 17 30 21 30 9 19 32 46 28 22 1 37 9 19 39 26 12 22 15 11 15 36 13 16 13 12 16 32 41 32 44 31 40 20 30 30 14 21 22 27 25 34 33 0 41 3 36 13 32 44 35 39 31 34 27 50 24 23 24 39 8 25 2 17 36 28 11 29
0 17 32 35 36 33 36 27 31 18 39 24 6 9 29 26 22 22 17 28 32 9 10 19 19 34 8 21 19 33 24 39 41 26 24 28 31 19 1 30 20 25 20 22 10 11 37 27 23 26 29 37 20 35 23 43 30 9 22 27 17 38 28 38 5 50 41 0 30 38 6 11 37 1 36 32 8 0 30 28 15 33 13 29 22 28 14 21 39 18 13 24 23 19 34 37 25 33 17 14 19
0 14 37 15 50 25 35 20 30 13 37 22 30 23 17 29 26 12 32 22 13 20 7 29 21 44 20 40 36 29 13 19 35 37 25 23 28 17 4 35 40 19 23 25 44 34 25 12 31 17 9 29 31 35 23 45 15 13 34 17 15 28 33 14 26 14 15 18 26 28 17 25 28 29 32 15 13 10 0 10 42 22 29 11 32 42 22 32 24 13 20 30 39 30 17 2 30 24 38 17 36
0 34 23 21 47 10 10 24 13 36 19 30 23 51 29 25 12 23 29 31 43 18 24 29 27 39 35 37 33 39 24 9 49 34 39 27 29 28 13 19 37 26 4 20 22 9 39 30 40 32 34 19 22 9 44 20 45 11 16 28 51 25 23 32 6 19 39 21 13 41 33 36 26 25 29 11 41 41 17 0 15 14 13 31 15 31 33 38 29 22 20 30 11 30 10 33 37 50 30 21 37
0 29 30 49 29 27 27 11 46 14 21 30 1 15 27 48 29 34 29 12 28 13 30 16 10 25 46 45 35 11 28 33 19 17 22 19 2 35 15 12 7 37 27 20 17 30 6 33 22 10 33 41 21 14 39 29 30 22 23 19 22 31 24 39 25 33 41 21 26 5 27 18 29 44 14 21 16 31 25 13 0 10 36 25 20 42 1 40 26 8 18 38 26 16 32 11 33 33 19 38 20
0 15 32 16 49 20 38 23 27 22 46 18 10 37 15 34 37 22 31 41 2 44 11 16 18 18 24 27 9 0 16 13 12 27 21 24 30 27 13 46 22 29 46 32 20 34 49 34 32 14 31 17 26 38 24 24 12 22 41 35 30 20 18 47 25 9 19 28 19 25 23 17 45 31 18 9 18 9 27 29 28 0 18 30 29 36 23 10 19 13 28 14 14 28 13 14 10 30 43 12 6
0 15 16 29 22 13 45 26 32 27 15 12 27 27 30 30 45 30 21 41 30 33 37 10 25 32 8 47 15 36 12 23 32 7 11 29 27 24 27 43 26 19 16 40 19 8 20 38 32 34 12 27 25 11 11 24 30 25 32 14 15 29 33 48 29 17 12 28 31 37 20 30 28 18 18 32 26 32 21 9 16 16 0 11 19 35 27 27 21 8 6 12 32 16 37 22 33 17 37 25 42
0 24 38 17 30 21 19 15 20 18 30 17 32 25 34 35 30 15 28 7 22 15 8 33 17 20 19 8 12 36 16 23 12 9 20 34 33 45 31 7 6 28 34 7 27 16 47 24 42 31 21 21 13 5 24 27 40 35 50 20 7 1 23 29 11 37 12 7 11 17 40 23 36 18 31 17 36 2 20 44 11 28 34 0 45 30 19 23 16 16 49 10 24 24 28 34 19 37 20 6 30
0 26 42 14 41 3 47 14 31 16 38 32 19 20 29 37 22 17 2 24 9 40 21 49 35 6 32 30 24 20 11 21 17 32 25 23 32 30 49 23 27 37 26 26 5 44 22 15 27 16 42 44 33 5 38 32 40 44 21 5 31 42 25 42 19 35 16 13 34 46 6 36 7 17 30 34 12 19 28 38 24 45 19 9 0 11 25 35 37 29 20 35 27 32 34 26 34 29 30 29 31
0 24 35 19 11 23 20 32 29 16 43 36 9 15 24 23 40 15 28 42 30 11 35 37 16 27 39 42 25 15 26 29 45 17 48 13 48 28 32 31 27 18 43 17 10 26 34 41 23 17 37 29 39 13 18 13 13 24 40 6 8 24 29 7 27 11 10 34 47 38 34 16 22 28 41 25 30 38 34 11 17 32 22 34 29 0 15 27 10 10 9 39 19 18 15 29 30 24 39 35 27
0 12 44 23 7 32 23 31 35 11 17 26 32 33 49 13 25 40 47 12 47 29 44 19 20 39 6 20 18 20 49 3 31 16 14 44 22 16 16 32 36 27 10 39 11 22 12 10 35 19 31 25 33 39 44 33 28 11 12 16 19 21 16 17 17 11 23 9 14 20 25 40 42 19 22 40 14 30 45 41 21 43 40 14 32 12 0 22 24 21 19 16 31 26 28 19 32 34 37 42 18
0 39 48 16 48 23 28 37 21 41 35 17 22 24 18 12 29 24 38 43 23 39 30 31 15 34 39 12 43 2 26 37 35 36 25 39 22 29 20 40 33 34 42 8 30 28 12 23 8 5 13 26 36 31 14 32 25 24 42 22 3 24 40 31 41 20 13 33 28 50 16 22 14 37 38 11 43 12 20 36 21 45 24 44 21 16 40 0 48 39 11 36 25 42 25 15 21 10 30 24 17
0 18 31 13 12 33 6 25 47 22 8 26 34 13 8 21 14 10 25 9 40 18 20 20 16 26 45 43 31 31 27 4 44 42 36 21 10 33 37 1 18 43 20 15 13 28 22 37 25 17 21 36 14 12 36 5 12 36 12 37 46 4 26 29 16 22 7 34 38 34 28 13 10 12 4 22 34 9 29 50 44 33 16 32 40 13 22 33 0 46 26 17 21 27 8 33 18 11 23 27 13
0 18 15 40 17 39 29 28 31 41 19 23 33 45 18 16 27 33 24 27 21 30 47 23 10 40 27 33 7 6 30 41 33 21 23 19 5 19 37 46 44 24 38 27 21 38 0 5 17 31 16 21 32 21 28 26 29 19 36 19 28 46 20 9 25 42 42 36 3 47 32 45 5 32 45 8 18 15 36 43 7 41 17 35 45 27 22 38 17 0 19 12 9 46 26 23 17 31 33 7 18
0 33 13 3 26 40 9 32 24 22 30 35 11 34 25 19 7 17 19 3 21 9 34 17 25 37 16 20 13 25 36 30 30 35 21 22 35 21 50 34 40 37 23 31 13 34 25 11 31 42 40 32 23 44 23 25 25 34 33 5 46 18 28 32 39 15 32 28 19 30 33 9 38 14 6 5 31 0 42 18 37 29 6 12 32 36 17 37 33 17 0 46 46 35 28 42 34 17 17 14 29
0 34 25 30 35 22 19 32 38 33 29 4 16 19 25 45 48 20 5 23 24 32 42 22 11 36 28 20 11 23 14 22 21 31 38 42 43 26 35 31 20 20 23 23 26 18 22 37 16 33 39 19 34 24 48 30 35 29 39 39 25 23 12 41 32 26 23 23 28 17 6 25 3 22 11 17 25 33 30 43 19 13 33 9 27 23 33 34 18 38 17 0 22 13 9 32 18 21 35 13 45
0 38 45 13 18 24 23 31 12 19 20 24 19 15 32 22 40 24 19 26 47 41 14 38 25 21 50 27 35 33 35 18 38 21 12 20 17 27 31 33 4 5 12 12 30 33 6 46 23 25 17 17 14 28 31 19 26 11 26 39 31 24 38 24 21 14 19 15 26 26 26 38 36 27 21 13 45 29 40 8 33 17 7 28 16 22 24 44 19 23 25 38 0 25 37 38 24 29 31 16 48
0 17 38 18 19 14 29 16 30 27 38 25 41 30 23 2 24 15 35 27 25 39 28 31 37 51 15 29 23 40 37 25 15 39 26 19 17 44 32 26 14 15 24 45 8 23 29 44 23 21 21 25 10 19 6 24 33 5 13 35 8 0 42 34 43 13 36 45 24 25 43 32 29 35 13 11 14 45 35 19 21 13 14 25 13 21 41 44 49 32 3 33 22 0 44 47 10 26 23 23 15
0 4 14 41 31 42 22 43 16 38 27 30 26 41 41 18 28 25 19 18 33 29 38 15 37 0 34 14 30 29 26 21 24 17 45 41 45 32 11 33 35 28 20 23 24 7 8 27 21 45 1 34 28 17 33 23 5 16 24 30 9 23 35 29 43 22 38 20 24 32 40 20 30 41 49 31 23 26 26 30 44 21 27 31 39 7 39 23 32 19 25 23 50 33 0 11 37 8 24 3 18
0 40 26 38 18 33 19 8 15 16 29 34 34 29 11 25 23 27 33 35 33 32 30 35 32 29 2 21 10 42 24 21 43 20 41 27 32 46 21 16 46 18 23 37 14 30 19 42 46 13 17 32 33 28 17 22 22 19 11 30 28 40 38 21 19 23 3 50 12 18 36 27 16 44 25 21 28 15 24 14 17 29 30 16 26 17 40 20 41 27 24 33 36 14 37 0 30 27 21 26 29
0 36 33 33 16 42 12 34 10 26 29 39 9 13 35 10 29 36 39 31 11 19 21 22 28 17 38 34 28 22 43 37 33 11 31 32 44 36 13 9 40 20 20 31 19 27 25 15 22 20 49 11 1 34 27 21 43 22 17 36 21 21 28 16 17 7 37 20 26 21 43 13 32 12 38 35 23 44 22 30 21 40 4 27 8 42 18 27 39 18 21 25 43 38 23 12 0 10 17 13 17
0 27 23 16 37 14 21 2 30 20 1 8 39 25 10 20 38 18 37 12 24 33 37 17 32 32 20 30 14 48 37 50 22 31 37 23 39 18 16 4 37 22 11 35 28 19 21 22 41 49 40 23 19 36 17 24 17 29 35 33 35 47 28 35 26 27 21 41 31 36 33 47 45 28 24 7 19 18 1 27 32 14 11 41 23 39 31 18 29 28 19 50 18 29 32 31 29 0 17 23 33
0 16 23 27 29 3 24 15 26 29 23 43 14 41 9 39 7 35 20 47 13 14 41 22 35 47 7 41 25 13 16 16 24 32 30 25 6 21 5 7 20 20 20 35 37 42 23 15 45 17 29 39 7 32 34 46 25 24 33 21 38 34 11 26 45 38 20 26 32 33 47 25 7 27 24 9 31 38 14 21 33 27 8 23 22 31 40 31 24 28 23 18 20 12 32 21 40 14 0 31 26
0 21 16 3 14 33 21 7 6 12 24 8 13 26 25 23 37 20 38 36 45 0 39 28 25 45 18 30 18 12 23 31 35 13 14 37 25 35 16 47 43 18 20 20 5 29 20 40 23 14 20 34 35 11 20 22 9 51 25 16 24 13 13 17 11 31 13 17 25 19 22 33 12 23 13 16 18 10 21 16 28 17 12 25 24 42 1 8 27 17 28 25 39 26 11 19 1 42 40 0 11
0 31 31 48 34 17 46 39 34 15 18 27 28 33 4 27 27 37 6 27 38 10 24 44 15 34 39 12 44 28 12 21 25 39 32 19 41 23 39 15 30 15 26 23 23 33 22 25 21 1 23 35 18 35 43 20 27 6 42 34 32 47 16 30 30 24 36 35 34 18 25 36 19 17 33 35 1 8 39 32 31 11 24 22 36 26 30 15 16 23 31 46 16 19 42 15 49 14 18 49 0
