100 4
3 620 8 8
3 387 7 7
5 658 9 10
5 204 5 10
4 669 3 8
8 291 10 10
2 503 7 2
8 745 10 8
6 337 3 6
3 610 1 2
8 292 3 5
7 524 8 4
16 164 9 9
11 186 7 6
19 357 1 10
20 344 6 10
14 126 1 5
14 563 9 5
20 203 10 7
31 747 10 9
14 799 4 4
7 692 6 2
39 184 3 10
39 684 5 10
36 284 10 9
20 371 5 5
32 670 10 8
29 402 8 7
31 613 7 7
27 213 3 6
49 524 3 10
35 401 6 7
41 321 1 8
22 610 3 4
39 453 10 7
39 285 3 7
56 765 3 10
34 233 8 6
40 441 2 7
40 284 7 7
59 437 8 10
18 506 6 3
60 210 4 10
37 332 6 6
68 261 2 10
28 645 4 4
65 601 2 9
22 819 2 3
79 457 3 10
40 374 3 5
82 323 3 10
58 495 8 7
51 483 8 6
86 669 8 10
88 822 3 10
66 462 10 7
85 163 2 9
61 309 4 6
82 277 7 8
94 317 10 9
95 668 8 9
11 314 1 1
57 639 8 5
60 386 9 5
76 810 3 6
91 234 9 7
53 533 1 4
57 211 7 4
60 769 7 4
85 817 5 5
36 672 3 2
73 166 4 4
60 209 10 3
61 214 8 3
43 622 2 2
23 217 2 1
93 284 4 4
98 144 3 4
77 619 5 3
77 134 8 3
81 239 7 3
88 530 8 3
32 383 5 1
32 674 6 1
71 791 5 2
36 181 9 1
74 810 5 2
40 744 8 1
83 195 2 2
84 368 3 2
89 668 9 2
89 362 10 2
93 216 5 2
95 231 6 2
66 620 8 1
69 467 10 1
75 406 7 1
77 834 10 1
97 277 8 1
97 205 3 1
SETUP
0 7 9 7 4 7 8 4 6 6 5 12 6 6 9 6 7 8 9 5 3 11 8 4 2 5 6 5 4 11 6 5 5 8 1 6 4 8 2 6 5 8 5 10 7 0 3 6 5 6 2 10 7 6 6 4 7 0 4 5 6 2 8 5 5 3 4 6 5 4 8 5 5 9 9 5 5 11 6 11 6 6 3 6 6 10 6 6 5 5 7 9 4 5 7 3 5 3 8 8 6
0 0 7 7 4 5 8 4 6 2 5 5 6 4 8 6 7 8 2 5 3 11 5 4 2 3 6 5 4 5 6 5 5 8 1 4 4 7 2 2 3 7 1 8 7 0 3 6 2 4 2 4 5 6 6 4 6 0 4 3 6 2 8 1 5 3 4 6 5 4 8 3 5 8 4 4 5 9 4 11 4 4 3 6 6 3 2 6 5 5 7 9 4 5 3 3 3 3 6 6 6
0 6 0 5 3 4 8 2 6 4 3 9 6 6 5 2 6 4 6 5 3 11 6 4 2 3 5 4 2 9 5 4 3 8 1 4 4 6 2 4 3 8 3 10 7 0 1 2 4 4 2 8 4 4 5 4 6 0 4 3 6 2 6 3 5 3 4 5 3 4 8 3 4 8 7 3 5 9 4 8 4 3 3 2 4 7 4 5 3 5 5 9 2 4 4 3 3 3 6 6 6
0 5 9 0 4 6 8 4 5 6 5 10 6 4 8 6 1 8 7 5 3 10 8 4 2 5 6 5 4 10 6 5 5 8 1 6 4 8 2 6 5 8 5 8 7 0 3 6 5 6 2 7 7 5 6 4 5 0 4 5 6 2 8 5 5 3 4 6 5 2 5 5 5 6 9 5 5 11 1 11 6 6 3 6 6 8 6 6 5 5 7 9 4 5 6 3 5 3 5 8 6
0 7 9 7 0 7 8 4 6 6 5 10 4 6 9 6 7 8 9 5 3 11 8 4 2 5 6 3 4 11 6 3 2 8 1 6 4 8 2 5 5 5 5 10 7 0 3 6 5 6 2 10 6 6 2 4 7 0 4 5 6 2 8 5 5 3 4 2 5 4 8 5 5 9 8 5 5 11 6 11 6 5 3 6 6 10 6 4 5 5 7 9 4 5 7 3 5 3 8 8 6
0 7 9 7 4 0 8 4 6 6 5 10 6 6 9 6 2 8 7 5 3 11 8 3 2 5 3 5 4 9 6 5 4 8 1 6 4 4 2 4 5 4 5 10 7 0 3 6 5 6 2 9 7 6 4 4 7 0 4 5 6 2 8 5 5 3 4 4 5 4 7 5 0 8 9 5 5 9 3 8 6 6 3 6 6 8 6 6 5 5 4 9 4 5 0 3 5 3 6 8 6
0 7 7 7 4 3 0 4 6 2 5 12 6 4 8 6 5 7 8 5 3 11 8 4 2 1 6 5 4 10 6 5 5 7 1 2 4 7 2 6 1 7 2 8 7 0 3 6 5 2 2 7 3 6 6 4 7 0 4 1 6 2 8 5 5 3 4 6 5 4 6 1 3 9 7 2 3 7 6 11 2 2 3 6 6 9 2 6 5 4 7 9 4 5 3 3 1 3 7 4 4
0 4 9 3 1 5 7 0 6 4 1 9 5 6 8 6 4 4 6 5 3 11 8 4 2 5 6 2 4 9 6 2 1 8 1 6 4 4 2 6 5 6 4 10 7 0 3 6 5 6 2 6 7 2 3 4 4 0 3 5 6 2 4 4 5 3 4 3 5 3 7 5 4 9 7 5 4 11 4 11 6 6 3 6 2 7 4 3 1 5 7 9 4 5 5 2 5 3 4 8 5
0 7 6 7 4 7 8 4 0 6 5 12 3 6 8 6 7 8 8 5 3 5 6 4 2 5 6 5 4 10 5 5 5 8 1 6 4 8 2 5 5 8 5 10 7 0 3 6 5 6 2 10 7 6 6 4 7 0 4 5 6 2 8 5 5 3 3 6 5 4 8 5 5 9 6 5 5 11 6 11 6 6 3 6 6 9 6 6 5 5 7 6 4 5 7 3 5 3 8 8 6
0 7 9 7 4 5 8 4 6 0 5 12 6 2 6 6 5 8 7 5 3 11 8 4 2 5 6 5 4 10 6 5 5 8 1 6 4 8 2 6 5 7 5 6 7 0 3 6 5 6 2 8 7 6 6 4 7 0 4 5 6 2 8 5 5 3 4 6 5 4 8 5 3 9 7 5 3 11 6 9 6 6 3 6 6 8 0 6 5 5 7 9 4 5 5 3 5 3 8 8 4
0 3 9 2 4 4 6 4 6 3 0 8 6 5 9 6 3 3 5 5 3 11 8 3 2 5 5 4 4 8 6 4 4 8 1 6 4 3 2 5 5 8 4 9 7 0 3 6 5 6 2 5 7 1 4 4 3 0 4 5 6 2 3 4 4 3 4 4 5 4 7 5 4 8 7 5 5 11 3 11 6 6 3 6 1 6 3 5 0 5 6 9 4 5 4 3 5 3 3 8 6
0 6 6 7 4 5 8 4 6 4 5 0 6 6 5 2 6 4 6 5 3 8 8 4 2 3 6 5 4 9 6 5 5 8 1 4 4 7 2 6 3 8 4 10 4 0 3 2 5 4 2 8 4 6 6 4 6 0 4 3 6 2 8 5 5 3 4 6 1 4 6 3 4 8 7 4 4 9 2 8 4 3 3 2 6 7 4 6 5 5 7 9 4 5 5 3 3 3 8 6 5
0 7 9 6 4 7 8 4 6 6 4 12 0 6 5 6 7 7 6 5 3 11 8 3 2 5 3 3 4 9 6 3 5 8 1 6 4 7 2 6 5 8 5 10 7 0 3 6 5 6 2 8 6 5 6 4 7 0 4 5 6 2 7 5 4 3 4 6 5 4 8 5 5 8 6 5 5 11 6 8 6 6 3 6 5 7 6 4 4 5 7 9 4 2 7 3 5 3 7 8 6
0 7 9 7 4 7 8 4 6 6 5 11 6 0 4 6 3 8 5 5 3 11 8 4 2 5 6 5 4 8 6 5 5 8 1 6 4 8 2 5 5 5 5 4 7 0 3 6 5 6 2 6 7 6 4 4 7 0 4 5 6 2 8 5 5 3 4 5 5 4 8 5 1 9 5 5 1 10 6 7 6 6 3 6 6 6 6 6 5 5 7 9 4 5 6 3 5 3 8 8 2
0 5 5 6 4 6 8 4 6 4 5 10 6 6 0 6 6 8 1 5 3 11 4 4 2 5 6 5 4 4 6 5 5 8 1 6 4 6 2 6 5 6 3 10 7 0 3 6 4 6 2 3 7 5 6 4 5 0 4 5 6 2 8 3 5 3 4 6 4 4 8 5 5 9 2 5 5 10 5 3 6 6 3 6 6 2 4 6 5 5 7 9 4 5 2 3 5 3 5 8 6
0 7 7 7 3 3 7 4 6 2 5 12 6 4 8 0 5 7 8 5 3 11 8 4 2 1 6 5 4 10 6 5 5 7 1 2 4 5 2 6 1 7 2 8 7 0 3 6 5 2 2 7 2 6 5 4 7 0 3 1 6 2 7 4 5 3 3 5 5 4 6 1 3 9 7 2 3 7 6 11 2 1 3 6 6 9 2 6 5 4 7 9 4 5 3 2 1 3 7 4 4
0 7 9 7 4 7 8 4 4 6 5 12 6 6 9 6 0 8 9 5 3 9 8 4 2 5 6 5 4 11 6 5 5 8 1 6 4 8 2 6 5 8 5 10 7 0 3 6 5 6 2 10 7 6 6 4 7 0 4 5 6 2 8 5 5 3 4 6 5 4 8 5 5 7 9 5 5 11 6 11 6 6 3 6 6 10 6 5 5 5 7 9 4 5 7 3 5 3 8 8 6
0 4 9 7 4 5 8 4 6 5 5 9 6 6 9 6 7 0 6 5 3 11 8 4 2 4 6 5 4 9 6 5 5 8 1 5 4 8 2 6 4 8 5 10 7 0 3 6 5 5 2 8 5 6 6 4 4 0 4 4 6 2 8 5 5 3 4 6 5 4 8 4 5 9 8 5 5 10 6 11 5 4 3 6 6 7 5 6 5 5 7 9 4 5 5 3 4 3 8 7 6
0 4 8 5 4 5 8 4 6 3 5 9 6 5 9 6 6 8 0 5 3 11 3 4 2 4 6 5 4 3 6 5 5 8 1 5 4 5 2 5 4 5 2 9 7 0 3 6 3 5 2 2 6 4 5 4 4 0 4 4 6 2 8 2 5 3 4 6 3 4 8 4 5 9 2 5 5 10 4 10 5 5 3 6 6 1 3 6 5 5 7 9 4 5 1 3 4 3 4 7 6
0 4 9 7 4 5 8 4 6 6 5 9 6 6 9 6 7 8 6 0 3 11 8 4 2 5 6 5 4 9 6 5 5 8 1 6 4 8 2 3 5 3 5 10 7 0 3 6 5 6 2 8 7 6 6 4 4 0 4 5 6 2 6 5 5 3 4 6 5 4 8 5 5 9 8 5 5 11 6 11 6 6 3 6 4 7 6 6 5 5 7 9 4 5 5 3 5 3 6 8 4
0 4 9 7 3 5 7 4 6 5 5 9 6 6 8 6 6 8 6 5 0 11 8 4 2 5 6 2 4 9 6 2 4 8 1 6 4 8 2 4 5 8 4 10 7 0 3 6 5 6 2 8 6 6 4 4 4 0 3 5 5 2 7 4 2 3 4 4 5 4 7 5 4 9 7 5 4 11 6 11 6 6 3 6 6 7 5 3 5 5 7 9 4 5 5 2 5 3 8 8 5
0 6 1 5 3 5 7 2 6 4 3 9 6 6 6 3 6 5 7 4 3 0 6 4 2 4 6 2 2 10 6 2 3 3 1 5 4 6 2 4 4 7 3 10 7 0 1 3 4 5 2 8 5 4 5 4 6 0 3 4 5 2 6 3 2 3 4 5 3 4 7 4 4 9 4 3 4 10 4 9 5 4 3 3 4 8 4 3 3 5 5 1 2 5 5 2 4 3 6 7 5
0 7 9 7 4 7 8 4 6 6 5 12 6 6 9 6 7 8 9 5 3 11 0 4 2 5 6 5 4 11 6 5 5 8 1 6 4 8 2 6 5 8 5 10 7 0 3 6 5 6 2 10 7 6 6 4 7 0 4 5 6 2 8 5 5 3 4 6 5 4 8 5 5 9 9 5 5 7 6 11 6 6 3 6 6 10 6 6 5 5 7 9 4 5 7 3 5 3 8 8 6
0 7 9 7 4 7 8 4 6 6 5 12 6 6 9 6 7 8 6 5 3 11 8 0 2 5 6 5 4 9 6 5 5 8 1 6 4 8 2 6 5 8 5 10 7 0 3 6 5 6 2 8 7 6 6 4 7 0 4 5 6 2 8 5 5 3 4 6 5 4 8 5 5 5 8 5 5 11 6 11 6 6 3 6 6 7 6 6 5 5 7 9 4 5 7 3 5 3 8 8 6
0 6 9 5 3 7 8 2 6 4 3 11 6 6 9 6 6 6 8 5 3 11 6 4 0 5 6 4 2 11 6 4 3 8 1 6 4 6 2 4 5 8 3 10 7 0 1 6 4 6 2 8 7 4 5 4 6 0 4 5 6 2 6 3 5 3 4 5 3 4 8 5 5 9 7 3 5 11 4 9 6 6 3 6 4 9 4 5 3 3 5 9 2 5 7 3 5 3 6 8 6
0 6 7 7 4 2 8 4 6 4 5 11 6 6 9 6 4 6 7 5 3 11 8 4 2 0 5 5 4 9 6 5 5 6 1 4 4 6 2 6 0 6 1 10 7 0 3 6 5 1 2 9 5 6 6 4 6 0 4 3 6 2 8 5 5 3 4 6 5 4 8 3 2 8 6 1 2 6 5 10 4 4 3 6 6 8 4 6 5 3 6 9 4 5 2 3 3 3 8 3 3
0 7 9 7 4 7 8 4 6 6 5 12 6 6 9 6 6 8 4 5 3 11 7 0 2 5 0 4 4 7 6 4 5 8 1 6 4 8 2 6 5 6 5 10 7 0 3 6 5 6 2 6 7 6 6 4 7 0 4 5 6 2 8 5 5 3 4 6 5 4 8 5 4 5 6 5 5 11 6 11 6 6 3 6 6 5 6 5 5 5 7 9 4 5 5 3 5 3 8 8 6
0 7 8 6 1 6 5 4 6 3 4 11 5 5 6 6 4 7 7 5 3 11 8 2 2 4 6 0 4 10 6 0 3 8 1 5 4 7 2 6 4 6 2 9 7 0 3 6 3 4 2 9 6 5 3 4 7 0 1 4 6 2 7 2 5 3 4 3 5 4 5 4 2 7 5 4 2 9 5 9 5 5 3 6 5 8 3 1 4 5 7 9 4 5 6 0 4 3 7 6 3
0 7 7 7 4 5 8 4 6 2 5 12 6 4 8 6 7 8 9 5 3 11 8 4 2 3 6 5 0 11 6 5 5 8 1 4 4 8 2 6 3 8 1 8 7 0 3 6 2 4 2 9 5 6 6 4 7 0 4 3 6 2 8 1 5 3 4 6 5 4 8 3 5 8 5 4 5 9 4 11 4 4 3 6 6 10 2 6 5 5 3 9 4 5 5 3 3 3 7 6 6
0 5 9 2 4 6 8 4 6 6 5 10 6 6 9 4 3 8 7 4 3 11 8 4 2 5 6 5 4 0 6 5 5 8 1 6 4 6 2 6 5 7 5 10 7 0 3 6 5 6 2 7 6 1 6 4 5 0 4 5 6 2 8 5 5 3 4 6 0 4 5 5 3 8 7 5 3 11 1 10 6 5 3 6 6 8 6 6 5 5 7 9 4 5 2 3 5 3 1 5 4
0 7 8 7 4 7 8 4 5 6 5 9 6 6 9 6 7 8 3 5 3 10 6 4 2 5 6 5 4 6 0 5 5 8 1 6 4 8 2 6 5 8 5 10 7 0 3 6 5 6 2 5 7 6 6 4 7 0 4 5 6 2 8 5 5 3 4 6 5 4 8 5 5 9 5 5 5 11 6 6 6 6 3 6 6 4 6 6 5 5 7 9 4 5 4 3 5 3 7 8 6
0 7 9 6 4 7 8 4 6 6 4 12 6 6 9 6 7 7 9 5 3 11 8 4 2 5 6 5 4 11 6 0 5 8 1 5 4 7 2 6 5 8 5 10 7 0 3 6 5 6 2 9 7 5 6 4 7 0 4 5 6 2 7 5 5 3 4 6 5 4 8 5 5 9 5 5 5 9 6 11 6 6 3 6 5 10 6 1 4 5 7 9 4 5 7 3 5 3 7 8 6
0 7 9 7 0 7 6 4 6 4 5 10 4 6 7 6 5 8 8 5 3 11 8 3 2 5 6 1 4 11 6 1 0 8 1 6 4 8 2 5 5 5 3 10 7 0 3 6 4 5 2 10 6 6 2 4 7 0 2 5 6 2 8 3 5 3 4 2 5 2 6 5 3 8 6 5 3 10 6 10 5 5 3 6 6 9 4 2 5 5 7 9 4 5 7 1 5 3 8 7 4
0 5 9 2 4 5 8 4 6 4 5 10 6 6 9 2 3 8 7 1 3 11 8 4 2 3 6 5 4 9 5 3 5 0 1 4 4 7 2 4 3 4 4 10 7 0 3 6 5 4 2 8 4 6 6 4 5 0 4 3 6 2 7 5 5 3 4 6 5 4 7 3 5 8 8 4 5 9 3 11 4 3 3 6 5 7 4 4 5 5 7 9 4 5 5 3 3 3 7 6 5
0 7 9 7 4 7 8 4 6 5 5 12 6 6 8 5 7 7 9 5 3 11 8 3 2 5 6 5 3 11 6 5 5 8 0 6 4 8 2 5 5 8 4 10 7 0 3 5 4 6 1 10 7 6 6 4 7 0 4 5 6 2 8 4 5 3 4 6 5 4 8 5 5 8 8 5 5 11 6 10 6 6 3 5 6 10 5 6 5 5 6 9 3 5 7 3 5 3 8 8 6
0 7 5 7 4 7 8 4 6 6 5 12 6 6 9 6 7 8 9 5 3 11 8 4 2 5 6 5 4 11 6 5 5 8 1 0 4 8 2 6 5 8 5 10 7 0 3 6 5 6 2 10 7 6 6 4 7 0 4 5 6 2 8 5 5 3 4 6 5 4 4 5 5 9 9 5 5 11 6 11 6 6 3 6 6 10 6 6 5 5 7 9 4 5 7 3 5 3 8 8 6
0 7 9 7 4 7 8 4 6 6 5 12 6 6 9 6 7 4 9 5 3 11 8 4 2 5 6 5 4 11 6 5 5 8 1 6 0 8 2 6 5 8 5 8 7 0 3 6 5 6 2 10 3 6 6 4 7 0 4 5 2 2 7 5 5 3 4 6 5 4 8 5 5 9 9 5 5 11 6 11 6 6 3 6 6 10 6 6 5 5 7 9 4 5 7 3 5 3 8 8 6
0 4 9 3 4 5 7 4 6 4 1 9 6 6 9 6 4 4 6 5 3 10 8 4 2 5 6 5 4 8 6 5 5 8 1 6 4 0 2 6 5 8 5 10 7 0 3 6 5 6 2 6 7 2 5 4 4 0 4 5 6 2 4 5 5 3 4 5 5 4 8 5 5 9 7 5 5 11 4 11 6 6 3 6 2 6 4 6 1 5 7 9 4 5 5 3 5 3 4 8 6
0 7 8 7 4 7 8 4 4 6 5 11 6 4 7 4 7 6 7 5 3 9 8 4 2 5 6 5 4 9 4 5 5 8 1 6 4 8 0 6 5 8 5 8 7 0 3 4 5 6 2 9 6 6 6 4 7 0 4 5 6 2 8 5 5 3 2 6 5 4 8 5 5 9 8 5 5 11 6 10 6 5 3 4 6 8 6 6 5 5 7 9 4 5 7 3 5 3 8 8 6
0 7 9 7 4 7 8 4 6 6 5 12 6 6 9 6 7 8 9 5 3 11 8 4 2 5 6 5 4 11 6 5 5 7 1 6 4 8 2 0 5 8 5 10 7 0 3 6 5 6 2 10 7 6 6 3 7 0 4 5 6 2 8 5 5 3 4 6 5 4 8 5 5 9 9 5 5 11 6 11 6 6 3 6 6 10 6 6 5 5 7 9 4 5 7 3 5 3 8 8 4
0 6 9 7 4 2 8 4 6 6 5 11 6 6 9 6 4 8 7 5 3 11 8 4 2 5 5 5 4 10 6 5 5 6 1 6 4 6 2 6 0 6 5 10 7 0 3 6 5 6 2 9 7 6 6 4 6 0 4 5 6 2 8 5 5 3 4 6 5 4 8 5 2 9 6 5 2 11 5 10 6 6 3 6 6 8 6 6 5 5 6 9 4 5 2 3 5 3 8 8 3
0 7 9 7 4 7 8 4 6 6 5 6 6 6 9 6 7 8 9 5 3 11 8 4 2 5 6 5 4 11 6 5 5 7 1 6 4 8 2 0 5 0 5 10 7 0 3 6 5 6 2 10 7 6 6 3 7 0 4 5 6 2 8 5 5 3 4 6 5 4 8 5 5 9 9 5 5 11 6 11 6 6 3 6 6 10 6 6 5 5 7 9 4 5 7 3 5 3 8 8 4
0 7 6 7 4 4 8 4 6 3 5 12 6 5 9 6 6 8 9 5 3 11 8 4 2 2 6 5 4 11 6 5 5 8 1 3 4 8 2 6 2 8 0 9 7 0 3 6 5 3 2 8 4 6 6 4 7 0 4 2 6 2 8 5 5 3 4 6 5 4 7 2 4 7 8 3 4 8 6 11 3 3 3 6 6 10 3 6 5 5 7 9 4 5 4 3 2 3 8 5 5
0 5 9 4 4 4 8 4 6 5 2 10 6 6 9 6 5 5 7 3 3 11 8 4 2 2 6 5 4 10 6 5 5 6 1 6 4 5 2 6 2 6 3 0 7 0 3 6 5 3 2 7 7 3 6 4 5 0 4 5 6 2 5 5 5 3 4 6 5 4 8 5 4 7 2 3 4 8 5 11 6 6 3 6 3 8 5 6 2 5 7 9 4 5 4 3 5 3 5 5 5
0 5 9 7 4 6 8 4 6 6 5 10 6 6 7 6 7 8 7 5 1 11 8 4 2 5 6 3 4 10 6 3 5 8 1 6 4 8 2 5 5 8 5 10 0 0 3 6 5 6 2 9 7 6 5 4 5 0 4 5 6 2 8 5 3 3 4 5 5 4 8 5 5 9 8 5 5 11 6 10 6 6 3 6 6 8 6 4 5 5 7 9 4 5 6 3 5 3 8 8 6
0 7 9 7 4 7 8 4 6 6 5 12 6 6 9 6 7 8 9 5 3 11 8 4 2 5 6 5 4 11 6 5 5 8 1 6 4 8 2 6 5 8 5 10 7 0 3 6 5 6 2 10 7 6 6 4 7 0 4 5 6 2 8 5 5 3 4 6 5 4 8 5 5 9 9 5 5 11 6 11 6 6 3 6 6 10 6 6 5 5 7 9 4 5 7 3 5 3 8 8 6
0 5 8 4 2 6 8 1 6 3 2 10 6 5 9 6 5 5 7 5 3 11 5 4 2 4 6 3 1 10 6 3 2 8 1 5 4 5 2 3 4 7 2 9 7 0 0 6 3 5 2 7 6 3 4 4 5 0 4 4 6 2 5 2 5 3 4 4 2 4 7 4 5 9 6 2 5 10 3 8 5 5 3 6 3 8 3 4 2 5 4 9 1 5 6 3 4 3 5 7 6
0 6 4 7 3 3 7 4 6 2 5 7 6 4 3 0 5 2 4 5 3 11 7 4 2 1 6 3 4 7 6 3 3 6 1 2 4 5 2 6 1 7 2 8 7 0 3 0 5 2 2 6 2 6 5 4 6 0 3 1 6 2 7 4 5 3 3 5 5 4 6 1 3 6 5 2 3 7 6 6 2 1 3 0 6 5 2 4 5 4 7 9 4 5 3 2 1 3 7 4 4
0 7 9 7 4 7 8 4 6 6 5 12 6 6 9 6 7 8 9 5 3 11 8 4 2 5 6 5 4 11 6 5 5 8 1 6 4 8 2 6 5 8 5 10 7 0 3 6 0 6 2 9 7 6 6 4 7 0 4 5 6 2 8 5 5 3 4 6 5 4 8 5 5 9 9 5 5 11 6 11 6 6 3 6 6 10 6 6 5 5 7 9 4 5 7 3 5 3 8 8 6
0 5 6 7 4 4 8 4 6 3 5 10 6 5 9 6 6 8 7 5 3 11 8 4 2 2 6 5 4 8 6 5 5 8 1 3 4 8 2 6 2 8 0 9 7 0 3 6 5 0 2 8 4 6 6 4 5 0 4 2 6 2 8 5 5 3 4 6 4 4 7 2 4 7 8 0 4 8 5 11 3 3 3 6 6 8 3 6 5 2 7 9 4 5 4 3 2 3 8 2 5
0 7 9 7 3 7 8 4 6 4 5 12 6 6 9 6 7 8 9 5 3 11 8 4 2 5 6 5 2 11 6 5 5 8 1 6 4 8 2 4 5 8 3 10 7 0 3 6 3 6 0 10 7 6 5 4 7 0 3 5 6 2 8 3 5 3 4 5 5 4 7 5 5 9 7 5 5 11 6 9 6 6 3 6 6 10 4 6 5 5 5 9 2 5 7 3 5 3 8 8 6
0 2 6 6 3 3 7 4 6 1 4 7 6 3 7 6 5 7 4 5 3 11 7 4 2 2 6 5 4 7 6 5 5 8 1 3 4 4 2 3 2 3 0 7 7 0 3 6 1 3 2 0 4 5 5 4 2 0 4 2 4 2 7 0 5 3 4 5 5 4 7 2 3 7 6 3 4 8 3 10 3 3 3 6 5 5 1 6 4 5 5 9 4 5 3 3 2 3 6 5 5
0 7 8 7 2 4 6 4 6 3 5 12 6 5 7 6 5 8 8 5 3 11 8 4 2 2 6 5 2 11 6 5 4 8 1 3 4 8 2 6 2 7 3 9 7 0 3 6 4 3 2 8 0 6 4 4 7 0 2 2 6 2 8 3 5 3 4 4 5 4 6 2 3 9 7 3 3 8 6 10 3 3 3 6 6 9 3 6 5 5 5 9 4 5 4 1 2 3 8 5 4
0 6 9 1 3 7 7 4 6 5 5 11 6 5 8 6 2 8 8 5 3 11 8 4 2 5 6 5 4 10 6 5 5 8 1 6 4 8 2 6 5 8 4 9 7 0 3 6 5 6 2 8 7 0 5 4 6 0 3 5 6 2 8 4 5 3 3 5 5 3 6 5 4 7 8 5 4 11 2 11 6 6 3 6 6 9 5 6 5 5 7 9 4 5 7 2 5 3 6 8 5
0 7 9 7 4 5 8 4 6 4 5 8 2 6 7 6 7 8 8 5 3 11 8 4 2 3 5 5 4 11 6 5 5 8 1 4 4 8 2 6 3 8 4 10 7 0 3 6 5 4 2 9 4 6 0 4 7 0 4 3 6 2 8 5 5 3 4 6 5 4 8 3 5 9 8 4 5 9 6 10 4 3 3 6 6 9 4 6 5 5 7 9 4 4 5 3 3 3 8 6 6
0 5 9 6 4 5 8 4 6 6 5 10 6 6 9 6 7 8 7 5 3 11 8 4 2 5 6 5 4 10 6 5 5 4 1 6 4 8 2 6 5 8 5 10 7 0 3 6 5 6 2 9 7 6 6 0 5 0 4 5 6 2 8 5 5 3 4 6 5 4 8 5 5 9 9 5 5 11 6 9 6 6 3 6 6 8 6 6 5 5 7 9 4 5 5 3 5 3 8 8 6
0 0 7 4 4 1 5 4 6 2 2 5 6 4 8 6 3 5 2 5 3 11 5 4 2 3 4 5 4 5 6 5 5 8 1 4 4 5 2 2 3 5 1 8 7 0 3 6 2 4 2 4 5 3 5 4 0 0 4 3 5 2 5 1 5 3 4 5 5 2 8 3 1 8 4 4 5 9 4 9 4 4 3 6 3 3 2 6 2 5 3 9 4 5 1 3 3 3 5 6 6
0 7 9 7 4 7 8 4 6 6 5 12 6 6 9 6 7 8 9 5 3 11 8 4 2 5 6 5 4 11 6 5 5 8 1 6 4 8 2 6 5 8 5 10 7 0 3 6 5 6 2 10 7 6 6 4 7 0 4 5 6 2 8 5 5 3 4 6 5 4 8 5 5 9 9 5 5 11 6 11 6 6 3 6 6 10 6 6 5 5 7 9 4 5 7 3 5 3 8 8 6
0 7 9 7 0 7 8 4 5 6 5 10 4 5 8 5 7 7 8 5 3 10 8 4 2 5 6 3 4 10 5 3 2 8 1 6 3 8 1 5 5 5 3 9 7 0 3 5 5 3 2 9 6 6 2 4 7 0 0 5 5 1 8 5 5 3 3 2 5 3 4 5 5 9 8 3 5 11 6 11 6 5 3 5 6 9 6 4 5 5 7 9 4 5 7 3 5 3 8 5 6
0 6 6 7 4 2 8 4 6 4 5 11 6 6 9 6 4 6 7 5 3 11 8 4 2 0 5 5 4 9 6 5 5 6 1 1 4 6 2 6 0 6 1 10 6 0 3 6 4 1 2 6 5 6 6 4 6 0 4 0 6 2 7 5 5 3 4 6 5 4 5 3 2 8 6 1 2 6 5 10 1 4 3 6 5 8 4 6 5 3 6 9 4 5 2 3 0 3 7 3 3
0 7 9 7 3 5 7 4 6 4 5 12 6 6 8 6 6 8 7 5 3 11 8 4 2 3 6 5 3 10 6 5 5 8 1 4 4 8 2 6 3 8 4 6 7 0 3 6 5 4 2 9 1 6 5 4 7 0 3 3 0 2 5 4 5 3 4 5 5 4 7 3 4 9 8 4 4 9 6 11 4 4 3 6 6 8 4 6 5 5 6 9 4 5 5 2 3 3 8 6 5
0 7 8 7 4 7 8 4 4 6 5 11 6 4 7 4 7 6 7 5 3 9 8 4 2 5 6 5 4 9 4 5 5 8 1 6 2 8 0 6 5 8 5 8 7 0 3 4 5 6 2 9 5 6 6 4 7 0 4 5 4 0 8 5 5 3 2 6 5 2 8 5 5 9 8 5 5 11 6 10 6 5 3 4 6 8 6 6 5 5 7 9 4 5 7 3 5 3 8 8 6
0 6 9 6 2 4 6 4 6 4 4 11 6 6 7 6 5 7 2 5 3 11 5 3 2 5 6 1 4 5 6 1 4 7 1 6 4 7 2 6 5 7 3 10 7 0 3 6 4 5 2 4 5 5 4 4 6 0 2 5 4 2 0 3 1 3 4 4 5 4 6 5 3 8 4 5 3 10 6 10 6 6 3 6 5 3 4 2 4 5 7 9 4 5 3 1 5 3 6 7 4
0 7 6 7 4 4 8 4 6 1 5 12 6 3 7 6 6 8 8 5 3 11 8 4 2 2 6 5 4 11 6 5 5 8 1 3 4 8 2 6 2 8 0 7 7 0 3 6 1 3 2 8 4 6 6 4 7 0 4 2 6 2 8 0 5 3 4 6 5 4 7 2 4 7 8 3 4 8 3 10 3 3 3 6 6 9 1 6 5 5 7 9 4 5 4 3 2 3 6 5 5
0 7 8 6 1 3 5 4 6 3 4 11 5 5 6 6 4 7 7 5 3 11 8 2 2 4 6 0 4 10 6 0 3 8 1 5 4 7 2 6 4 6 2 9 7 0 3 6 3 4 2 9 4 5 3 4 7 0 1 4 3 2 5 2 0 3 4 3 5 4 5 4 2 7 5 4 2 9 5 9 5 5 3 6 5 8 3 1 4 5 7 9 4 5 3 0 4 3 7 6 3
0 7 6 7 4 7 8 4 6 6 5 12 6 6 9 6 7 8 9 5 3 11 8 4 2 5 6 5 4 11 6 5 5 8 1 6 4 8 2 6 5 8 5 10 7 0 3 6 5 6 2 10 7 6 6 4 7 0 4 5 6 2 7 5 5 0 4 6 3 4 8 5 5 9 9 5 5 11 4 11 6 6 3 6 6 10 6 6 5 5 7 6 4 5 7 3 5 3 8 8 6
0 6 9 7 4 7 8 4 6 4 5 11 5 6 9 6 7 8 8 5 2 11 8 4 2 5 6 4 4 7 6 4 5 8 1 6 4 8 2 6 5 8 5 10 6 0 3 6 5 6 2 10 7 6 6 4 6 0 4 5 6 2 8 5 4 3 0 6 5 4 8 5 5 9 9 5 5 11 6 11 6 6 2 6 6 9 4 5 5 5 7 9 4 5 7 3 5 2 8 8 6
0 7 9 7 0 5 6 4 6 4 5 8 2 6 7 6 5 8 8 5 3 11 8 3 2 3 5 1 4 11 6 1 0 8 1 4 4 8 2 5 3 5 3 10 7 0 3 6 4 4 2 9 4 6 0 4 7 0 2 3 6 2 8 3 4 3 4 0 5 2 6 3 3 8 6 4 3 9 6 10 4 3 3 6 6 9 4 2 5 5 7 9 4 4 5 1 3 3 8 6 4
0 5 9 7 4 6 8 4 6 6 5 10 6 6 9 4 5 8 7 5 3 11 8 4 2 5 6 5 4 10 6 5 5 8 1 6 4 8 2 6 5 7 5 10 7 0 3 6 5 6 2 7 6 6 6 4 5 0 4 5 6 2 8 5 5 3 4 6 0 4 5 5 3 9 7 5 3 11 1 10 6 5 3 6 6 8 6 6 5 5 7 9 4 5 6 3 5 3 8 5 4
0 7 9 7 4 6 8 4 6 5 5 12 6 6 9 6 7 8 9 5 3 11 8 4 2 4 5 5 4 11 6 5 5 8 1 5 4 8 2 6 4 8 5 10 7 0 3 6 5 5 2 10 5 6 6 4 7 0 4 4 6 2 8 5 5 3 4 6 5 0 8 4 5 9 9 5 5 10 6 11 5 4 3 6 6 10 5 6 5 5 7 9 4 4 6 3 4 3 8 7 6
0 7 7 7 4 5 8 4 5 2 5 12 6 4 8 5 7 7 8 5 3 10 8 4 2 3 6 5 4 10 5 5 5 8 1 4 3 8 1 6 3 8 1 8 7 0 3 5 2 4 2 9 5 6 6 4 7 0 4 3 5 1 8 1 5 3 3 6 5 3 0 3 5 8 9 4 5 9 4 11 4 4 3 5 6 9 2 6 5 5 7 9 4 5 5 3 3 3 7 6 6
0 6 6 7 3 2 7 4 6 1 5 11 6 3 7 6 4 6 7 5 3 11 8 4 2 0 5 5 4 9 6 5 5 6 1 1 4 6 2 6 0 6 1 7 6 0 3 6 4 1 2 6 2 6 5 4 6 0 3 0 6 2 7 4 5 3 3 5 5 4 5 0 2 8 6 1 2 6 5 10 1 1 3 6 5 8 1 6 5 3 6 9 4 5 2 2 0 3 6 3 3
0 7 9 7 4 7 8 4 6 6 5 10 6 6 9 6 2 8 9 5 3 11 8 4 2 5 6 5 4 9 6 5 4 8 1 6 4 8 2 4 5 4 5 10 7 0 3 6 5 6 2 9 7 6 4 4 7 0 4 5 6 2 8 5 5 3 4 4 5 4 8 5 0 9 9 5 5 9 6 8 6 6 3 6 6 10 6 6 5 5 7 9 4 5 7 3 5 3 8 8 6
0 7 9 7 4 7 8 4 6 6 5 10 6 6 9 6 2 8 9 5 3 11 8 4 2 5 6 5 4 9 6 5 4 8 1 6 4 8 2 4 5 4 5 10 7 0 3 6 5 6 2 9 6 6 4 4 7 0 4 5 6 2 8 5 5 3 4 4 5 4 8 5 0 0 4 5 0 7 6 8 6 5 3 6 6 10 6 6 5 5 7 9 4 5 7 3 5 3 8 8 1
0 7 9 7 4 7 8 4 6 6 5 12 6 6 8 6 4 8 8 5 3 11 8 4 2 5 4 5 4 8 6 5 5 8 1 6 4 8 2 6 5 8 5 10 7 0 3 6 5 6 2 10 7 6 6 4 7 0 4 5 6 2 8 5 5 3 4 6 5 4 8 5 5 9 0 5 5 11 6 11 6 6 3 6 6 9 6 6 5 5 7 9 4 5 7 3 5 3 8 8 6
0 7 9 7 4 7 8 4 6 6 5 12 6 6 9 6 7 8 9 5 3 11 8 4 2 5 6 5 4 11 6 5 5 8 1 6 4 8 2 6 5 8 5 10 7 0 3 6 5 6 2 10 7 6 6 4 7 0 4 5 6 2 8 5 5 3 4 6 5 4 8 5 5 9 9 0 5 11 6 11 6 6 3 6 6 10 6 6 5 5 7 9 4 5 7 3 5 3 8 8 6
0 7 9 7 4 7 8 4 6 6 5 10 6 6 9 6 2 8 9 5 3 11 8 4 2 5 6 5 4 9 6 5 4 8 1 6 4 8 2 4 5 4 5 10 7 0 3 6 5 6 2 9 6 6 4 4 7 0 4 5 6 2 8 5 5 3 4 4 5 4 8 5 0 9 4 5 0 9 6 8 6 5 3 6 6 10 6 6 5 5 7 9 4 5 7 3 5 3 8 8 1
0 3 9 3 4 4 8 4 6 5 5 8 6 6 9 3 4 8 5 2 3 11 8 4 2 4 6 5 4 8 6 4 5 1 1 5 4 8 2 5 4 5 4 10 7 0 3 6 5 5 2 7 5 6 6 4 3 0 4 4 6 2 8 4 5 3 4 6 5 4 8 4 4 9 7 5 5 0 4 11 5 4 3 6 6 6 5 5 5 5 6 9 4 5 4 3 4 3 8 7 6
0 4 9 7 4 5 8 4 6 6 5 9 6 6 9 6 7 8 6 5 3 11 8 4 2 5 6 5 4 9 6 5 5 8 1 6 4 8 2 6 5 8 5 10 7 0 3 6 5 6 2 6 7 6 6 4 4 0 4 5 6 2 8 5 5 3 4 6 5 4 4 5 5 9 8 5 5 11 0 11 6 6 3 6 6 7 6 6 5 5 7 9 4 5 5 3 5 3 8 8 6
0 7 2 7 4 5 8 4 6 2 5 11 6 4 3 4 5 6 4 5 3 11 7 4 2 3 5 5 4 7 6 5 5 8 1 4 4 8 2 6 3 8 1 8 7 0 3 4 2 4 2 6 5 6 6 4 7 0 4 3 6 2 8 1 5 3 4 6 5 4 8 3 5 8 1 4 5 9 4 0 4 4 3 4 6 5 2 6 5 5 7 9 4 5 5 3 3 3 7 6 6
0 7 9 7 4 7 8 4 6 6 5 12 6 6 9 6 7 8 9 5 3 11 8 4 2 5 6 5 4 10 6 5 5 8 1 6 4 8 2 6 5 8 5 10 7 0 3 6 3 6 2 5 7 6 6 4 7 0 4 5 6 2 7 5 5 3 4 6 5 4 8 5 5 9 9 5 5 11 6 11 0 6 3 6 6 10 6 6 5 5 7 9 4 5 7 3 5 3 8 8 6
0 6 6 7 2 2 6 4 6 1 5 11 6 3 7 6 4 6 7 5 3 11 8 4 2 0 5 5 3 9 6 5 4 6 1 1 4 6 2 6 0 6 1 7 6 0 3 6 4 1 2 6 1 6 4 4 6 0 2 0 6 2 7 3 5 3 2 4 5 4 5 0 2 8 6 1 2 6 5 10 1 0 3 6 5 8 1 6 5 3 6 9 4 5 2 1 0 3 6 3 3
0 4 9 7 3 5 7 4 6 3 5 9 3 5 8 6 6 8 6 5 0 11 6 4 2 5 6 2 4 9 6 2 4 8 1 6 4 8 2 4 5 8 4 9 4 0 3 6 5 6 2 8 6 6 4 4 4 0 3 5 5 2 7 4 2 3 4 4 5 4 7 5 4 9 7 5 4 10 6 11 6 6 0 6 6 7 3 3 5 5 7 9 4 5 5 2 5 0 8 8 5
0 7 4 7 3 7 8 4 6 6 5 7 6 6 3 6 7 8 4 5 3 11 7 4 2 5 6 4 4 7 6 4 3 8 1 6 4 8 2 6 5 8 5 10 7 0 3 6 5 6 2 6 7 6 5 4 7 0 4 5 6 2 8 5 5 3 4 5 5 4 8 5 5 6 5 5 5 11 6 6 6 6 3 0 6 5 6 5 5 5 7 9 4 5 5 3 5 3 8 8 6
0 7 9 3 4 6 5 4 6 6 5 12 6 6 9 6 4 8 4 5 3 11 7 4 2 5 6 3 4 7 6 3 5 8 1 6 4 7 2 6 5 8 5 10 7 0 3 6 5 6 2 6 7 2 6 4 7 0 4 5 6 2 2 5 3 3 4 6 5 4 8 5 5 9 6 5 5 11 4 11 6 6 3 6 0 5 6 4 5 5 7 9 4 5 5 3 5 3 2 8 6
0 3 7 4 4 4 8 4 6 2 5 8 6 4 8 6 5 8 5 5 3 11 2 4 2 3 5 5 4 2 6 5 5 8 1 4 4 5 2 4 3 4 1 8 7 0 3 6 2 4 2 1 5 3 4 4 3 0 4 3 5 2 8 1 5 3 4 6 2 4 7 3 4 8 1 4 5 9 3 11 4 4 3 6 6 0 2 6 5 5 6 9 4 5 4 3 3 3 3 6 6
0 7 9 7 4 5 8 4 6 6 5 12 6 2 6 6 5 8 7 5 3 11 8 4 2 5 6 5 4 10 6 5 5 8 1 6 4 8 2 6 5 7 5 6 7 0 3 6 5 6 2 8 7 6 6 4 7 0 4 5 6 2 8 5 5 3 4 6 5 4 8 5 3 9 7 5 3 11 6 9 6 6 3 6 6 8 0 6 5 5 7 9 4 5 5 3 5 3 8 8 4
0 6 9 5 4 6 8 4 6 6 3 11 6 6 9 6 6 6 8 5 3 11 8 4 2 5 6 5 4 11 6 5 5 8 1 4 4 6 2 6 5 8 5 10 7 0 3 6 5 6 2 8 7 4 6 4 6 0 4 5 6 2 6 5 5 3 4 6 5 4 8 5 5 9 9 5 5 8 6 11 6 6 3 6 4 9 6 0 3 5 7 9 4 5 6 3 5 3 6 8 6
0 3 9 2 4 4 6 4 6 3 0 8 6 5 9 6 3 3 5 5 3 11 8 3 2 5 5 4 4 8 6 4 4 8 1 6 4 3 2 5 5 8 4 9 7 0 3 6 5 6 2 5 7 1 4 4 3 0 4 5 6 2 3 4 4 3 4 4 5 4 7 5 4 8 7 5 5 11 3 11 6 6 3 6 1 6 3 5 0 5 6 9 4 5 4 3 5 3 3 8 6
0 7 9 7 4 7 8 4 6 6 5 11 6 6 9 6 7 8 9 5 3 11 8 4 2 5 6 5 4 9 6 5 5 8 1 6 4 8 2 6 5 8 5 10 7 0 3 6 5 6 2 9 7 6 6 4 7 0 4 5 6 2 8 5 5 3 4 6 5 4 8 5 5 9 9 5 5 11 6 11 6 6 3 6 6 8 6 6 5 0 7 9 4 5 7 3 5 3 8 8 6
0 7 9 7 4 7 8 4 6 6 5 12 6 6 9 6 7 8 9 5 3 11 8 4 2 5 6 5 4 11 6 5 5 8 1 6 4 8 2 6 5 7 5 10 7 0 3 6 5 6 2 10 7 6 5 4 7 0 4 5 6 2 8 5 5 3 4 5 5 4 8 5 5 9 9 5 5 11 6 11 6 6 3 6 6 10 6 6 5 5 0 9 4 5 7 3 5 3 8 8 6
0 6 0 5 2 4 8 2 6 4 3 8 6 6 5 2 6 4 6 5 3 11 6 4 2 3 5 4 2 9 5 4 3 8 1 4 4 6 2 4 3 7 3 10 7 0 1 2 4 4 2 8 4 4 4 4 6 0 2 3 6 2 6 3 5 3 4 4 3 4 6 3 4 8 3 3 5 9 4 8 4 3 3 2 4 7 4 5 3 5 5 0 2 4 4 3 3 3 6 6 6
0 7 7 7 3 5 8 4 6 2 5 11 5 4 8 6 7 8 9 5 3 11 8 4 2 3 6 4 0 11 6 4 3 8 1 4 4 8 2 2 3 8 1 8 6 0 3 6 2 4 2 9 5 6 3 4 7 0 4 3 6 2 8 1 5 3 4 3 5 4 8 3 5 8 5 4 5 9 4 7 4 4 3 6 6 10 2 5 5 5 3 9 0 5 5 3 3 3 7 6 6
0 7 9 7 2 7 6 4 6 4 5 12 6 6 7 6 5 8 5 5 3 11 8 1 2 5 1 1 4 8 6 1 4 8 1 6 4 8 2 6 5 7 3 10 7 0 3 6 4 5 2 7 4 6 4 4 7 0 2 5 6 2 8 3 5 3 4 4 5 4 6 5 3 6 6 5 3 10 6 10 6 6 3 6 6 6 4 2 5 5 7 9 4 0 6 1 5 3 8 7 4
0 7 9 7 4 7 8 4 6 6 5 12 6 6 9 6 7 8 9 5 3 11 8 4 2 5 6 5 4 11 6 5 5 8 1 6 4 4 2 6 5 8 5 10 7 0 3 6 5 6 2 9 7 6 6 4 7 0 4 5 6 2 8 5 5 3 4 6 5 4 7 5 5 9 9 5 5 11 3 9 6 6 3 6 6 10 6 6 5 5 7 9 4 5 0 3 5 3 8 8 6
0 7 8 7 1 6 5 4 6 3 5 11 5 5 6 6 4 8 7 5 3 11 8 4 2 4 6 4 4 10 6 4 3 8 1 5 4 8 2 6 4 6 2 9 7 0 3 6 3 4 2 9 6 6 3 4 7 0 1 4 6 2 8 2 5 3 4 3 5 4 5 4 2 9 6 4 2 10 5 9 5 5 3 6 6 8 3 5 5 5 7 9 4 5 6 0 4 3 8 6 3
0 6 7 7 4 2 8 4 6 4 5 11 6 6 9 6 4 6 7 5 3 11 8 4 2 0 5 5 4 9 6 5 5 6 1 4 4 6 2 6 0 6 1 10 6 0 3 6 5 1 2 9 5 6 6 4 6 0 4 3 6 2 7 5 5 3 4 6 5 4 8 3 2 8 6 1 2 6 5 10 4 4 3 6 5 8 4 6 5 3 6 9 4 5 2 3 0 3 7 3 3
0 4 9 7 3 5 7 4 6 5 5 9 3 6 8 6 6 8 6 5 0 11 6 4 2 5 6 2 4 9 6 2 4 8 1 6 4 8 2 4 5 8 4 10 7 0 3 6 5 6 2 8 6 6 4 4 4 0 3 5 5 2 7 4 2 3 4 4 5 4 7 5 4 9 7 5 4 11 6 11 6 6 3 6 6 7 5 3 5 5 7 9 4 5 5 2 5 0 8 8 5
0 6 9 1 3 7 7 4 6 5 5 11 6 5 8 6 2 8 8 3 3 11 8 4 2 5 6 5 4 10 6 5 5 8 1 6 4 8 2 6 5 6 4 9 7 0 3 6 5 6 2 8 7 0 5 4 6 0 3 5 6 2 8 4 5 3 3 5 5 3 6 5 4 7 8 5 4 11 2 11 6 6 3 6 6 9 5 6 5 5 7 9 4 5 7 2 5 3 0 8 5
0 7 9 7 4 7 8 4 6 6 5 12 6 6 9 6 7 8 9 5 3 11 8 4 2 5 6 5 4 11 6 5 5 8 1 6 4 8 2 6 5 8 5 10 7 0 3 6 5 6 2 10 7 6 6 4 7 0 4 5 6 2 8 5 5 3 4 6 5 4 8 5 5 9 9 5 5 11 6 11 6 6 3 6 6 10 6 6 5 5 7 9 4 5 7 3 5 3 8 0 6
0 7 9 7 4 6 8 4 6 5 5 12 6 6 9 6 7 8 9 5 3 11 8 4 2 4 6 5 4 11 6 5 5 8 1 5 4 8 2 6 4 8 5 10 7 0 3 6 5 5 2 10 5 6 6 4 7 0 4 4 6 2 8 5 5 3 4 6 5 4 8 4 5 9 9 5 5 10 6 11 5 4 3 6 6 10 5 6 5 5 7 9 4 5 6 3 4 3 8 7 0
