100 4
1 1743 7 9
1 1392 8 6
5 1692 5 7
9 1117 7 10
1 789 6 1
7 794 7 6
4 1110 3 3
3 870 3 2
14 1295 10 9
9 1213 10 5
15 664 8 7
5 1278 3 2
26 700 4 10
20 1121 9 7
26 914 5 8
35 868 5 10
25 1118 3 7
22 1653 3 6
38 425 4 10
40 814 4 10
28 1202 2 7
38 1219 6 9
34 1281 8 8
45 442 8 10
37 993 10 8
10 1104 9 2
42 594 2 8
53 1168 7 10
48 1175 2 9
38 1560 6 7
46 838 6 7
46 420 8 7
66 449 3 10
34 1369 1 5
56 649 6 8
42 720 8 6
46 1510 9 6
69 1372 8 9
78 859 1 10
8 935 10 1
73 751 9 9
57 1321 10 7
75 1162 4 9
75 1099 2 9
43 445 8 5
71 1337 9 8
9 970 7 1
48 1378 10 5
39 805 3 4
39 1709 2 4
70 1199 3 7
92 603 4 9
92 663 7 9
98 480 3 9
89 1527 3 8
45 1439 6 4
70 1069 1 6
60 1177 7 5
86 1749 3 7
99 628 2 8
87 1336 2 7
77 1041 10 6
79 1133 2 6
79 1257 4 6
83 863 2 6
98 1629 7 7
31 540 4 2
94 1688 2 6
81 950 7 5
98 635 6 6
99 653 1 6
17 691 7 1
68 1068 5 4
74 500 5 4
94 1471 9 5
81 1664 2 4
88 1593 5 4
92 1343 7 4
96 1654 3 4
73 649 9 3
74 1665 8 3
99 622 7 4
52 1291 5 2
58 1595 7 2
31 1098 9 1
35 676 7 1
84 816 2 2
44 1744 1 1
94 1609 5 2
96 1374 6 2
51 1105 5 1
54 1030 8 1
60 1500 8 1
72 462 6 1
77 1464 4 1
81 1781 9 1
84 1610 4 1
84 1393 7 1
93 1759 3 1
100 1752 2 1
SETUP
0 45 37 48 40 10 38 29 16 13 21 22 24 5 29 36 31 36 41 24 21 3 7 40 42 38 38 40 14 21 23 51 38 28 0 23 23 11 39 19 6 49 7 38 28 35 12 25 33 27 40 33 20 29 18 36 47 25 13 26 26 4 35 24 41 25 27 22 39 42 22 39 42 31 40 19 21 16 34 13 9 40 27 10 12 16 19 35 49 2 26 33 27 8 9 27 33 46 10 28 29
0 0 27 43 31 21 20 36 9 26 2 55 47 43 28 27 22 31 12 29 34 34 32 39 15 41 29 2 9 37 12 37 40 35 21 13 41 16 38 21 18 18 28 23 33 41 38 9 25 27 28 15 32 46 17 28 30 37 19 41 34 37 28 47 9 41 37 25 51 37 32 29 10 16 32 24 51 42 18 30 34 26 32 35 26 31 37 41 10 35 30 32 18 40 35 51 20 34 16 28 28
0 30 0 32 8 25 41 25 42 49 14 18 43 39 39 42 15 29 26 37 24 23 23 32 27 13 37 33 30 17 7 53 19 39 5 16 28 5 3 31 25 42 15 15 35 32 23 23 20 8 30 43 45 24 34 52 37 20 20 29 34 24 17 36 30 27 18 29 11 7 32 2 11 46 40 19 28 26 32 32 33 55 2 34 14 29 10 21 28 27 8 39 13 27 12 41 7 27 28 22 41
0 37 37 0 25 37 15 49 35 46 49 11 25 20 14 29 24 12 14 34 43 29 12 20 26 33 19 46 35 35 24 6 8 45 15 41 30 42 43 21 48 55 26 21 14 32 27 43 18 21 53 30 37 18 37 16 31 34 39 28 45 37 10 14 14 32 20 36 28 23 33 10 10 55 28 19 27 11 11 37 44 38 46 17 18 26 22 28 35 39 11 51 53 19 45 39 21 32 31 18 51
0 45 23 34 0 37 44 38 21 28 44 49 30 46 22 25 38 55 34 13 22 16 28 10 26 23 8 32 29 25 54 23 27 21 35 43 39 36 49 4 17 14 22 30 14 40 25 30 13 25 27 25 34 22 18 23 40 14 30 39 40 37 14 36 26 34 26 21 25 18 36 1 50 2 29 12 25 39 23 13 27 37 27 10 22 21 41 30 28 15 33 41 35 22 17 17 31 48 21 20 20
0 28 39 20 13 0 33 6 11 33 10 12 15 28 26 26 40 48 33 24 33 33 28 42 32 15 23 20 26 25 55 30 8 32 6 49 24 17 23 31 33 24 35 41 9 18 14 46 17 43 16 33 23 53 33 18 30 30 23 28 24 14 38 32 22 47 3 4 13 37 33 12 8 35 38 27 38 25 50 39 23 33 1 21 1 28 34 27 31 48 43 22 42 45 45 21 21 12 38 51 36
0 22 21 15 52 29 0 45 3 17 40 26 18 48 21 31 18 50 31 49 43 26 29 31 20 48 17 50 47 40 35 32 15 33 34 45 21 43 38 14 19 41 32 31 17 29 22 36 38 29 48 27 41 30 14 39 1 14 10 25 34 22 50 40 45 29 27 12 34 9 18 35 22 24 20 31 38 18 47 20 36 33 18 10 34 31 23 30 31 14 22 45 6 30 27 10 45 30 12 41 31
0 31 34 17 35 12 39 0 22 2 14 22 38 39 29 27 1 3 17 30 40 21 35 42 21 25 46 30 17 25 45 28 29 18 29 27 24 26 30 37 38 32 26 10 27 34 30 42 20 22 24 2 6 34 24 24 32 35 37 24 13 29 17 38 33 33 18 43 12 44 16 22 24 18 15 21 22 26 31 15 53 26 11 28 14 12 37 30 13 41 23 27 8 28 35 23 22 17 32 36 3
0 28 37 20 10 19 36 15 0 17 11 50 30 18 45 30 11 17 39 49 49 22 32 27 33 6 34 36 18 45 7 17 16 48 36 6 26 27 17 15 14 15 31 43 36 17 25 20 46 17 23 39 38 13 35 47 17 12 46 41 37 35 28 3 51 23 24 21 18 25 2 19 30 43 39 34 52 45 44 22 21 11 22 20 50 8 14 28 38 7 30 47 17 15 54 21 37 47 22 35 28
0 33 41 37 10 21 11 2 26 0 15 24 54 41 7 50 24 29 29 18 43 27 11 23 10 29 43 29 47 29 19 19 13 20 2 24 2 49 20 27 13 37 29 23 37 19 33 8 41 18 44 14 32 30 19 28 32 27 41 31 23 20 21 14 35 42 26 20 8 24 32 25 46 18 16 53 50 20 14 9 34 41 4 30 37 18 37 39 21 30 34 43 32 53 12 51 34 31 41 5 22
0 28 37 16 33 19 13 24 24 17 0 46 23 45 25 43 36 2 34 11 40 19 43 46 22 48 17 25 27 49 11 43 48 42 35 5 28 13 33 16 17 16 18 33 25 23 28 15 45 44 25 22 36 30 47 25 32 25 41 1 33 24 40 48 23 9 41 18 26 34 23 20 45 18 19 8 18 27 16 16 28 17 35 33 37 25 32 35 19 26 24 37 32 23 50 33 19 41 20 42 33
0 45 25 23 11 27 31 28 20 20 49 0 2 31 29 34 20 47 40 15 23 32 36 8 34 44 31 20 34 19 13 20 10 24 10 44 37 37 16 21 24 31 28 35 19 31 11 10 37 23 46 33 30 16 33 17 46 11 30 23 54 24 43 23 8 52 36 26 15 31 22 38 35 38 34 39 22 13 49 19 28 33 40 50 30 13 34 23 9 28 52 49 40 23 48 46 26 30 12 42 28
0 35 40 38 20 35 19 43 38 21 48 48 0 44 18 27 42 43 21 36 45 38 18 34 2 11 13 43 45 28 25 26 28 39 14 35 20 22 23 17 22 16 20 23 17 38 3 23 34 18 25 51 6 13 30 44 31 30 26 26 7 10 4 12 14 20 34 13 22 34 25 14 29 34 4 32 28 42 40 29 12 27 34 48 34 37 20 14 9 17 26 7 36 23 34 19 35 21 48 0 16
0 39 40 39 34 2 30 40 23 13 32 54 35 0 28 31 6 30 19 25 14 19 3 35 19 22 26 23 26 12 30 34 9 22 45 15 14 33 34 13 6 22 9 29 47 10 13 21 27 26 21 26 31 30 20 22 19 33 6 34 25 24 28 23 22 28 36 18 47 13 25 6 32 50 10 19 43 8 28 30 41 18 17 50 18 23 34 34 18 34 30 44 7 32 35 40 38 17 30 51 48
0 40 36 32 21 38 17 36 27 44 41 7 11 45 0 27 7 26 13 37 14 26 19 29 16 42 19 12 20 39 7 31 30 18 29 35 29 36 33 27 24 39 10 17 10 9 44 39 14 17 35 27 36 1 21 19 34 28 30 30 44 38 10 41 30 43 23 27 23 41 24 26 21 24 40 5 38 14 18 31 51 8 19 37 15 29 43 34 22 21 23 23 22 40 10 28 25 6 21 33 29
0 44 15 35 5 26 37 19 31 44 37 17 26 49 28 0 36 25 41 40 16 11 21 45 6 29 21 30 45 26 23 15 41 40 22 10 42 19 22 22 6 31 31 16 46 37 38 27 32 7 28 34 33 23 37 23 44 20 25 8 27 13 33 22 8 39 19 14 15 33 40 20 38 8 31 22 21 41 11 39 26 22 32 20 23 33 19 26 23 52 22 14 27 51 18 23 10 26 34 39 9
0 21 27 29 15 28 30 10 44 18 43 16 47 39 27 34 0 11 19 24 41 23 37 46 25 33 33 25 19 5 38 34 22 37 33 9 33 23 22 8 26 32 16 19 51 28 19 23 3 25 18 51 26 20 31 25 28 52 40 26 45 29 39 2 18 27 35 38 36 16 4 41 41 27 30 41 30 16 21 7 15 22 15 4 44 39 5 33 34 19 47 43 16 33 19 13 18 33 36 21 8
0 40 30 20 49 27 37 6 43 27 3 12 26 32 28 20 39 0 23 24 19 13 26 23 6 31 8 34 19 32 20 23 33 25 30 10 35 27 17 32 10 48 30 24 15 41 25 10 33 11 13 37 27 23 31 30 28 5 27 26 21 55 44 21 43 43 15 18 32 16 43 21 21 2 31 46 1 5 15 31 9 36 34 34 29 21 33 28 22 12 37 38 12 31 37 11 37 40 24 55 31
0 55 24 33 27 45 23 39 27 36 12 29 38 18 5 25 19 12 0 18 35 28 29 19 40 29 23 22 25 24 21 41 41 11 34 47 16 18 42 21 21 38 25 4 25 27 53 47 9 11 44 30 30 47 25 40 36 10 29 30 2 15 34 47 31 21 43 41 26 14 5 22 36 19 34 17 28 10 47 41 13 23 22 23 20 33 35 35 24 25 40 16 5 36 26 22 35 23 22 0 20
0 22 40 18 5 21 21 8 32 23 45 33 40 7 1 26 45 13 5 0 20 36 31 37 33 51 27 37 19 39 47 33 23 31 42 25 33 29 55 19 32 30 0 16 32 7 26 40 35 14 21 14 11 53 47 40 13 49 15 39 26 23 44 17 26 37 14 3 31 35 18 15 33 30 25 41 20 27 25 14 17 37 15 6 26 28 43 28 9 19 26 21 5 14 15 26 19 3 27 41 46
0 7 29 33 10 44 46 24 28 40 18 27 25 20 28 24 37 22 25 1 0 23 27 10 23 15 42 34 27 26 37 21 41 33 47 21 23 10 37 35 16 29 27 46 13 27 17 35 31 23 51 36 29 37 19 38 29 27 24 21 35 19 17 29 12 13 21 54 19 39 21 16 20 39 33 40 29 23 20 29 40 51 22 29 19 15 43 33 18 29 24 24 20 28 37 38 22 14 24 16 27
0 29 24 22 38 16 46 22 40 24 2 40 19 22 37 16 26 21 43 25 15 0 19 7 31 51 51 28 34 40 18 27 32 16 27 33 23 25 30 25 39 38 43 33 36 19 18 21 27 32 30 26 40 29 32 37 29 33 10 39 22 46 35 40 50 24 37 15 25 40 34 28 17 17 19 29 2 45 33 31 29 39 22 42 49 27 31 8 35 24 6 28 39 36 41 14 11 46 49 33 33
0 31 31 41 10 25 21 39 36 2 35 26 38 22 28 30 22 21 13 17 13 18 0 15 20 1 18 24 17 19 47 28 24 50 38 36 43 17 7 44 14 32 33 12 25 44 16 13 20 19 36 19 40 28 34 32 26 11 12 32 41 11 36 37 27 44 25 16 25 36 23 22 34 9 19 17 43 25 50 27 27 45 36 28 2 33 18 42 11 25 10 37 41 38 10 40 44 11 23 15 28
0 35 25 20 28 33 26 10 13 33 26 42 28 48 38 43 28 50 24 45 47 26 2 0 35 43 27 15 26 12 10 36 37 18 37 34 16 40 29 4 18 23 29 16 4 48 37 23 7 41 31 44 36 18 20 30 43 7 12 38 26 36 22 9 10 7 44 18 38 39 24 26 28 38 36 35 49 10 4 37 13 23 20 19 38 22 31 21 22 45 27 40 33 39 14 12 27 25 25 2 38
0 36 24 7 46 20 24 43 14 25 23 1 41 31 31 33 42 26 26 30 36 19 33 18 0 16 23 38 13 25 42 21 14 40 49 22 21 32 22 24 44 19 35 28 24 40 42 23 37 41 16 28 9 29 18 11 20 34 46 13 36 19 48 28 21 43 31 40 35 14 43 11 25 13 25 53 42 38 25 39 3 29 46 15 23 31 34 14 19 49 30 35 31 12 48 18 22 25 45 37 21
0 41 14 17 16 37 38 15 43 24 15 43 37 16 30 18 24 38 43 46 3 10 29 42 22 0 51 45 12 31 17 46 34 39 11 46 29 25 4 23 16 12 49 41 44 16 21 21 54 31 32 39 31 32 34 35 14 31 12 7 27 31 13 10 43 37 14 31 34 12 17 22 28 24 21 32 26 30 23 24 15 24 23 23 22 9 12 17 26 12 21 43 38 21 17 26 7 18 15 46 13
0 40 21 36 53 19 47 50 30 47 17 34 25 47 34 38 39 30 29 6 48 33 16 17 34 18 0 21 1 37 12 17 14 43 20 42 33 30 36 49 37 27 26 6 2 35 32 28 22 27 26 20 54 27 33 35 33 35 28 1 33 31 36 33 38 29 12 33 24 19 40 15 28 5 24 21 47 35 32 5 29 30 28 20 7 35 37 26 21 40 28 44 27 41 32 14 16 17 30 19 12
0 31 45 48 31 18 32 42 19 23 23 9 22 34 29 27 34 51 36 29 24 12 26 21 15 26 26 0 23 55 25 45 12 52 27 35 24 14 49 9 9 22 23 33 47 39 43 49 28 5 9 19 11 38 54 31 28 44 13 33 19 29 38 11 16 37 12 24 44 35 24 21 41 3 12 27 38 49 17 32 29 37 11 24 13 40 8 17 29 45 25 11 9 22 18 19 24 14 18 30 17
0 11 35 31 22 39 38 26 33 34 16 42 26 33 39 36 8 36 38 18 20 28 33 27 7 8 13 20 0 31 30 52 13 22 31 16 13 27 15 37 16 18 28 9 30 26 15 31 30 26 28 20 31 39 32 16 11 27 15 27 14 49 49 25 16 40 45 4 28 26 29 22 14 28 29 37 8 7 25 5 28 49 3 41 54 46 20 44 19 26 40 36 36 34 26 42 15 28 40 17 21
0 41 43 36 53 42 9 5 9 18 22 28 1 45 21 35 31 16 53 32 22 25 17 50 38 39 34 43 39 0 30 26 43 23 11 42 23 27 31 40 37 43 21 11 13 34 33 21 20 26 26 9 46 20 36 26 18 43 39 27 39 21 47 31 31 34 32 20 27 17 43 14 43 17 9 26 37 5 35 34 37 28 28 28 45 24 15 40 35 14 19 4 21 29 43 21 42 42 16 39 35
0 15 20 37 4 15 27 39 43 37 50 50 16 36 9 29 44 25 31 39 45 13 37 25 36 42 33 10 24 21 0 24 22 11 35 22 37 18 10 37 32 38 14 26 51 18 29 17 30 16 26 28 34 46 3 52 46 11 19 16 3 40 28 21 19 26 12 27 29 42 7 29 43 24 13 35 8 27 34 17 24 53 18 23 20 33 20 11 27 21 35 38 18 19 16 38 48 40 51 37 34
0 27 53 15 15 14 17 45 38 52 40 25 12 32 37 7 39 19 27 23 35 17 17 42 17 36 5 34 38 25 40 0 24 37 32 45 20 7 22 46 43 43 38 39 54 30 14 33 18 20 29 45 4 11 30 46 27 16 44 46 9 20 47 8 24 34 20 43 39 8 5 23 54 17 36 5 14 34 46 11 28 20 38 13 12 40 35 27 26 27 13 26 38 21 32 46 33 44 5 25 29
0 37 7 33 15 24 24 37 20 35 24 34 13 37 43 47 44 37 18 27 28 17 21 42 37 30 47 16 12 18 37 31 0 30 17 29 19 15 40 17 34 17 16 28 20 29 40 41 39 33 13 33 48 23 47 39 36 36 35 15 30 42 28 29 13 29 31 35 15 13 30 41 42 42 24 27 17 9 25 43 50 24 19 54 38 11 31 23 17 41 40 8 39 6 47 30 37 35 39 21 42
0 31 20 29 29 21 31 29 21 19 40 39 25 37 40 16 28 16 33 40 27 54 44 31 6 14 2 19 53 48 28 27 13 0 6 22 35 27 11 46 0 24 49 29 32 26 30 29 20 16 26 25 22 23 23 13 27 48 28 42 37 39 30 25 10 34 36 6 31 20 32 32 14 23 38 32 55 43 44 16 43 27 19 20 23 7 29 28 11 16 49 1 13 38 32 29 37 31 40 24 34
0 22 13 24 13 28 24 2 19 25 36 37 34 34 46 17 12 35 14 26 49 35 19 30 26 23 50 35 36 31 30 29 44 35 0 17 42 31 30 43 12 30 16 13 12 3 27 22 27 23 10 43 19 32 46 36 55 15 34 28 10 30 24 44 31 38 39 45 27 24 16 25 35 21 53 45 40 28 14 19 33 22 40 47 21 55 32 24 33 24 45 6 41 15 8 20 38 4 38 12 18
0 27 16 10 14 19 42 38 36 30 15 33 13 24 31 49 7 18 20 38 23 45 28 23 46 8 50 13 36 26 20 8 38 29 47 0 33 46 32 44 45 28 36 52 47 45 20 48 27 16 22 17 26 18 25 11 15 43 20 46 37 38 7 32 50 38 26 27 38 44 32 30 33 35 41 21 28 10 29 47 24 29 35 25 24 31 8 19 38 28 55 5 29 43 25 20 19 30 12 42 32
0 20 25 26 45 33 5 21 17 25 23 31 17 7 1 39 26 10 15 19 30 31 37 44 26 32 20 37 24 22 46 27 12 34 16 25 0 10 23 15 27 25 25 27 50 22 43 32 30 33 1 11 6 35 24 25 30 5 47 45 37 27 35 23 18 30 42 33 21 14 12 34 26 40 32 14 29 15 22 26 41 5 18 22 30 46 5 38 42 15 23 20 29 9 28 24 27 17 42 48 14
0 22 22 12 41 28 27 42 46 23 26 20 28 5 47 7 8 26 30 24 40 52 51 24 20 5 1 17 5 18 34 15 46 36 39 27 19 0 37 19 32 31 24 18 23 22 16 3 30 32 50 25 35 18 29 19 54 13 42 41 23 34 26 10 30 24 16 26 16 38 21 37 22 36 11 29 50 33 35 45 14 31 38 19 37 55 18 29 20 9 15 31 19 34 29 29 17 23 19 41 24
0 17 45 12 5 39 52 52 36 39 27 18 29 7 43 26 17 3 28 51 39 22 34 24 9 24 14 24 29 44 41 34 40 16 34 14 34 47 0 25 30 29 34 53 28 55 12 26 30 37 25 32 47 46 24 5 38 28 22 23 27 39 30 38 33 35 42 10 6 28 37 21 45 39 23 4 17 40 36 25 22 44 30 38 30 2 25 44 25 43 17 41 7 38 13 17 26 35 10 32 35
0 24 27 19 17 39 18 39 40 38 42 14 52 25 15 32 49 17 26 21 42 27 0 22 42 27 15 50 3 28 21 38 31 36 38 37 50 27 23 0 33 41 27 44 40 36 17 20 29 30 31 20 39 21 55 28 46 29 28 43 35 25 28 31 30 51 33 42 35 17 22 30 31 3 29 24 44 37 26 29 12 21 0 28 31 32 9 23 20 17 45 36 13 13 36 49 35 48 24 31 15
0 13 22 22 28 41 2 44 11 20 8 40 33 19 32 15 28 25 48 19 17 16 53 38 16 49 49 49 27 11 7 23 35 38 26 39 21 20 43 22 0 23 1 9 13 24 34 48 48 42 27 22 35 10 34 15 16 47 20 36 33 18 22 27 42 45 22 42 20 31 44 39 32 42 31 38 21 38 11 19 27 45 42 13 36 27 52 22 8 15 33 9 29 22 21 53 44 30 34 30 29
0 16 48 22 34 16 8 27 21 11 37 38 5 18 27 29 27 40 49 24 20 35 22 29 34 36 55 14 33 43 14 38 31 24 24 30 31 16 17 29 23 0 36 28 25 15 23 6 3 45 36 7 21 37 48 22 18 47 9 19 37 25 44 32 17 21 35 47 8 25 38 14 29 19 44 53 7 3 48 30 51 13 30 28 45 32 9 25 19 20 11 34 37 20 23 31 28 53 16 23 37
0 20 27 24 24 38 9 34 9 19 19 46 14 22 20 32 27 28 22 30 32 24 24 47 43 19 36 9 41 40 15 10 33 18 28 37 41 18 21 30 31 32 0 37 35 29 21 50 43 5 14 39 33 21 52 13 4 1 29 16 25 7 28 48 17 20 6 50 21 30 30 12 8 33 28 29 45 16 53 41 35 36 1 37 2 46 20 50 37 37 39 30 29 29 30 51 27 4 41 37 38
0 32 21 19 39 30 15 16 15 42 34 12 7 2 20 27 20 36 52 39 54 17 9 18 42 41 34 26 44 15 20 27 42 49 37 20 30 26 28 12 30 29 38 0 19 31 16 36 24 23 9 15 16 25 7 6 1 33 52 33 33 51 5 26 46 14 21 39 27 7 51 44 44 29 49 24 19 22 51 24 38 4 27 3 38 19 31 27 22 13 28 26 37 13 47 19 35 46 35 30 21
0 43 26 36 26 45 29 16 5 45 39 48 30 0 18 45 41 2 37 45 24 24 42 18 47 20 38 24 27 15 4 43 38 40 4 28 29 31 23 17 29 43 29 29 0 13 19 26 37 29 22 36 47 27 22 31 33 5 34 36 28 20 21 21 12 21 25 7 41 39 20 22 25 5 31 33 36 11 15 28 17 12 31 24 12 29 8 18 24 43 26 18 5 37 11 44 36 37 33 32 23
0 42 45 27 24 30 40 29 44 39 4 42 35 22 33 34 2 21 49 35 24 45 30 15 42 27 25 34 10 17 16 28 22 40 28 20 21 55 38 18 41 25 42 24 26 0 40 14 18 34 40 43 38 13 41 40 38 29 39 18 14 37 34 30 14 30 22 26 43 49 25 6 53 30 33 19 27 16 19 32 23 16 16 27 36 45 11 41 21 14 26 30 41 36 28 26 40 31 30 14 43
0 28 25 28 28 43 29 10 23 43 34 25 50 17 31 24 17 15 31 17 43 34 26 50 16 32 30 48 32 20 38 21 11 26 15 38 22 32 31 15 31 44 18 41 22 22 0 30 29 29 30 27 25 44 27 24 13 32 29 43 35 6 21 36 20 47 45 31 43 40 30 23 42 20 22 14 44 31 47 14 9 43 38 16 31 21 35 25 20 26 39 23 29 30 41 22 39 22 55 26 21
0 1 21 5 38 48 23 44 18 18 26 22 15 22 29 32 10 24 26 30 22 30 24 42 19 24 14 13 45 12 31 10 33 31 36 41 16 10 38 14 32 22 38 34 21 24 10 0 42 27 24 27 32 40 40 32 29 29 26 22 16 25 33 30 15 13 41 41 11 30 47 42 19 39 21 43 39 19 30 38 42 28 13 32 42 15 25 24 24 11 29 36 18 28 42 28 14 27 42 42 46
0 7 28 21 33 32 27 36 35 19 37 20 36 26 25 11 34 24 26 49 42 40 50 36 36 12 29 46 42 19 15 25 45 16 20 23 14 28 36 30 21 11 26 19 19 36 25 18 0 25 23 45 4 33 38 36 54 37 37 5 29 32 36 28 12 17 50 32 41 14 16 35 54 2 44 25 31 35 20 46 47 37 20 33 30 21 14 20 49 39 23 26 22 31 20 44 21 8 2 27 6
0 42 47 15 14 35 5 43 14 17 50 17 30 35 26 18 37 41 14 26 38 17 28 33 52 54 20 25 15 31 12 23 42 22 18 35 31 23 37 38 29 42 17 23 25 52 41 11 13 0 22 25 51 51 13 15 11 23 38 16 21 24 34 24 38 49 35 35 22 37 30 22 32 29 22 23 25 25 23 17 9 16 18 25 44 24 9 17 39 31 25 11 28 17 16 34 20 19 25 28 34
0 37 27 37 34 20 37 24 35 25 42 40 21 40 28 43 31 11 26 14 28 37 37 45 16 17 20 23 38 31 8 20 18 34 7 53 1 48 45 19 25 36 44 37 28 26 27 20 37 30 0 14 25 42 39 28 31 23 20 42 19 50 29 24 36 12 8 37 31 10 28 28 27 39 15 35 36 27 45 23 32 25 28 14 30 40 7 44 13 36 29 17 11 27 38 30 29 32 42 23 8
0 44 22 34 27 12 26 51 40 44 27 30 32 12 32 30 22 16 3 18 22 31 23 44 29 34 2 20 32 28 31 31 28 33 11 29 52 24 21 22 38 30 21 23 28 33 20 27 30 31 31 0 46 32 28 28 50 31 37 45 32 20 25 20 40 18 38 46 27 7 11 6 16 41 7 18 42 35 43 17 26 24 16 41 30 30 37 16 8 13 28 21 19 29 26 39 20 22 22 41 48
0 34 10 3 15 31 49 48 33 37 16 30 12 20 53 18 20 32 11 40 31 32 13 15 28 40 34 45 19 2 23 47 38 42 44 31 24 20 25 13 27 26 28 15 23 28 13 26 21 42 26 30 0 24 24 38 27 27 13 26 28 41 50 17 27 30 29 19 36 21 41 1 22 31 35 23 45 31 39 21 39 22 31 20 16 26 25 4 39 21 34 40 33 53 26 28 28 39 28 15 25
0 40 30 28 29 28 37 42 20 16 30 32 15 31 26 21 44 33 24 48 29 42 23 29 15 30 30 45 25 22 16 49 29 15 23 14 40 36 52 38 39 25 25 27 30 47 6 15 40 46 48 27 32 0 37 6 21 31 37 18 9 15 26 20 37 35 33 39 19 16 8 5 31 11 40 39 36 27 7 38 26 15 23 16 30 22 30 31 4 32 17 24 29 28 26 26 22 10 37 21 12
0 43 43 25 42 29 35 11 6 44 33 28 17 35 36 29 11 40 19 27 17 16 37 9 39 21 37 27 45 11 47 34 34 37 30 42 37 35 49 20 39 25 8 40 40 26 34 32 36 20 42 3 24 38 0 38 23 9 18 21 16 25 14 39 43 21 31 44 39 38 33 31 12 26 45 34 21 35 32 25 31 14 46 24 23 48 19 23 52 20 18 18 14 16 11 30 27 36 29 42 29
0 36 20 48 8 22 41 18 1 7 41 53 4 36 21 18 51 35 18 29 25 48 15 10 39 26 9 40 29 13 27 32 48 29 38 46 32 9 43 30 52 27 28 36 25 14 15 24 18 16 34 32 39 25 41 0 42 25 27 23 23 34 49 34 31 44 25 23 55 26 46 15 11 9 31 30 36 34 33 29 37 5 20 19 19 28 31 40 30 43 15 19 36 26 51 6 15 47 25 5 26
0 29 14 20 36 3 23 47 48 52 5 31 34 27 14 18 5 13 25 41 22 15 25 15 30 35 20 4 34 54 20 32 21 25 18 19 37 32 39 53 22 5 11 34 18 4 28 29 2 1 35 33 39 11 33 30 0 44 41 26 49 19 40 31 31 28 24 13 26 4 26 31 16 17 45 28 22 39 14 13 28 14 28 6 21 34 21 25 23 40 26 18 0 25 31 23 25 32 22 31 34
0 29 34 26 5 49 37 0 31 18 3 42 18 39 41 29 10 35 40 19 45 22 47 30 27 9 31 36 11 30 36 21 10 23 49 16 40 13 9 26 20 14 29 41 43 28 31 3 28 48 34 19 31 47 33 6 11 0 28 27 36 9 33 1 18 35 19 16 4 36 40 44 29 30 5 21 51 13 42 40 20 29 7 9 26 15 25 33 15 6 41 40 19 23 20 51 30 39 35 22 29
0 13 17 19 36 16 32 25 18 25 17 46 47 43 50 38 14 4 18 22 28 38 48 33 40 36 9 40 2 28 33 13 39 32 12 26 18 27 18 9 34 31 33 12 18 16 7 26 17 15 45 23 21 47 34 12 28 42 0 23 13 27 25 22 47 15 19 27 32 27 39 13 15 22 33 42 7 32 23 39 30 21 17 33 37 26 35 46 20 18 8 15 40 40 12 31 26 23 41 18 23
0 18 19 28 27 45 20 30 16 16 22 24 46 29 49 44 17 39 11 26 25 42 46 12 28 43 39 30 32 25 33 46 13 46 46 27 28 47 20 43 35 28 26 35 26 15 3 31 46 18 33 46 25 31 28 29 19 41 30 0 26 34 11 22 36 2 46 30 11 2 26 48 41 42 21 32 34 33 13 38 31 6 40 25 20 53 23 13 40 17 35 26 3 33 26 36 25 27 17 32 47
0 32 34 24 25 41 23 30 40 34 39 43 37 7 40 48 25 37 42 8 19 9 43 27 22 37 9 21 7 8 29 18 31 49 32 19 28 37 33 20 33 17 47 35 44 18 40 17 43 34 33 25 9 54 2 12 31 23 13 28 0 42 8 25 50 41 36 2 18 26 27 24 27 10 11 20 28 14 21 9 32 29 6 11 22 29 16 32 8 25 37 39 36 21 37 42 7 23 5 43 35
0 11 42 18 44 23 33 47 33 30 17 34 55 16 31 40 20 2 5 30 17 53 47 34 17 30 35 49 7 47 32 45 43 45 1 47 48 31 21 14 10 19 30 4 25 37 48 13 3 19 38 39 34 42 31 40 24 36 53 10 12 0 11 27 32 27 27 25 39 10 52 23 39 20 28 22 49 7 12 23 45 13 17 4 27 24 31 22 0 37 37 9 27 19 39 15 4 41 29 37 34
0 23 36 3 33 32 28 27 17 44 16 13 32 28 34 26 37 27 36 12 27 25 41 27 12 54 9 31 25 25 42 13 40 29 20 43 25 34 35 20 44 21 41 41 27 46 30 42 8 17 33 4 16 37 17 27 50 17 24 12 4 22 0 23 22 23 52 28 29 27 30 24 25 37 28 31 33 45 27 35 27 35 27 12 38 31 38 38 51 28 23 24 32 47 14 32 10 27 15 45 35
0 38 16 16 14 25 25 38 43 25 53 34 13 36 25 11 33 35 37 50 26 54 30 35 12 21 19 5 30 29 34 27 21 38 29 45 23 14 41 13 35 38 5 29 23 25 8 29 46 18 27 22 31 25 42 20 53 36 32 10 32 19 45 0 9 2 54 9 23 53 46 33 5 24 37 46 28 28 37 34 30 50 31 17 19 24 35 48 17 44 8 26 22 26 32 43 25 11 50 33 50
0 26 6 42 24 30 15 12 47 32 27 48 32 36 37 25 12 32 5 9 18 19 39 28 20 14 29 35 24 4 39 19 26 39 30 15 24 29 34 46 12 33 18 38 16 26 12 44 9 17 45 16 20 12 24 8 44 40 38 42 17 2 29 24 0 30 17 35 36 36 22 42 2 14 33 36 26 31 6 36 19 26 14 29 17 19 18 16 54 14 18 36 27 25 45 25 36 24 21 32 17
0 41 33 14 20 3 49 24 14 31 12 23 41 36 33 22 31 21 34 9 32 26 45 43 42 23 9 3 26 51 42 35 7 38 39 20 31 26 30 20 29 31 14 10 33 30 19 25 39 49 10 38 54 16 25 39 34 30 48 51 29 23 28 32 39 0 23 19 38 18 31 26 28 38 48 31 22 25 40 18 30 10 16 43 37 34 14 40 41 26 48 22 37 21 28 47 24 12 38 44 26
0 6 17 14 13 26 24 12 28 32 24 32 29 19 36 10 14 37 34 40 17 32 16 43 19 33 25 22 53 5 41 49 11 32 15 34 25 36 33 34 15 36 38 41 31 7 25 17 34 30 34 43 20 12 24 44 25 14 37 26 54 10 44 51 27 31 0 24 36 53 11 39 22 21 34 21 19 14 33 31 11 31 18 5 26 21 13 51 12 18 10 33 19 28 37 45 27 11 24 13 35
0 40 18 15 24 38 13 33 28 16 53 46 23 19 42 27 38 13 40 34 29 29 11 20 31 28 47 22 40 27 39 20 19 26 17 19 31 34 19 22 26 8 28 46 21 18 31 20 5 36 50 6 50 30 47 42 23 22 15 16 18 30 7 36 32 33 10 0 53 24 7 36 38 25 35 5 15 26 46 28 14 39 31 29 12 8 26 28 31 15 29 9 21 19 25 21 55 28 32 44 19
0 15 45 51 13 32 29 6 16 21 54 45 53 17 36 30 28 46 21 15 49 35 40 29 30 28 17 27 39 34 35 5 18 24 31 34 35 17 13 27 24 34 47 15 50 26 35 23 46 7 37 8 18 38 17 35 22 27 13 32 30 24 24 31 24 45 30 16 0 27 1 24 38 19 35 2 17 23 30 12 38 42 28 26 7 48 21 8 35 20 38 29 26 34 27 18 42 48 39 24 29
0 25 34 37 33 21 34 29 23 12 33 24 30 31 23 18 46 38 38 34 35 52 40 23 22 34 21 22 23 27 28 17 8 14 54 43 19 41 12 6 9 12 23 35 29 44 32 6 54 34 17 24 34 25 21 0 2 31 33 20 30 36 44 38 20 32 25 29 27 0 32 18 25 24 17 51 37 33 17 17 8 19 35 27 48 11 21 21 32 16 25 9 26 55 28 22 43 15 21 18 17
0 22 36 1 18 40 34 8 22 16 20 39 30 13 23 51 22 31 26 54 38 19 28 12 54 10 4 36 51 34 47 22 34 39 42 47 5 48 26 35 42 30 26 31 23 55 32 35 27 49 9 32 18 42 25 24 29 23 34 36 25 42 41 32 9 6 16 6 7 13 0 12 19 28 25 25 29 45 21 31 31 47 24 29 14 51 38 26 33 31 45 30 17 39 41 38 44 43 9 37 20
0 8 47 37 5 10 31 7 19 32 5 43 19 8 47 22 31 29 34 14 39 30 23 21 27 54 38 15 30 38 20 25 28 29 4 21 15 10 45 34 11 31 9 37 22 29 30 18 33 20 26 13 16 13 33 32 30 36 42 15 31 43 16 43 34 19 32 49 16 42 17 0 33 32 41 19 33 24 15 31 43 30 25 1 27 12 25 42 35 42 33 23 16 6 41 21 28 32 28 13 2
0 9 41 13 32 10 26 37 39 18 17 40 32 34 32 8 33 12 36 28 31 40 54 53 46 35 7 24 16 20 23 36 35 42 4 47 15 50 33 5 15 55 34 14 39 45 24 8 37 40 35 42 30 4 16 46 29 11 20 22 21 39 48 23 13 23 25 34 28 39 21 13 0 40 0 42 12 30 21 37 21 37 5 23 2 11 34 12 17 19 33 36 7 15 22 49 28 35 25 39 55
0 23 24 36 20 25 29 46 0 15 9 19 24 14 28 18 21 52 37 44 37 9 26 32 24 38 17 51 42 17 24 3 21 43 39 13 32 32 14 13 13 27 20 33 42 41 11 42 24 22 35 33 27 31 30 44 15 39 35 28 4 41 43 11 43 24 49 35 43 33 39 29 32 0 45 6 33 18 42 12 29 10 19 7 17 29 38 5 41 43 27 33 22 23 8 30 34 41 26 50 18
0 11 31 28 51 15 26 20 36 7 46 9 41 27 16 40 14 46 47 46 47 26 39 49 3 26 9 25 24 29 25 19 34 32 51 38 16 29 53 20 45 46 33 42 27 34 16 34 16 38 26 47 14 27 7 25 18 16 49 38 40 33 36 35 41 23 38 23 20 44 27 27 21 31 0 35 33 40 43 33 37 38 41 13 32 4 33 36 25 5 20 36 12 44 30 31 21 29 18 52 42
0 39 34 45 22 8 28 36 32 29 26 31 39 40 29 2 27 28 7 28 39 18 9 31 32 35 9 16 30 12 22 31 11 15 46 23 4 29 48 33 49 8 16 46 41 28 17 47 38 27 6 14 36 21 7 37 15 39 16 2 18 18 31 25 41 23 10 30 40 11 27 22 46 41 21 0 40 10 12 31 11 5 23 34 13 14 20 1 24 16 35 45 18 38 18 23 34 29 34 34 25
0 41 34 41 31 12 16 25 27 26 21 31 34 26 8 18 17 18 26 26 15 27 53 17 34 22 24 13 39 31 26 14 28 32 28 44 14 25 12 10 34 40 35 28 45 39 36 14 24 17 36 33 11 40 26 26 20 36 17 54 24 34 31 46 26 31 40 46 17 36 30 26 31 42 18 21 0 16 45 4 23 45 39 35 29 21 45 5 46 43 29 24 27 16 26 3 12 39 27 22 4
0 21 33 25 28 13 34 42 37 10 22 43 51 9 5 38 23 46 26 39 23 33 37 31 21 16 26 10 36 26 20 25 23 27 17 35 53 45 46 17 27 37 28 23 26 24 18 19 26 13 38 46 16 17 27 25 27 28 2 14 24 24 26 48 48 30 25 26 30 23 37 17 29 28 23 23 45 0 7 30 27 28 12 36 37 15 11 33 26 18 30 35 32 16 5 39 26 17 43 46 22
0 29 13 16 19 17 11 1 30 52 48 23 37 24 22 7 35 7 35 32 17 5 10 43 43 54 54 26 46 18 21 11 27 16 14 31 2 22 22 28 20 14 18 17 3 43 34 28 24 43 31 51 42 30 15 32 6 50 30 17 16 13 17 34 28 30 15 31 33 32 28 22 27 11 36 18 25 43 0 17 39 26 20 20 28 9 25 27 43 30 6 20 51 36 29 45 27 7 25 40 41
0 32 26 29 23 40 40 29 39 14 14 32 13 12 34 12 25 42 14 14 8 40 27 23 26 8 34 10 24 21 51 38 25 17 29 47 32 25 45 22 36 29 48 45 5 19 6 43 18 22 16 30 29 40 17 22 44 4 24 39 33 30 16 50 30 14 50 25 20 36 25 27 11 13 33 33 22 19 25 0 37 46 26 13 4 40 40 50 22 11 24 25 29 27 33 36 18 46 19 27 18
0 14 41 29 39 10 19 40 10 27 34 8 18 28 30 20 31 34 14 27 35 24 18 15 27 34 48 47 5 24 38 17 19 21 27 29 10 21 39 29 5 35 36 38 22 28 40 36 11 27 33 18 38 13 22 29 41 18 20 6 50 34 38 27 34 35 34 10 25 17 18 32 33 21 28 25 19 49 27 34 0 17 45 48 22 15 6 27 29 28 43 28 11 28 39 40 4 9 34 47 26
0 45 9 43 37 19 28 51 27 21 53 41 22 27 45 55 7 29 36 29 26 35 47 47 25 30 15 38 25 9 43 33 36 39 23 27 44 22 29 20 26 34 13 26 24 30 21 50 17 45 32 33 21 20 27 30 28 23 33 37 35 15 33 33 38 37 7 21 39 37 16 27 4 32 43 36 13 36 52 38 36 0 35 8 40 29 34 43 6 2 32 19 50 23 11 18 24 49 25 23 28
0 32 44 41 6 35 11 3 44 26 11 44 42 13 26 20 6 41 41 32 34 21 33 2 49 18 45 46 30 13 19 29 13 22 34 27 25 36 42 26 22 16 15 12 43 19 25 21 33 22 30 19 12 21 11 23 9 5 9 32 33 29 16 22 29 48 15 32 20 16 52 37 31 20 43 21 19 23 16 35 36 30 0 17 16 26 6 8 33 28 15 8 19 33 24 53 31 11 45 46 38
0 2 39 33 39 13 12 52 30 37 41 25 39 1 44 29 16 29 19 19 31 36 29 22 20 35 41 0 19 46 42 46 13 41 1 32 25 30 18 37 19 46 41 32 15 30 32 31 16 37 24 40 40 45 27 21 30 33 24 30 15 10 19 20 12 20 17 18 21 27 30 32 12 37 14 35 36 12 31 0 33 11 20 0 23 46 15 33 33 6 16 20 27 24 13 16 22 20 35 19 40
0 13 27 31 25 49 19 27 38 7 3 21 11 15 32 23 31 53 21 36 18 11 20 14 33 40 36 15 37 27 33 37 37 51 1 33 33 41 28 39 38 19 19 17 4 42 25 17 38 29 12 29 32 26 17 30 15 26 35 31 24 50 24 32 25 17 28 12 0 24 30 28 31 11 26 34 34 23 23 7 26 40 38 46 0 8 21 30 8 16 35 16 32 44 41 44 25 45 15 39 19
0 15 48 29 36 9 25 38 43 35 23 25 37 32 44 53 40 43 33 10 42 38 13 34 49 43 52 26 10 11 38 30 12 7 30 44 48 17 27 37 16 49 34 10 30 29 36 38 27 33 25 18 22 12 47 35 7 25 39 46 28 36 53 41 29 9 31 26 11 17 40 45 15 25 16 27 32 43 41 19 10 52 33 19 21 0 21 25 27 21 16 11 16 16 20 29 23 32 37 54 10
0 54 29 8 6 32 37 3 24 35 33 28 55 11 12 36 24 26 12 26 35 40 4 14 22 1 14 25 42 33 42 10 23 2 10 27 51 16 20 18 20 28 20 34 24 17 17 6 23 25 32 36 22 19 19 14 37 8 32 35 11 35 45 38 10 11 40 23 8 51 52 38 24 48 36 7 39 50 1 54 21 34 29 34 44 15 0 25 37 37 15 43 55 36 34 7 20 18 36 16 28
0 11 39 47 31 44 17 23 17 34 26 42 39 29 13 44 4 42 37 36 15 29 12 23 14 30 47 12 35 22 36 18 24 16 42 18 18 22 34 39 29 29 37 42 36 21 47 19 22 32 21 20 37 16 40 17 30 32 46 37 16 21 35 8 26 25 8 38 40 8 27 20 29 31 6 26 7 32 39 40 28 33 38 43 16 36 44 0 35 22 27 21 35 32 24 22 32 32 33 30 30
0 36 37 18 31 20 23 42 9 24 38 23 41 12 16 42 25 25 34 20 43 34 14 4 51 29 8 21 24 25 27 20 25 11 49 4 47 15 42 42 31 33 34 22 38 11 12 29 33 49 30 23 29 29 43 17 38 26 33 16 22 49 28 6 19 37 35 26 13 34 49 13 30 25 42 22 10 54 24 3 11 25 32 14 27 24 46 14 0 4 39 15 26 37 33 27 31 26 35 40 39
0 19 17 5 21 17 47 27 45 37 35 38 48 26 34 38 40 40 8 20 18 40 16 6 17 45 29 22 38 26 39 20 21 34 27 22 26 54 26 15 35 41 33 12 35 24 21 41 29 39 37 25 10 40 17 36 35 46 38 27 36 27 15 8 9 16 32 5 51 22 16 37 37 48 44 41 15 14 24 20 23 43 39 30 34 47 22 3 21 0 21 46 31 35 40 19 31 10 36 25 39
0 29 49 20 24 33 15 40 13 53 15 22 49 39 49 34 33 26 23 22 41 27 17 30 3 16 36 40 19 21 22 24 18 15 20 31 37 27 26 20 16 7 30 33 44 9 25 14 32 28 39 45 36 9 48 31 45 10 15 26 37 22 37 28 5 37 26 33 41 36 25 12 21 45 28 12 33 35 49 35 37 28 55 28 27 26 33 25 47 42 0 34 13 48 46 33 38 30 45 34 23
0 17 37 41 38 22 19 44 34 38 54 25 53 23 26 24 44 27 33 39 9 35 36 26 35 44 30 17 15 47 11 17 6 49 54 9 18 36 32 41 41 16 23 29 6 20 15 11 7 21 44 21 35 11 45 34 5 35 32 14 43 21 28 50 34 15 4 52 22 38 22 37 12 25 25 10 26 21 26 29 34 25 34 18 14 37 43 6 50 31 43 0 36 13 30 35 43 1 34 11 12
0 19 15 15 29 15 28 31 2 23 42 46 54 53 20 27 46 28 34 31 41 20 17 48 45 41 27 8 29 35 20 31 26 9 10 32 35 1 9 41 45 39 29 25 29 23 52 54 26 39 32 13 32 32 25 43 34 33 31 18 53 23 21 31 11 18 27 31 30 49 37 24 27 7 25 8 9 32 30 40 35 18 36 38 38 30 11 17 24 29 41 29 0 51 44 20 14 21 27 26 38
0 20 44 10 29 29 29 8 38 17 40 35 15 22 41 23 45 27 27 48 32 54 46 23 48 6 19 11 35 23 46 26 9 52 17 29 26 41 15 30 20 34 21 42 11 47 36 35 39 19 32 51 22 30 30 23 40 30 40 37 9 22 50 34 25 25 11 17 3 7 33 44 9 9 20 28 31 19 46 9 16 26 28 55 42 25 17 46 52 21 25 26 1 0 23 17 20 33 49 10 14
0 41 25 7 47 25 9 44 51 21 40 11 31 19 28 30 31 30 30 16 10 22 33 30 41 19 32 27 43 35 36 21 39 45 18 6 27 42 33 33 19 5 14 31 40 1 21 18 30 24 27 23 7 30 35 6 43 44 30 25 45 20 47 20 32 17 13 14 38 32 46 47 37 16 43 32 34 30 26 5 19 43 38 39 18 9 24 23 23 14 47 45 21 4 0 28 20 53 34 0 24
0 12 36 26 32 14 35 31 37 16 24 20 27 3 28 27 13 34 10 19 25 20 30 40 43 28 25 20 29 25 47 16 50 9 33 41 13 43 47 32 51 26 21 30 51 26 27 24 43 27 30 37 11 19 30 34 28 45 55 43 30 32 6 21 22 41 14 40 30 32 16 1 37 15 20 38 50 1 39 2 23 30 10 24 47 40 24 31 17 31 26 2 16 18 19 0 22 41 39 33 46
0 43 7 7 22 41 28 31 29 14 28 12 27 19 19 20 45 38 24 45 36 24 45 37 25 37 33 22 26 3 8 23 33 29 7 45 9 30 20 27 35 48 46 14 44 28 23 35 37 43 6 20 39 38 46 27 16 33 43 38 19 37 33 51 27 25 27 12 34 0 25 6 36 24 22 16 35 17 28 19 40 25 38 3 37 43 30 42 55 14 20 24 44 38 27 18 0 35 17 14 27
0 25 19 34 41 40 47 45 41 13 34 18 26 30 42 32 22 14 22 45 24 30 43 37 29 29 17 37 42 11 18 38 46 39 31 27 14 50 16 31 19 17 23 30 54 21 12 17 11 29 23 40 21 50 40 24 23 29 18 14 11 25 29 36 21 30 10 33 36 26 18 22 28 26 28 37 26 12 41 29 49 49 17 8 29 40 15 47 21 28 18 4 31 55 23 21 31 0 25 52 24
0 43 28 46 29 16 16 39 27 7 24 36 49 6 8 19 38 12 51 11 33 6 22 19 41 11 20 32 48 7 46 36 22 19 30 42 30 3 51 7 13 26 38 43 35 16 40 38 7 21 45 42 40 28 11 42 23 36 33 8 17 25 43 43 29 16 24 47 30 33 8 16 8 37 34 30 24 31 15 5 39 36 26 37 41 32 38 21 37 17 13 48 32 36 25 43 39 30 0 35 20
0 25 32 17 7 12 46 16 35 31 19 13 42 12 29 12 36 36 31 1 42 30 40 24 45 17 35 31 38 21 21 13 26 25 41 39 36 4 17 28 36 11 40 12 39 23 41 35 29 43 20 6 7 46 32 22 34 28 38 47 15 15 23 26 6 24 12 53 14 44 18 37 5 15 16 25 7 20 38 9 20 32 22 15 23 35 53 31 24 30 1 18 16 20 28 40 20 27 17 0 42
0 21 15 32 31 45 35 32 44 51 41 33 9 29 47 27 3 35 26 19 43 33 23 37 38 33 6 24 41 41 53 49 16 9 50 33 25 6 31 44 38 33 37 52 48 51 43 13 39 20 21 23 23 20 28 41 11 26 16 47 22 18 18 26 22 24 11 10 19 8 17 41 15 8 37 20 20 35 24 9 25 22 27 55 27 20 29 9 28 25 35 27 29 25 16 35 28 40 19 28 0
