100 4
1 358 6 7
5 425 5 10
3 32 1 3
1 94 1 1
9 0 6 8
9 1 2 7
17 333 4 10
9 0 5 5
12 0 7 6
14 173 1 7
16 0 8 8
15 0 4 7
9 63 5 4
9 0 3 4
16 70 7 7
12 336 4 5
24 0 2 8
33 0 10 10
17 0 10 5
29 0 7 8
4 324 8 1
12 268 8 3
20 0 7 5
24 224 3 6
41 353 9 10
29 454 1 7
43 0 5 10
36 106 2 8
47 0 10 10
30 0 8 6
15 413 5 3
36 0 6 7
49 300 4 9
28 272 5 5
41 380 8 7
58 0 9 9
26 50 6 4
68 0 3 10
69 228 5 10
59 339 5 8
38 0 3 5
38 0 5 5
23 477 8 3
40 75 9 5
80 224 7 10
48 0 6 6
26 463 4 3
55 46 10 6
85 41 5 9
95 0 4 10
67 0 6 7
100 0 2 10
20 77 3 2
44 9 4 4
22 88 5 2
33 0 1 3
79 174 5 7
91 434 9 8
57 0 5 5
76 100 6 6
39 354 8 3
69 0 1 5
69 400 3 5
42 42 4 3
98 0 6 7
43 0 10 3
29 463 4 2
60 0 3 4
45 186 2 3
77 0 9 5
31 354 7 2
82 0 6 5
17 64 5 1
68 306 6 4
73 0 6 4
94 0 1 5
96 321 1 5
100 0 10 5
40 0 10 2
83 213 6 4
63 289 3 3
84 116 7 4
42 0 9 2
66 450 5 3
45 444 10 2
98 0 3 4
51 0 7 2
54 64 6 2
85 359 4 3
99 78 3 3
36 0 2 1
89 80 3 2
90 0 4 2
45 0 4 1
95 227 8 2
58 0 1 1
66 425 4 1
73 0 2 1
74 285 5 1
93 0 7 1
SETUP
0 3 17 9 23 9 11 30 29 25 29 12 23 35 35 17 26 23 38 12 20 36 29 32 34 15 4 22 24 38 8 19 33 9 13 21 19 35 24 24 18 8 15 31 18 7 41 30 29 26 19 18 20 15 22 35 47 16 15 15 34 2 14 34 26 28 6 39 27 20 14 15 38 25 27 3 13 32 13 20 33 22 35 2 30 35 18 25 8 26 27 34 16 22 19 5 22 18 23 10 40
0 0 9 45 36 24 33 19 43 40 34 19 18 29 32 21 25 34 9 19 34 34 10 33 21 31 22 23 43 20 27 21 31 24 27 42 35 11 32 38 47 33 8 33 20 10 23 11 24 22 23 17 31 41 30 24 36 7 21 22 29 34 16 25 34 22 20 19 22 13 29 18 32 24 20 48 9 21 28 21 25 37 15 35 39 22 42 31 35 4 25 34 33 33 32 21 18 44 29 23 26
0 9 0 34 47 14 25 40 38 11 16 30 32 24 28 21 41 20 12 8 26 16 41 21 25 22 22 37 35 9 30 28 23 15 25 20 40 25 47 32 15 33 27 30 19 29 41 23 36 33 3 12 47 34 33 23 32 20 28 30 8 14 34 6 20 17 9 21 15 18 27 41 16 34 38 38 5 17 6 5 30 46 15 34 10 23 20 21 16 45 17 34 31 32 44 38 25 24 21 23 20
0 33 30 0 20 4 18 15 34 29 23 12 22 27 17 3 24 33 39 22 20 31 7 25 5 25 44 8 30 46 30 28 24 31 46 11 25 15 13 27 24 21 19 24 21 16 19 25 16 7 7 8 41 24 15 17 18 26 18 27 37 22 39 28 31 24 45 24 25 10 34 16 46 19 44 13 23 25 37 13 29 38 6 17 18 12 9 20 22 13 17 30 39 23 13 9 35 17 31 22 39
0 26 20 26 0 33 32 22 30 12 26 17 25 21 10 14 6 34 13 30 31 27 23 33 29 44 26 18 34 22 32 30 33 9 30 27 31 14 10 13 11 20 18 33 22 13 16 35 26 23 32 23 27 22 1 13 16 33 19 39 30 16 33 11 14 26 35 37 22 22 3 39 12 9 9 19 18 22 20 34 25 29 1 38 33 14 23 21 24 24 26 25 16 28 20 31 24 10 2 25 13
0 38 26 38 23 0 26 19 10 27 23 30 8 24 34 27 7 20 46 14 23 36 43 4 11 31 9 11 40 7 10 33 30 17 8 20 39 16 17 34 26 20 31 18 8 16 45 29 22 38 25 40 10 24 7 34 10 19 33 39 16 31 34 27 13 25 16 44 32 30 19 23 18 6 28 33 12 17 31 40 26 16 37 8 40 40 30 25 14 19 6 31 17 16 24 22 35 26 27 2 24
0 22 7 42 30 5 0 21 44 16 31 7 16 40 15 18 14 34 1 40 26 14 17 26 31 26 40 37 17 45 30 35 19 33 24 25 12 22 5 15 27 19 8 47 27 41 33 15 30 38 45 31 11 30 13 23 23 18 28 33 20 25 29 31 2 34 26 33 16 20 17 20 22 28 27 8 10 31 5 19 25 17 22 15 2 32 39 35 25 31 24 38 29 24 22 30 11 18 40 3 31
0 8 12 30 25 30 2 0 13 43 23 21 9 30 37 11 33 18 34 8 25 18 21 34 34 20 21 34 14 32 28 11 42 13 30 34 31 15 32 10 13 16 29 43 34 16 30 24 12 6 18 17 23 45 13 15 34 40 17 23 38 21 28 1 32 2 12 32 22 32 9 6 23 37 29 22 22 26 24 26 31 28 16 8 22 34 36 4 37 9 34 39 4 5 25 10 26 12 17 38 32
0 33 24 26 11 22 33 32 0 37 23 33 33 26 25 38 32 40 40 25 47 27 23 27 8 9 37 24 21 24 32 6 26 32 23 36 34 23 0 40 23 11 32 40 41 33 36 18 8 41 1 12 8 32 32 32 12 33 4 16 16 31 20 28 21 27 11 12 34 21 15 12 35 21 20 30 35 34 37 29 36 15 16 36 13 16 25 2 20 40 31 31 2 40 20 40 14 27 29 30 27
0 31 41 21 29 28 24 14 36 0 37 19 29 32 8 18 27 19 21 22 22 17 11 22 17 23 17 34 26 17 27 25 24 14 29 10 11 18 26 21 15 21 30 38 20 32 39 40 42 32 28 20 9 17 36 34 6 37 17 30 16 22 22 24 19 34 30 16 17 23 18 24 43 43 38 10 19 24 34 25 9 33 29 36 18 38 26 21 31 22 6 25 42 4 16 8 21 22 12 33 35
0 37 31 11 34 35 9 25 34 27 0 44 37 9 14 28 36 24 11 27 10 24 15 16 41 32 20 47 29 42 27 7 17 32 27 26 31 11 16 26 15 46 23 17 34 25 25 31 27 24 39 29 23 25 25 4 3 29 19 34 27 24 30 5 9 28 30 28 12 48 14 32 22 32 9 45 28 30 22 30 33 23 32 6 26 17 16 40 14 22 36 19 30 14 46 34 21 36 36 26 18
0 23 17 26 22 32 27 33 35 27 18 0 44 33 36 9 37 31 47 27 36 21 25 25 7 22 19 29 12 21 43 32 10 5 28 22 18 0 25 15 34 7 27 21 24 20 14 9 12 28 31 34 9 21 36 32 36 40 27 27 16 14 14 22 32 38 5 34 21 35 37 28 23 9 22 9 17 13 31 19 32 13 9 24 1 41 26 29 20 34 6 21 43 43 27 29 24 26 16 28 26
0 28 10 10 30 22 11 21 34 25 34 26 0 24 34 42 47 27 17 38 18 6 0 31 17 12 21 41 10 35 29 26 29 25 24 27 37 22 20 24 27 8 36 18 26 8 26 26 39 22 24 17 16 19 15 33 20 26 20 13 22 20 27 21 10 37 8 16 20 6 33 29 29 33 27 19 29 15 23 19 18 20 38 8 31 17 35 12 19 20 23 29 31 22 17 19 7 32 16 45 18
0 40 22 22 20 20 33 15 18 25 21 28 12 0 7 26 40 43 14 38 16 24 27 29 10 26 37 26 16 33 26 36 19 28 18 29 16 26 15 29 13 43 24 21 28 30 45 35 6 32 18 36 6 11 24 30 26 35 11 39 4 7 19 45 12 19 23 17 26 20 30 19 29 13 14 1 18 20 14 18 20 14 17 17 20 26 13 28 25 21 19 29 5 20 26 41 9 13 23 33 26
0 33 26 11 1 18 23 21 13 17 24 26 22 20 0 14 21 28 21 25 7 36 12 29 18 10 36 9 25 10 35 28 26 34 34 13 23 0 15 30 29 23 31 11 39 19 26 19 26 29 39 9 30 12 29 22 12 41 11 27 32 32 32 27 32 18 29 40 36 42 37 33 11 18 17 37 28 34 27 25 30 35 45 32 38 33 40 22 31 20 26 3 31 34 41 25 27 31 29 25 10
0 35 18 33 34 26 11 23 23 19 37 44 37 32 38 0 16 16 31 20 36 1 18 30 17 22 23 16 29 12 27 9 15 21 27 18 18 24 12 17 29 23 2 33 2 12 18 21 22 1 24 30 28 27 21 18 39 12 23 7 10 28 27 7 25 26 21 27 39 23 9 38 12 36 9 31 33 37 19 13 8 6 18 29 7 26 32 25 30 39 38 27 11 27 14 25 7 19 28 15 19
0 11 43 4 12 46 32 18 14 9 40 23 24 39 2 34 0 10 33 30 17 28 22 47 13 16 3 24 10 38 18 21 16 40 46 10 27 29 45 26 14 40 18 39 24 40 39 26 21 19 22 26 22 19 19 17 15 36 21 32 18 18 29 18 13 26 26 9 8 16 14 29 23 24 31 10 37 29 37 14 16 35 20 3 34 22 19 14 21 20 16 27 28 18 15 7 8 30 27 5 14
0 34 37 39 28 33 22 12 31 11 34 37 28 23 0 11 42 0 16 17 31 10 35 24 6 14 44 27 14 19 19 43 37 48 31 38 17 23 21 10 27 5 21 10 33 26 7 23 6 35 9 31 27 21 26 9 18 24 36 17 38 34 4 20 44 18 19 30 11 9 47 41 24 12 20 28 22 19 20 35 23 39 11 11 29 47 25 32 28 33 16 25 12 29 11 9 19 20 36 31 28
0 23 20 29 20 26 28 27 28 14 18 41 22 40 28 17 24 40 0 44 13 26 39 20 25 6 14 28 24 7 15 20 34 36 32 15 42 12 35 23 43 21 25 26 19 26 38 36 18 44 27 17 0 28 23 20 28 6 20 22 21 27 14 8 35 22 1 26 35 34 24 19 31 23 29 12 15 21 9 17 30 39 17 23 29 27 26 15 20 21 19 3 29 30 20 28 30 27 24 32 15
0 27 28 29 32 14 9 45 22 41 36 12 16 7 16 27 10 33 17 0 10 7 20 44 24 32 38 19 39 25 22 29 27 25 37 16 22 13 13 18 43 27 27 12 25 23 40 7 0 38 39 37 36 11 13 11 9 16 27 29 22 21 25 26 41 46 36 15 18 8 34 18 22 17 21 37 17 44 39 25 12 18 45 26 41 29 6 8 7 21 19 35 26 27 19 12 28 35 23 17 17
0 46 22 12 32 27 41 35 10 36 1 28 32 41 17 19 19 28 42 24 0 15 16 33 21 28 24 23 7 17 35 26 41 16 23 31 11 33 37 42 35 36 14 21 26 41 37 28 22 18 34 12 27 33 12 33 22 21 6 22 16 41 17 27 23 29 37 32 21 33 10 42 33 12 15 14 9 34 25 37 18 6 34 28 31 29 38 9 10 7 35 12 35 43 15 18 47 33 11 0 45
0 8 44 30 10 43 17 28 6 13 44 23 13 26 20 23 20 24 35 22 26 0 29 10 2 27 16 24 16 9 25 25 32 35 11 25 28 11 25 45 14 24 27 13 18 36 28 32 31 17 32 28 41 9 26 14 38 42 47 8 42 30 30 31 26 25 30 22 40 18 46 14 39 38 14 27 9 27 42 16 32 33 31 29 12 33 3 7 17 38 21 24 32 32 32 31 12 46 31 24 31
0 39 22 28 16 23 16 27 28 12 34 12 22 13 21 22 8 15 11 48 28 25 0 40 26 39 30 31 16 23 41 11 27 27 15 11 29 18 12 22 36 9 29 15 14 36 15 15 17 25 26 35 31 28 4 9 42 42 18 23 27 29 11 19 1 38 19 39 10 32 16 8 37 32 41 28 16 21 33 37 39 42 21 36 28 36 21 17 22 37 9 20 27 22 34 8 37 27 25 8 10
0 27 17 2 33 21 28 29 34 15 39 47 27 34 11 30 10 1 20 17 17 40 31 0 13 27 28 38 31 37 36 20 31 25 28 11 6 16 41 45 37 21 24 27 45 32 29 25 12 4 18 22 31 22 32 22 22 43 26 46 21 27 25 19 21 33 44 22 29 13 12 40 42 12 2 23 29 15 10 22 4 16 39 20 30 19 17 20 5 32 7 26 26 29 35 46 26 26 26 19 24
0 7 31 35 19 30 33 29 15 43 18 12 24 26 3 25 24 4 13 24 26 39 17 18 0 35 16 31 18 33 34 5 22 23 27 32 12 15 17 12 23 47 0 18 23 8 9 10 21 21 22 44 45 10 33 19 7 7 34 20 42 29 10 45 24 27 11 6 16 23 33 7 14 29 44 6 41 24 14 27 23 23 22 47 17 15 18 23 8 36 27 18 37 34 5 26 5 9 21 38 23
0 26 38 33 37 34 26 30 33 30 26 30 19 37 8 3 5 10 2 16 20 28 34 26 9 0 33 28 12 33 12 40 9 17 38 30 32 22 27 24 29 6 7 21 33 21 42 10 23 16 24 19 22 46 22 9 6 22 33 28 39 37 23 33 28 19 25 23 30 23 19 8 8 33 10 40 7 30 35 43 6 29 23 25 27 43 30 22 4 22 39 39 25 36 12 20 10 23 26 14 30
0 34 42 8 10 18 9 20 12 13 26 13 41 10 32 18 21 24 40 23 48 13 0 20 38 41 0 32 39 24 8 21 29 34 33 46 20 10 26 17 30 22 13 29 12 27 32 38 24 19 4 16 7 18 22 28 28 8 12 11 28 25 24 26 39 4 29 23 24 26 5 28 26 20 10 1 33 29 22 20 21 35 28 6 42 2 23 39 14 29 23 16 15 38 29 12 26 23 35 44 9
0 38 23 36 32 12 23 20 41 23 38 27 13 22 24 22 35 25 23 40 39 34 37 36 18 27 13 0 17 33 13 29 37 2 15 17 36 27 26 20 23 32 30 20 32 43 23 17 20 35 9 22 21 24 13 19 9 36 33 20 37 20 3 36 7 33 7 2 38 28 39 31 38 14 17 39 29 41 21 18 22 27 27 31 1 11 1 35 33 28 37 28 28 15 28 4 15 18 40 19 17
0 24 21 12 43 21 20 31 7 30 18 20 1 28 46 33 17 10 46 15 26 18 23 28 18 21 19 24 0 19 24 38 26 41 24 27 9 11 25 11 10 37 8 17 23 16 35 27 38 32 1 34 33 45 15 29 43 15 11 30 33 25 21 17 22 25 38 24 30 17 24 23 23 17 29 27 38 30 2 26 13 8 31 25 16 42 46 21 15 23 37 22 24 18 19 0 33 11 21 23 32
0 21 17 27 38 21 45 23 31 38 22 36 4 31 10 25 6 41 21 27 25 20 25 38 16 22 27 10 20 0 27 23 15 21 30 21 25 21 12 21 17 34 9 24 38 19 8 31 19 39 44 11 39 30 31 8 17 36 16 21 37 27 27 23 16 13 23 14 25 33 16 26 34 21 14 20 19 15 38 15 9 15 8 45 26 28 29 27 33 40 30 7 34 35 10 12 9 20 13 16 35
0 19 7 27 39 36 31 30 26 38 7 12 17 24 19 13 37 15 21 24 32 15 44 44 34 28 28 45 14 8 0 23 41 19 29 19 40 23 37 17 8 38 39 22 9 20 45 36 27 28 41 30 29 23 18 16 34 16 33 44 19 15 20 15 15 22 30 43 19 38 35 33 26 34 39 12 26 20 8 21 44 33 23 13 26 31 12 17 18 32 14 25 39 19 15 46 41 13 29 31 18
0 25 30 23 18 2 12 20 19 24 9 28 41 34 13 21 39 44 32 23 27 46 21 13 42 15 41 29 25 25 24 0 20 16 12 44 23 12 35 19 30 13 40 44 14 12 43 45 33 15 26 47 31 14 34 16 20 20 10 29 8 16 29 29 15 28 15 33 22 16 21 20 31 8 15 34 27 23 27 24 1 29 12 31 19 42 11 5 27 42 28 16 27 31 29 23 17 33 17 27 34
0 43 19 24 28 9 27 5 35 47 32 24 45 35 39 32 44 33 27 47 29 21 32 3 39 28 37 30 28 23 32 7 0 29 35 39 27 34 21 23 17 27 26 34 4 7 44 11 30 30 20 46 32 11 26 32 25 32 17 21 13 19 17 24 17 44 25 16 26 10 37 22 28 32 22 10 32 36 28 24 31 30 38 11 17 20 36 9 15 19 36 24 46 25 22 35 40 19 16 42 9
0 26 33 9 22 19 27 41 21 34 30 17 14 35 27 30 32 16 25 19 5 25 29 9 47 19 13 38 45 27 3 33 19 0 15 25 28 40 16 35 41 0 24 40 35 31 17 19 27 30 20 42 19 20 18 41 15 46 32 27 32 27 2 3 15 37 35 18 28 22 20 13 17 30 5 10 15 31 33 25 28 43 21 17 22 26 17 47 35 26 26 14 27 23 24 20 21 15 11 22 27
0 23 20 35 30 24 37 9 22 20 34 15 18 18 20 21 8 9 15 23 18 26 35 27 29 31 34 28 15 26 21 42 14 21 0 44 30 12 18 20 41 12 42 16 11 23 39 24 23 18 35 26 31 25 20 21 27 34 20 44 21 39 11 43 0 28 28 23 27 21 31 41 34 31 20 19 17 23 31 35 15 22 28 35 47 22 25 23 33 14 25 12 12 32 28 6 38 40 29 16 21
0 30 31 20 30 20 6 24 13 32 19 32 37 37 25 14 17 13 26 24 28 32 35 24 22 23 30 20 31 21 47 21 39 36 16 0 30 25 25 41 18 45 31 38 23 34 11 32 0 29 1 32 5 22 6 23 14 29 30 41 34 8 28 30 20 40 3 27 35 28 8 31 18 9 11 28 37 31 26 42 27 16 38 31 30 27 22 25 23 21 31 13 17 15 18 9 29 25 28 17 18
0 23 14 22 13 14 36 19 23 30 34 19 9 13 18 4 17 23 35 18 32 20 33 13 17 29 3 32 35 25 27 23 24 10 17 30 0 13 30 41 1 36 24 18 28 21 37 34 23 11 31 40 21 23 16 27 22 29 20 16 17 23 16 23 30 8 6 22 32 5 43 26 42 19 29 20 22 47 32 30 13 12 23 6 27 16 21 26 9 21 25 21 39 19 37 21 22 40 27 35 25
0 29 1 22 19 4 26 25 12 30 21 28 7 16 2 11 40 26 19 3 30 20 4 26 36 28 26 22 12 22 19 17 3 24 37 24 25 0 20 22 26 36 21 18 34 31 20 29 29 10 34 21 34 35 32 24 18 33 29 15 17 17 28 41 23 31 5 26 28 24 26 47 27 7 34 20 45 11 43 34 22 33 25 34 31 6 30 27 21 29 13 31 38 11 22 37 38 8 8 30 3
0 18 39 16 32 25 23 6 7 22 26 32 40 30 18 29 36 2 27 16 25 42 35 26 22 23 37 36 25 43 24 24 21 24 20 44 20 24 0 29 27 30 17 16 22 26 26 24 19 16 30 22 38 17 32 18 5 25 39 28 22 25 1 30 15 22 10 24 42 2 29 24 30 25 24 23 29 44 46 21 10 29 27 17 20 30 46 42 22 46 29 30 33 40 28 9 39 47 35 21 33
0 24 25 29 26 24 12 26 5 4 29 22 27 3 8 33 40 28 3 36 11 29 11 28 12 19 5 25 27 30 22 26 23 17 15 30 20 32 27 0 16 39 32 25 24 25 8 31 45 25 19 33 29 23 41 28 28 16 30 25 13 41 23 38 33 29 17 16 8 37 6 24 12 8 23 19 45 15 18 25 19 22 29 10 24 24 19 24 28 38 25 26 18 21 0 23 15 24 1 32 15
0 37 26 21 24 18 32 40 21 16 30 12 38 19 17 15 33 29 4 11 26 14 12 22 5 22 34 19 26 10 29 38 25 16 18 21 36 10 26 25 0 16 19 31 11 20 14 32 16 1 47 24 17 7 11 37 33 35 32 41 10 17 16 16 12 33 16 34 15 25 15 28 27 16 30 25 32 11 24 16 30 24 37 42 32 38 39 44 13 41 17 28 36 36 24 22 29 29 40 42 25
0 13 42 35 13 25 13 23 31 38 39 17 21 20 35 39 28 21 19 23 27 44 16 31 30 17 27 17 27 13 25 23 21 7 19 34 32 18 44 11 23 0 11 37 31 18 40 20 20 31 31 20 40 14 35 35 29 22 15 41 23 34 20 25 28 15 15 23 18 26 37 38 30 15 40 25 20 19 20 15 21 14 45 9 31 14 46 10 34 23 17 40 11 25 12 45 26 25 22 21 28
0 29 17 22 5 17 9 25 20 2 22 28 16 15 5 16 38 13 17 1 4 37 43 6 21 29 28 32 18 12 23 31 36 25 33 11 30 11 27 38 17 21 0 17 27 43 29 21 21 23 20 47 45 27 3 22 42 4 40 38 38 20 5 23 9 12 30 19 11 4 38 13 30 32 15 36 22 22 46 7 36 4 34 24 4 18 30 35 5 25 19 43 38 25 12 16 28 26 20 20 40
0 8 42 16 18 23 19 40 14 1 9 27 40 11 25 27 14 12 18 12 9 10 28 23 42 13 4 19 43 32 40 33 18 26 21 43 30 8 29 25 12 42 43 0 37 27 15 9 6 36 27 38 31 9 38 16 27 7 29 29 13 32 5 27 42 26 24 4 12 44 21 22 26 24 25 41 27 42 14 9 23 31 37 2 30 46 26 45 40 24 6 25 13 31 30 37 19 10 36 34 42
0 9 15 41 1 28 14 25 28 17 34 9 12 33 6 9 24 34 4 9 23 20 10 44 28 2 28 10 12 13 15 38 23 25 23 9 9 31 40 17 17 23 26 38 0 16 29 11 18 27 26 13 36 23 23 25 26 25 24 13 19 2 35 26 2 34 12 31 29 31 11 25 13 28 27 24 40 32 13 30 7 15 18 46 36 31 16 21 6 15 32 9 10 9 27 26 29 30 23 21 27
0 19 31 29 31 23 27 13 16 25 44 15 28 17 43 32 14 27 29 20 10 27 10 16 4 17 18 27 29 20 1 25 35 22 21 30 26 37 28 29 10 47 38 19 32 0 43 27 20 23 12 29 30 26 36 18 27 20 28 11 24 39 31 8 25 13 15 15 40 19 5 36 24 47 28 35 41 14 36 7 24 28 10 25 7 27 38 22 25 37 25 26 15 23 18 22 32 13 13 9 16
0 35 37 27 24 21 29 10 18 22 16 7 13 9 22 16 13 21 28 32 43 34 20 26 38 21 34 14 38 23 39 37 35 34 37 24 21 27 24 34 17 11 30 26 38 15 0 15 27 33 31 30 31 31 16 23 46 39 37 27 33 23 31 37 40 45 20 7 37 38 18 16 17 27 29 31 26 22 14 35 24 38 43 26 33 15 24 36 37 30 19 23 31 28 24 24 26 18 32 31 24
0 23 22 41 32 24 24 41 6 28 36 20 41 33 5 14 20 38 40 15 15 22 27 9 9 26 5 23 6 33 39 29 38 10 12 26 35 18 23 19 31 39 18 15 34 28 9 0 18 30 20 27 30 16 8 14 41 14 26 13 35 34 7 11 40 18 11 9 27 25 12 35 12 44 25 33 21 37 35 21 21 27 25 18 11 15 24 4 6 33 22 24 7 37 38 25 38 12 33 31 12
0 21 36 22 20 3 41 27 24 45 36 30 4 1 14 10 20 41 20 29 11 19 29 15 36 25 25 14 37 24 32 27 4 21 31 11 28 25 39 27 39 32 40 32 33 17 39 18 0 28 36 36 25 16 42 44 31 18 26 35 23 14 3 31 14 24 18 36 24 21 5 33 30 36 24 38 24 30 8 13 20 28 22 22 23 37 22 27 14 6 19 16 37 36 28 26 42 30 14 22 35
0 24 23 18 2 31 23 14 28 32 38 25 26 16 6 36 26 47 26 15 37 40 34 27 11 25 10 39 12 0 38 10 11 25 28 12 4 4 38 30 6 41 12 8 8 12 36 31 25 0 15 32 15 19 12 18 24 39 21 20 21 33 15 6 30 11 29 28 6 21 27 37 9 18 27 18 14 17 18 36 12 5 19 13 26 12 17 19 14 24 19 27 31 23 13 29 11 18 35 26 28
0 36 27 27 34 18 35 16 20 14 25 20 25 27 22 38 14 2 26 26 33 15 25 38 33 26 11 43 9 30 39 13 9 16 21 29 17 20 31 8 23 27 21 12 35 22 33 20 42 11 0 17 31 30 42 35 19 29 4 30 28 28 19 27 34 17 16 31 23 22 33 40 21 32 30 7 21 38 13 21 39 39 20 37 29 24 9 23 7 35 12 24 19 32 17 22 12 13 22 14 38
0 26 23 47 43 19 29 27 17 34 26 20 26 17 11 4 7 20 22 5 21 28 20 5 22 9 19 28 2 25 27 16 22 11 21 34 14 28 25 35 28 44 13 21 17 10 30 13 26 27 38 0 31 35 23 34 32 28 9 27 5 35 11 24 6 27 23 4 8 16 16 13 17 31 25 30 13 22 26 17 23 10 30 15 6 41 16 15 22 15 6 10 17 9 31 25 12 10 29 31 3
0 35 21 33 41 6 18 27 37 28 38 32 14 22 2 35 22 27 12 6 25 8 13 29 30 26 15 3 29 24 5 32 25 26 23 28 19 24 27 14 43 37 9 38 40 19 20 32 20 21 30 30 0 37 28 17 40 36 30 20 14 19 27 46 28 17 31 28 21 22 22 34 20 14 28 28 15 36 37 29 10 39 34 17 28 12 4 17 30 31 20 14 25 30 22 43 9 17 18 31 28
0 30 42 33 19 30 30 24 34 16 12 19 28 27 17 8 39 42 28 21 12 21 8 25 37 23 20 38 29 13 38 21 28 12 19 12 19 26 4 42 24 47 22 33 29 18 15 9 11 30 30 12 12 0 20 39 17 5 24 30 28 27 35 14 27 22 20 26 23 28 4 13 34 5 10 32 38 31 7 25 38 20 23 26 35 40 25 31 41 27 19 24 40 31 26 13 36 29 14 15 29
0 3 19 22 36 6 22 26 27 29 19 6 16 28 32 4 18 37 26 24 8 19 9 21 18 15 31 35 38 21 8 25 34 14 11 29 39 15 5 20 30 31 11 18 4 14 16 34 39 12 8 14 26 36 0 30 32 29 32 17 16 20 23 18 24 1 23 26 23 23 33 19 28 21 22 14 39 40 13 35 28 18 32 33 25 20 8 46 5 16 17 5 32 32 21 33 17 36 16 29 13
0 14 15 24 29 25 22 23 20 24 37 32 43 37 37 25 21 33 29 35 13 29 24 25 10 31 16 40 20 23 31 42 14 34 41 19 35 37 25 24 28 19 32 33 6 29 21 37 28 11 37 42 34 46 7 0 14 29 25 34 14 29 23 34 20 33 40 13 22 32 21 43 24 15 25 44 14 45 28 17 15 31 11 11 15 26 14 20 38 12 23 11 39 36 23 33 22 5 41 39 13
0 17 24 39 23 33 31 28 6 26 40 3 22 15 9 26 26 27 9 39 19 30 34 1 32 40 10 20 35 30 18 8 30 27 5 31 18 40 22 36 13 41 18 24 30 40 36 21 23 17 16 22 23 43 27 22 0 35 29 39 36 36 2 32 15 33 15 27 14 37 19 31 30 28 10 39 40 23 11 9 26 19 45 12 26 12 32 18 28 30 23 23 28 35 20 15 22 21 17 25 41
0 30 33 30 27 46 23 29 4 5 17 12 23 10 24 30 1 24 34 4 30 42 46 23 45 6 22 41 37 41 38 39 40 3 7 20 10 31 11 22 31 28 37 15 33 15 21 19 6 15 32 38 18 33 32 39 27 0 19 28 20 28 31 29 26 42 37 15 2 17 14 19 37 15 36 38 25 38 41 31 30 30 26 19 37 10 29 27 29 8 26 15 46 31 35 14 19 2 6 24 38
0 37 0 16 19 14 31 32 41 8 11 8 32 20 22 14 9 31 28 18 32 26 42 31 32 47 17 19 20 24 21 9 5 18 29 9 38 44 19 31 33 47 9 23 28 26 18 23 24 29 20 31 25 18 18 19 5 6 0 10 36 19 27 25 12 21 34 9 32 35 16 38 26 28 7 22 16 25 9 29 4 16 29 19 15 29 19 30 18 26 22 11 29 22 23 7 28 3 13 37 32
0 22 32 10 5 44 18 37 22 21 16 31 28 32 11 21 11 35 22 8 30 39 12 15 18 8 45 33 8 8 17 10 37 35 32 17 6 3 22 22 20 48 44 16 30 25 12 23 23 38 34 25 21 25 40 20 21 45 10 0 18 4 29 39 44 22 25 25 32 18 26 28 19 22 27 12 17 37 20 13 19 29 20 16 41 17 37 20 25 2 41 30 19 15 44 24 30 39 40 19 30
0 39 32 18 18 19 25 23 31 13 26 25 13 40 28 6 46 31 15 8 14 41 42 23 29 19 27 6 30 26 36 20 18 14 45 21 26 18 38 19 43 20 8 30 4 12 14 34 34 17 24 27 26 28 29 38 39 2 17 24 0 27 35 33 27 31 23 34 31 35 34 10 10 24 39 35 19 43 23 0 23 20 28 13 23 18 22 30 9 20 30 25 20 30 28 29 24 23 14 18 23
0 7 14 24 37 23 17 33 24 45 35 18 33 25 39 35 35 40 21 19 27 30 27 12 26 26 30 29 23 41 26 29 7 17 28 19 24 14 14 15 10 17 10 27 28 18 45 39 24 31 21 26 30 19 20 23 27 17 34 36 11 0 17 29 10 19 18 21 19 30 28 24 8 43 12 26 21 11 24 15 17 20 6 16 33 29 25 26 34 36 1 24 26 19 15 27 11 11 45 27 35
0 25 47 25 1 12 14 23 29 29 9 18 40 18 23 30 12 6 19 40 21 21 17 31 3 18 34 35 33 15 6 5 13 23 27 35 8 23 35 7 20 31 21 27 32 30 40 21 30 5 8 20 37 16 30 38 24 31 39 26 26 26 0 27 10 17 27 12 3 29 8 25 19 14 32 15 36 33 3 45 13 11 29 18 33 18 30 39 40 15 37 21 24 15 26 17 30 13 39 43 30
0 33 28 19 41 11 9 24 26 41 6 33 0 19 11 24 12 17 7 28 31 31 34 36 29 27 26 8 32 39 21 20 27 22 26 21 18 16 37 46 35 20 29 27 32 24 28 14 22 30 3 39 32 39 26 35 10 37 14 4 44 31 8 0 16 15 19 35 27 14 5 23 14 31 23 24 15 17 42 1 15 13 32 11 31 17 29 36 29 37 11 13 36 26 16 40 21 28 21 34 34
0 8 11 29 36 35 11 10 41 26 13 25 42 42 28 19 9 24 24 29 15 18 18 17 10 23 16 29 16 30 28 27 27 39 18 24 25 44 21 38 37 18 1 29 11 42 28 22 18 19 32 46 34 26 38 10 28 28 29 17 25 37 44 11 0 10 13 3 15 37 33 18 28 31 7 24 27 14 1 23 38 44 47 17 26 13 29 11 23 30 21 39 36 22 22 30 5 27 8 29 14
0 13 24 20 26 6 20 17 11 3 17 27 31 43 6 16 32 27 19 16 34 8 8 32 8 16 12 34 13 31 30 24 18 24 16 26 13 34 21 15 24 23 17 22 17 18 30 28 21 24 28 15 22 45 25 25 41 31 18 42 19 18 25 25 23 0 12 28 25 25 15 42 23 13 16 41 22 12 33 28 21 32 22 11 16 16 22 13 27 28 9 24 35 17 29 11 8 33 24 25 29
0 34 29 40 37 29 34 25 22 15 36 42 11 19 28 28 21 11 40 16 9 10 15 37 11 38 6 25 21 17 41 28 25 7 28 31 33 15 22 33 16 10 30 37 37 25 25 17 15 16 26 42 8 9 33 0 33 30 36 32 19 40 21 17 31 4 0 11 32 47 11 42 29 20 6 16 20 27 17 5 10 46 16 29 27 19 24 18 31 32 18 18 17 34 29 27 39 39 23 41 32
0 2 9 37 44 20 24 13 12 25 14 33 31 29 32 15 26 46 22 34 24 46 30 26 17 22 5 22 9 41 36 1 12 26 7 19 30 36 21 28 31 25 28 30 6 2 39 11 35 14 32 35 14 14 17 13 39 21 36 27 5 30 32 20 24 10 11 0 19 24 11 25 21 15 18 29 25 28 8 26 34 47 10 23 34 33 41 41 25 37 34 26 30 18 23 41 26 30 12 20 21
0 36 9 47 22 32 26 4 31 10 18 5 18 29 18 27 18 9 14 13 36 25 30 35 26 12 16 27 14 13 17 17 33 34 45 12 32 32 10 12 9 9 13 32 25 28 15 19 20 42 12 23 45 16 33 25 40 16 16 43 9 9 8 36 33 44 40 20 0 26 27 24 42 21 14 33 4 18 17 15 5 35 31 18 22 29 27 11 31 41 8 28 42 28 31 46 19 24 43 23 11
0 10 17 21 16 3 0 35 31 19 40 16 28 18 16 35 24 31 44 17 31 22 3 47 8 32 21 25 15 32 6 22 23 37 18 33 33 32 23 21 14 9 28 15 13 15 25 27 16 18 11 16 3 30 41 25 30 24 38 25 19 15 29 15 29 6 44 29 43 0 22 1 8 37 18 4 40 28 21 33 26 3 14 20 27 10 31 43 24 23 37 37 8 26 31 2 10 2 13 44 31
0 26 12 28 37 27 34 37 22 35 22 1 39 15 24 16 21 20 29 6 21 23 4 14 26 7 23 32 26 5 4 6 10 33 20 21 8 6 9 31 45 8 11 35 18 28 22 18 31 29 12 28 39 10 34 12 9 35 39 29 30 20 21 24 47 24 30 37 37 23 0 15 34 24 26 33 18 19 43 19 30 31 27 29 26 23 16 19 19 6 42 40 6 32 27 14 20 18 12 26 20
0 19 10 16 39 26 10 47 7 35 27 14 45 17 16 27 14 11 35 21 30 28 14 28 25 36 18 13 12 32 33 18 25 34 16 22 22 36 18 7 13 30 33 28 17 8 38 15 46 20 26 27 11 24 22 26 14 37 31 10 15 29 16 26 20 18 23 29 19 33 12 0 17 8 21 7 16 14 15 18 7 40 31 26 12 27 5 30 34 16 35 19 15 24 21 39 8 16 14 45 9
0 19 22 10 29 13 38 30 27 37 5 35 29 25 19 27 35 10 26 27 27 21 23 19 4 41 29 36 31 27 41 30 21 40 34 32 31 21 26 21 40 28 1 27 13 21 23 8 2 23 12 25 13 32 7 17 21 13 31 40 43 33 3 33 6 14 32 30 28 17 38 3 0 19 16 27 32 28 14 8 36 37 45 18 28 41 30 26 8 19 8 16 19 29 32 38 27 7 30 16 18
0 14 29 17 13 25 26 44 13 25 42 17 24 29 27 4 31 30 18 21 35 5 26 30 10 31 23 16 31 20 35 33 33 25 20 33 7 33 12 37 16 34 25 4 14 26 16 13 30 31 28 12 26 17 29 8 24 25 19 9 42 42 20 16 18 17 43 29 32 14 27 23 19 0 27 24 6 20 27 43 13 13 22 8 31 22 43 42 44 32 24 34 36 15 1 20 22 22 45 32 44
0 25 12 33 9 17 31 47 13 16 19 29 23 28 26 14 34 28 30 11 19 27 24 2 20 29 20 25 12 15 22 25 40 12 45 33 23 38 30 40 10 36 0 14 25 31 26 11 29 22 31 36 30 19 26 38 21 44 34 35 38 10 25 36 32 26 32 21 11 20 31 2 12 1 0 44 21 33 4 10 24 21 32 11 25 20 12 9 10 31 34 35 22 41 30 15 8 18 25 27 36
0 21 41 21 13 45 26 8 20 46 16 21 18 3 46 27 24 35 13 29 35 17 10 14 40 24 26 34 29 25 42 28 13 24 6 2 8 28 27 9 20 26 21 19 6 41 8 24 22 23 27 14 22 25 9 18 19 8 7 25 27 14 37 11 27 23 36 9 36 38 11 42 17 16 15 0 8 28 11 33 31 23 28 42 28 30 27 11 29 6 10 34 3 19 19 11 14 17 10 43 45
0 37 38 18 20 45 25 25 36 22 20 17 12 14 5 13 12 16 13 8 30 25 19 18 25 20 27 13 5 36 32 25 21 15 22 41 35 18 20 23 6 11 28 10 26 12 22 16 14 30 17 28 18 42 16 27 43 16 42 2 13 17 34 11 40 13 24 20 8 36 5 17 24 17 23 23 0 29 33 23 17 32 9 41 34 28 36 21 42 15 27 23 18 40 32 36 13 4 14 32 32
0 32 37 28 31 23 32 38 30 27 30 35 7 12 30 17 22 38 22 31 38 31 9 12 14 26 21 23 29 33 47 27 14 12 17 32 18 28 24 29 22 25 20 41 13 47 15 35 16 16 41 26 20 13 38 25 28 31 40 24 44 30 19 32 36 35 12 35 19 31 20 7 33 16 46 37 39 0 18 28 14 31 20 24 33 12 35 35 24 16 18 7 22 23 26 25 22 14 19 15 29
0 21 15 20 27 13 13 20 24 33 17 27 38 21 17 47 36 46 7 35 23 40 1 41 16 0 22 38 23 30 18 17 27 23 1 25 33 10 35 40 15 38 22 28 22 20 18 25 9 24 25 33 19 40 33 23 10 26 13 27 27 22 16 17 17 23 30 17 38 19 24 28 37 19 16 6 22 15 0 10 10 37 30 28 23 16 15 34 24 11 9 17 6 13 30 24 8 23 6 21 31
0 32 14 10 23 31 16 29 29 26 22 38 29 37 13 16 39 22 20 11 21 28 24 31 34 23 40 26 43 40 27 30 9 22 8 5 17 20 16 27 28 40 13 32 36 20 27 28 5 29 17 7 14 8 33 7 38 21 18 24 27 32 11 4 31 17 34 17 18 21 33 32 17 26 22 19 42 25 20 0 24 24 31 37 8 24 37 7 1 33 21 12 26 11 35 36 8 35 3 27 20
0 18 31 37 25 17 29 22 18 47 37 38 5 29 24 21 34 37 31 16 17 4 26 29 14 22 30 24 11 22 24 11 42 28 29 33 20 34 17 24 21 27 31 6 27 36 44 18 27 35 33 33 17 31 9 18 44 16 20 9 17 19 26 34 32 34 15 14 20 3 11 39 32 30 28 31 32 28 11 10 0 37 28 21 15 13 28 40 13 16 30 22 40 15 6 29 5 2 12 20 19
0 30 16 14 29 24 30 28 33 39 23 41 33 30 36 35 31 36 42 5 30 17 20 15 13 6 37 40 34 18 16 17 27 44 10 31 7 19 39 29 31 16 43 13 28 15 24 4 21 28 27 29 30 36 21 21 34 26 30 41 15 20 13 5 14 13 28 3 25 32 30 34 31 24 37 18 27 20 9 14 20 0 5 20 39 43 27 35 39 18 35 40 27 0 37 28 18 16 29 13 14
0 21 17 31 33 33 8 9 12 30 42 10 6 32 1 25 34 26 26 8 22 34 24 29 25 37 26 23 29 40 28 33 31 26 27 12 37 25 40 2 17 9 16 28 12 17 24 25 34 29 27 31 39 29 4 24 25 11 35 25 8 47 45 32 19 40 19 36 3 42 30 26 23 15 19 8 4 20 11 16 21 30 0 14 18 4 17 10 2 10 14 24 18 19 16 12 35 16 8 10 33
0 36 31 22 32 38 6 20 6 21 23 32 24 11 33 7 5 18 28 19 33 10 26 35 38 14 20 15 19 26 40 22 10 16 23 37 19 30 11 17 26 25 43 21 3 23 9 36 29 47 28 15 23 11 12 25 25 22 12 34 5 6 18 12 37 37 28 38 8 24 27 27 24 0 32 39 28 30 29 31 31 27 16 0 31 26 35 34 18 39 16 35 23 19 14 11 6 24 29 40 12
0 36 22 43 38 14 33 11 22 22 26 19 29 22 25 23 20 39 28 25 40 26 19 44 5 37 38 22 43 24 18 25 43 43 19 31 11 30 24 21 47 11 46 19 37 20 20 12 27 28 18 24 7 24 5 26 34 20 13 46 38 11 16 31 19 32 21 13 22 36 32 30 17 30 22 35 22 17 23 17 40 21 16 18 0 30 38 28 29 29 23 25 19 37 32 4 26 41 25 30 24
0 25 38 32 15 36 22 32 32 36 45 28 38 11 31 24 43 24 29 31 3 24 16 13 42 15 30 15 25 21 25 15 27 12 18 16 20 8 11 25 30 17 12 16 21 28 29 31 18 36 44 13 40 22 35 20 44 43 15 5 34 10 23 36 17 17 33 30 9 24 33 6 26 22 27 6 23 14 23 40 27 14 20 36 30 0 22 13 13 38 4 15 40 27 1 34 14 9 23 36 18
0 13 22 47 33 35 45 34 14 22 23 24 2 30 35 36 22 21 32 43 29 28 2 13 18 30 39 19 17 18 34 19 26 12 32 13 37 35 16 36 39 25 31 45 26 24 11 33 42 29 23 30 17 19 21 14 2 38 27 39 22 13 18 25 43 19 9 10 27 19 35 40 14 16 16 4 40 21 16 16 14 41 37 11 7 29 0 20 14 26 18 12 16 0 22 32 17 24 40 31 40
0 17 40 29 7 8 41 43 21 25 20 23 36 34 5 7 4 24 32 42 33 33 7 11 33 15 27 27 14 31 19 23 21 29 33 45 43 27 42 37 36 12 9 19 23 26 22 26 35 25 26 19 27 44 21 34 20 36 24 34 13 24 10 24 30 12 35 19 34 14 29 31 33 36 27 29 33 38 18 24 31 38 8 27 30 37 9 0 22 11 17 5 21 10 33 15 26 37 32 22 38
0 22 22 22 42 33 13 21 22 8 33 33 24 22 6 19 27 40 33 23 32 28 27 30 32 23 25 34 19 21 5 20 21 37 26 22 31 1 12 37 10 15 21 44 26 1 37 24 33 17 45 31 28 16 27 34 15 18 20 30 20 27 32 37 0 11 19 42 27 32 25 32 24 24 17 24 13 17 25 30 18 44 32 44 23 16 16 38 0 37 18 29 42 28 37 20 27 27 0 3 26
0 25 19 13 25 22 22 5 6 29 25 12 21 24 26 32 24 12 27 19 12 14 44 11 44 22 11 32 38 20 10 26 16 31 13 20 2 34 20 31 10 35 14 47 32 36 23 26 30 25 4 5 29 17 15 17 14 17 32 41 38 2 22 32 37 24 24 1 20 24 38 32 26 32 43 36 27 2 24 13 27 46 15 8 33 19 11 27 23 0 18 42 28 17 19 18 18 32 26 27 27
0 20 9 27 6 30 27 40 18 5 28 15 22 27 26 16 35 23 36 20 43 36 21 24 19 31 15 4 16 26 27 16 33 37 33 33 25 18 41 22 29 29 9 27 34 18 2 23 12 13 20 27 16 29 40 30 34 10 5 7 15 32 6 23 30 27 3 17 10 24 13 34 39 15 10 14 11 40 34 8 23 41 11 42 13 19 34 19 22 45 0 32 14 25 16 21 27 21 16 23 6
0 13 41 9 16 33 42 28 28 42 8 40 11 11 6 33 14 17 17 29 30 30 44 32 26 17 27 10 27 29 6 19 27 22 29 9 47 11 17 3 26 8 15 26 25 1 16 10 22 39 30 23 17 19 21 18 26 14 3 22 24 9 43 19 47 26 25 8 47 25 30 24 33 19 24 12 28 14 15 14 4 12 20 27 12 29 17 20 32 34 21 0 29 33 6 9 26 28 15 33 4
0 47 18 27 20 31 11 27 32 23 16 24 30 38 10 17 19 29 31 28 44 39 3 14 13 21 19 15 24 29 23 2 21 9 11 38 43 7 40 16 32 46 24 33 20 9 15 26 10 35 13 26 4 17 27 38 37 31 30 25 18 10 27 18 22 23 24 22 14 19 7 9 10 10 16 21 15 18 17 22 25 12 32 19 26 14 10 30 1 16 35 28 0 2 31 28 37 29 38 24 14
0 21 33 13 16 27 14 21 17 43 22 34 14 13 46 1 38 37 20 16 31 4 19 16 32 43 7 27 31 21 11 29 13 23 43 28 24 17 35 20 34 20 31 20 34 22 16 31 19 46 30 45 19 2 20 28 18 33 14 33 30 19 35 16 24 29 41 15 19 13 29 28 23 34 9 29 23 27 8 43 4 7 29 34 34 4 7 29 37 19 27 30 24 0 33 17 17 6 42 8 36
0 34 21 17 12 45 19 8 30 21 39 16 21 44 22 35 29 39 1 9 15 28 44 24 22 27 32 40 29 19 19 35 31 24 23 8 5 19 40 5 35 25 34 25 18 25 14 43 26 26 18 18 19 42 12 39 16 42 22 37 25 18 31 29 38 26 32 11 11 29 34 19 39 37 22 14 23 16 19 26 8 21 19 26 24 16 27 38 21 31 15 40 41 28 0 28 16 15 37 35 16
0 24 31 35 18 31 22 5 20 39 17 19 23 26 34 31 15 7 7 26 21 37 7 27 31 36 27 32 30 35 31 15 19 4 24 8 25 48 12 20 26 39 26 12 22 22 2 18 14 22 19 6 25 29 5 29 20 38 34 28 16 42 46 19 11 26 27 6 6 34 36 30 37 28 42 28 37 19 40 29 22 24 5 27 4 38 33 33 47 38 17 21 6 31 24 0 22 11 21 16 29
0 16 40 5 24 19 29 1 26 11 27 18 40 1 15 30 37 26 13 22 24 36 27 36 27 6 7 28 1 35 29 31 25 21 35 21 40 22 28 31 8 38 25 5 18 31 38 26 30 35 26 6 7 8 14 30 26 14 15 38 20 11 35 29 42 24 13 39 18 29 34 26 29 10 12 11 40 34 43 32 21 15 26 41 32 13 35 9 3 11 11 26 26 16 10 16 0 28 37 39 30
0 33 14 16 25 15 29 35 32 15 9 17 37 40 45 21 37 22 23 11 38 27 38 23 33 23 31 4 42 18 45 24 17 34 6 45 21 5 16 17 5 7 28 22 35 14 10 13 7 0 37 18 19 37 27 23 1 17 17 28 38 43 13 24 14 26 27 39 24 7 24 31 21 37 12 25 16 42 17 18 41 29 20 36 20 13 14 33 18 20 32 42 26 27 41 32 27 0 23 23 27
0 23 32 21 34 23 43 24 22 26 18 19 32 22 22 28 32 13 24 30 42 34 22 32 13 14 24 19 17 26 44 23 34 29 30 24 34 16 28 28 13 12 24 31 45 32 47 39 18 2 32 43 4 14 27 30 35 20 27 26 15 13 20 17 30 39 20 27 41 16 45 5 36 25 16 33 21 20 42 12 17 24 19 20 46 8 22 18 25 35 17 37 25 40 33 26 5 18 0 25 22
0 29 9 12 25 19 39 14 23 38 22 20 23 32 13 2 29 29 32 43 4 37 6 26 19 28 5 22 19 22 5 20 35 17 17 39 7 18 20 2 28 11 15 23 24 10 25 11 6 7 38 18 20 4 22 31 35 28 26 27 28 28 19 23 21 29 47 12 39 8 23 44 29 32 13 33 45 29 25 25 19 19 20 21 36 23 32 31 24 22 30 17 29 20 14 8 12 29 23 0 13
0 12 27 29 18 34 31 16 1 36 17 35 18 20 25 33 23 16 22 32 19 13 35 27 5 20 37 24 37 25 27 1 12 20 21 18 27 34 7 16 27 42 9 21 18 25 18 40 16 12 0 8 15 44 28 25 9 11 22 41 3 28 33 36 18 20 15 29 41 26 23 16 40 28 14 21 30 31 35 14 23 38 15 38 28 32 24 26 33 16 23 33 34 28 8 7 27 24 44 44 0
