100 4
1 612 2 10
1 1364 4 6
2 1395 5 8
3 1374 6 7
5 626 9 10
2 1348 10 4
5 735 6 7
9 371 2 10
7 936 9 6
11 1265 7 9
10 465 9 8
9 863 3 6
16 652 3 9
15 732 7 8
19 1509 7 10
16 801 4 8
16 1161 2 8
18 847 6 8
22 1499 10 9
13 1255 7 5
11 607 10 4
24 1151 1 8
24 1202 1 8
33 380 5 10
24 879 4 7
22 1398 9 6
26 1117 7 7
31 605 7 8
42 1127 2 10
35 1104 2 8
46 1294 6 10
34 1131 5 7
34 825 7 7
25 833 10 5
21 555 10 4
44 405 5 8
28 1213 9 5
25 563 7 4
45 1530 8 7
48 441 8 7
21 1574 3 3
22 870 8 3
66 497 10 9
69 831 7 9
64 734 7 8
64 1180 9 8
84 1416 10 10
76 1461 10 9
34 1560 6 4
92 1063 9 10
46 936 8 5
37 1197 7 4
65 480 9 7
29 1514 8 3
97 1313 2 10
68 988 3 7
39 637 8 4
39 597 8 4
99 1060 1 10
20 1568 9 2
60 365 1 6
31 906 8 3
53 682 3 5
98 1408 7 9
100 1037 7 9
79 651 4 7
57 664 4 5
59 847 8 5
95 666 10 8
97 841 1 8
62 990 7 5
26 928 4 2
92 730 1 7
81 875 8 6
81 1118 2 6
54 370 7 4
68 1026 8 5
55 1147 4 4
83 448 6 6
14 1457 3 1
85 1378 2 6
43 1408 3 3
75 812 2 5
75 1012 3 5
67 1090 2 4
77 1429 3 4
98 712 7 5
100 756 10 4
76 453 2 3
53 834 9 2
91 1268 10 3
100 1156 3 3
100 787 7 3
69 746 5 2
86 1008 1 2
52 1044 3 1
54 1027 8 1
67 1184 4 1
91 631 2 1
93 1205 10 1
SETUP
0 36 23 17 11 16 19 37 32 21 3 8 26 28 32 25 31 32 20 21 19 32 42 20 34 23 22 8 15 11 14 1 48 16 23 8 32 27 25 35 42 33 26 23 48 12 6 47 36 15 45 28 21 16 20 36 39 35 27 27 38 17 19 10 26 15 27 30 24 16 17 34 30 20 24 17 19 24 12 35 34 14 6 13 18 22 21 9 15 0 14 18 12 41 30 40 19 30 5 26 15
0 0 29 31 37 39 14 0 27 35 31 19 30 25 20 28 25 27 17 24 28 20 29 32 4 36 26 48 11 4 11 26 28 21 14 3 33 43 46 19 24 20 5 28 26 10 35 48 20 20 32 28 23 35 14 8 37 16 45 27 11 18 18 19 32 20 21 7 47 16 28 29 38 43 28 25 23 34 35 26 25 20 25 40 17 10 24 19 23 27 28 33 10 14 35 1 26 26 4 32 33
0 36 0 37 48 24 32 16 36 15 25 35 38 20 28 34 26 15 30 18 24 31 9 27 29 13 25 19 18 7 14 28 27 4 16 32 30 39 13 28 0 44 17 20 25 7 8 35 25 1 34 39 41 15 43 11 30 23 36 17 15 20 37 20 23 21 40 23 8 30 44 25 18 27 24 27 25 26 32 4 16 19 20 21 16 39 6 37 2 39 4 14 26 3 25 31 26 39 2 9 42
0 42 36 0 35 41 23 39 37 37 14 14 25 10 22 24 21 21 25 30 33 9 48 23 23 13 28 29 46 28 4 33 28 36 30 20 25 29 36 34 34 40 18 1 19 30 17 21 18 25 26 28 35 37 21 25 31 28 28 23 23 25 39 22 39 20 12 26 9 14 37 26 48 0 24 40 21 33 29 37 28 24 33 36 22 31 13 40 19 25 24 7 19 10 40 11 8 37 9 41 37
0 21 31 27 0 35 22 39 27 28 7 24 30 17 29 11 22 25 21 42 14 26 48 18 16 24 15 33 31 28 16 28 2 32 33 18 26 27 17 25 24 19 42 39 29 26 33 16 30 19 3 32 17 21 25 12 20 29 15 20 18 22 24 20 32 17 18 32 39 35 29 25 29 44 23 24 30 4 18 37 31 41 17 11 18 22 17 38 18 10 32 27 33 18 15 23 14 40 11 19 14
0 18 16 12 31 0 24 23 25 42 28 7 16 36 17 19 24 15 25 38 13 36 26 21 20 32 25 11 25 36 24 34 15 31 37 30 23 6 35 30 28 12 34 23 29 21 31 27 27 21 29 30 16 33 16 32 20 6 18 30 21 4 42 28 22 21 25 16 9 1 22 34 22 19 34 40 15 22 39 19 9 33 33 12 35 20 40 15 12 4 26 43 42 27 28 19 22 30 12 47 10
0 23 16 29 22 24 0 1 15 34 25 34 32 16 19 34 42 29 26 22 16 29 31 32 33 25 13 33 43 14 19 23 17 32 20 30 20 31 5 18 7 39 1 25 38 15 29 32 29 7 17 30 39 21 30 42 27 14 34 32 33 27 31 16 27 35 34 16 23 22 22 40 36 25 34 15 27 3 27 27 15 11 20 5 40 37 35 23 6 26 11 26 14 18 20 15 30 13 22 5 43
0 36 34 20 15 15 8 0 18 32 30 32 26 13 5 17 29 23 20 18 5 16 16 19 39 17 29 31 32 11 33 30 28 23 3 13 44 28 22 19 29 17 29 17 29 30 37 32 3 23 13 25 29 30 42 20 24 34 29 40 22 6 15 40 15 33 7 36 20 21 13 22 9 13 33 17 23 22 34 18 15 29 36 21 24 8 34 22 12 22 38 38 7 17 28 18 25 9 8 10 21
0 4 28 19 26 12 0 37 0 17 24 36 37 3 34 20 29 19 25 22 41 17 9 23 30 12 19 32 21 33 26 19 33 19 15 27 33 29 18 18 14 30 7 30 18 23 40 36 19 24 21 11 38 26 20 20 30 1 25 10 13 23 28 17 8 33 30 18 28 48 10 3 40 8 25 10 34 14 43 38 2 42 34 19 37 37 31 33 24 39 12 34 15 20 31 24 30 32 39 22 13
0 30 36 22 19 22 12 10 31 0 33 13 27 12 45 21 21 31 17 28 18 6 33 20 12 21 41 44 31 31 31 22 21 31 15 20 32 38 13 2 18 28 19 25 37 25 22 6 33 33 40 24 36 20 45 21 16 19 11 11 27 25 17 6 21 36 10 33 32 47 27 26 29 23 28 36 40 21 34 25 38 20 12 19 44 22 10 24 23 12 35 2 42 35 26 33 3 23 32 4 31
0 19 29 35 22 28 20 44 9 28 0 17 23 37 27 45 18 7 45 25 22 35 13 20 20 16 19 23 30 30 19 16 17 42 38 4 14 22 7 30 18 44 6 39 9 12 16 28 5 12 33 14 21 43 34 28 21 21 41 41 22 3 12 36 21 26 36 10 28 26 41 15 18 35 18 34 34 5 33 19 24 27 20 3 21 8 35 7 19 23 23 17 21 8 35 26 28 30 40 36 16
0 23 37 20 16 16 32 13 16 34 38 0 6 26 19 8 33 21 25 21 40 6 19 18 33 34 17 10 34 44 24 14 9 19 45 28 17 16 16 12 10 22 19 28 22 10 18 35 40 27 28 4 19 6 27 21 31 16 20 42 32 5 30 30 38 30 32 19 9 19 41 7 25 24 16 27 9 33 29 19 37 30 29 7 4 27 33 32 41 32 24 30 22 24 27 22 27 17 37 3 19
0 36 32 27 30 28 37 33 10 43 30 31 0 27 45 12 32 18 16 39 26 26 34 42 16 29 21 41 42 34 42 14 8 31 35 24 18 31 17 31 43 4 21 33 34 14 24 7 30 30 14 13 13 21 21 34 0 41 18 24 24 48 45 9 32 17 26 34 10 36 40 4 36 32 2 31 15 32 13 22 4 13 31 21 19 24 23 37 13 30 48 15 44 4 42 31 32 3 28 27 5
0 12 31 37 26 20 36 17 36 24 15 42 6 0 12 14 31 39 19 7 30 15 30 32 42 22 8 30 47 10 26 31 45 14 23 28 8 34 14 5 22 27 32 12 32 40 23 26 46 5 27 36 19 32 29 25 27 28 34 25 10 33 36 38 20 21 32 28 3 23 30 38 17 33 24 33 44 16 37 30 38 40 16 23 2 35 15 36 10 5 25 28 31 22 24 30 21 42 29 11 12
0 21 26 19 29 37 40 0 26 37 8 28 25 25 0 42 29 42 29 20 33 19 10 34 18 11 31 45 29 14 20 27 35 37 46 14 44 6 27 27 28 5 21 6 9 16 20 34 14 36 12 41 24 16 15 23 17 36 12 14 35 35 9 40 36 6 48 42 23 18 28 25 15 38 27 35 0 25 32 26 10 44 5 38 27 14 25 11 38 36 16 39 34 1 24 33 20 35 19 34 11
0 36 10 32 5 24 39 12 30 29 35 26 17 14 34 0 37 25 41 30 41 14 18 28 37 42 39 17 36 14 12 11 17 15 24 19 27 24 21 13 27 30 19 28 13 27 23 23 35 21 30 27 32 34 3 33 23 21 33 19 26 27 42 14 25 19 45 23 20 39 12 25 4 19 7 37 38 7 28 33 21 32 20 8 0 29 15 22 16 11 30 30 3 30 31 9 32 29 43 43 22
0 30 37 16 28 19 30 11 22 30 34 29 42 31 22 20 0 25 17 27 33 23 17 33 40 15 20 2 18 37 15 28 12 28 16 36 35 29 9 19 4 14 42 9 18 31 36 18 41 11 18 20 46 20 26 2 10 20 21 28 39 16 14 18 28 30 31 43 1 36 26 46 29 15 19 23 46 31 22 4 23 9 10 18 27 30 28 12 28 34 22 30 22 18 20 36 12 5 1 23 10
0 41 32 17 16 28 19 8 40 26 27 27 20 26 37 37 20 0 29 14 42 28 22 27 19 14 25 4 21 6 23 42 25 45 11 28 24 23 9 6 41 28 14 31 20 19 15 1 22 33 36 45 43 4 3 9 13 30 27 2 9 18 36 21 48 40 16 16 20 13 31 22 28 6 13 12 16 48 28 28 19 46 22 41 9 25 23 47 9 28 33 22 37 18 41 38 40 17 45 23 9
0 33 29 28 2 28 23 26 41 2 16 11 16 16 31 21 21 16 0 14 5 34 36 17 24 27 14 8 33 33 28 23 15 45 15 27 18 26 23 47 45 47 38 24 25 7 18 29 21 17 48 35 45 36 11 25 29 48 18 12 37 24 15 33 25 16 41 23 46 34 7 26 16 22 27 24 35 17 10 30 30 33 19 7 27 25 9 2 29 16 46 16 25 36 31 39 21 20 23 29 9
0 16 13 23 29 18 22 24 37 19 32 13 44 18 16 47 13 25 25 0 29 28 16 33 12 20 30 22 38 17 29 29 30 22 17 25 29 36 33 10 41 37 46 6 35 18 4 10 37 21 28 43 29 24 18 48 22 40 21 32 12 19 31 15 25 12 35 40 39 29 14 11 25 11 9 23 10 40 48 23 36 25 27 16 21 19 20 30 11 20 30 46 36 38 20 20 33 7 19 15 18
0 22 7 31 29 11 6 27 2 27 7 11 18 23 32 45 21 27 11 44 0 38 30 33 29 22 11 37 30 21 10 11 19 16 19 16 5 26 18 19 37 38 33 38 20 10 20 30 19 30 34 27 18 12 7 45 4 39 37 23 25 37 41 31 31 30 29 2 10 22 27 26 20 36 37 31 24 26 32 27 17 16 29 25 26 27 27 32 16 33 28 23 15 27 8 27 25 24 0 29 28
0 17 31 1 2 19 4 23 27 8 7 36 27 22 31 29 21 43 24 26 34 0 29 17 26 30 34 41 44 12 38 29 16 38 17 47 26 23 18 36 21 25 17 9 14 8 23 40 33 22 23 31 18 42 30 18 18 20 20 29 47 20 18 38 36 31 11 11 47 31 33 8 36 23 26 14 26 9 17 20 30 22 5 29 34 28 23 15 32 24 25 25 25 21 42 14 19 44 27 19 26
0 24 27 46 42 26 45 36 29 25 10 32 22 25 43 25 31 37 36 34 0 33 0 14 25 13 27 10 33 30 13 40 16 39 38 14 27 16 32 37 15 8 42 35 16 8 35 34 45 21 20 36 26 26 7 38 11 32 37 14 11 34 13 22 36 40 25 34 20 25 9 3 26 21 8 31 27 10 24 28 36 18 35 26 32 45 28 4 29 29 29 27 30 28 27 13 14 16 13 31 31
0 8 18 22 16 38 33 37 41 45 10 30 21 3 16 34 15 19 37 14 21 6 14 0 28 20 17 21 16 31 1 32 18 25 34 32 10 9 10 37 34 19 32 8 14 38 37 13 33 28 17 35 17 23 17 44 40 35 9 38 11 11 16 25 1 33 6 27 40 21 28 29 30 23 20 14 24 28 37 27 18 31 27 10 37 15 22 26 17 8 13 23 18 17 32 33 26 13 32 28 38
0 18 27 31 14 32 38 42 40 28 28 15 35 25 13 10 11 47 21 32 13 37 10 18 0 39 26 26 16 38 17 17 24 17 44 34 25 18 13 39 20 43 31 18 5 4 27 23 38 18 28 20 30 20 27 27 25 21 23 31 32 18 23 40 10 48 28 43 30 3 15 29 11 21 27 11 13 26 31 31 34 23 6 27 35 27 30 12 30 25 39 25 34 35 19 22 24 35 15 35 35
0 13 37 40 14 17 29 28 17 18 37 23 16 13 19 14 11 3 34 26 32 20 10 33 4 0 26 23 38 22 26 17 39 18 19 11 25 28 29 22 26 24 44 21 20 25 22 34 19 34 25 19 28 39 30 42 31 29 28 36 45 19 23 15 17 29 27 37 32 10 13 20 10 30 22 22 36 2 39 29 12 24 4 24 47 24 12 25 31 19 32 23 36 17 32 10 23 28 35 21 7
0 4 45 27 28 34 15 30 23 31 15 32 44 32 21 36 22 20 23 41 39 30 1 16 26 33 0 17 6 30 32 20 24 19 18 7 41 5 31 12 16 34 23 32 36 48 19 21 24 30 13 27 17 37 24 8 18 20 18 45 31 24 16 17 9 25 27 36 6 32 22 13 26 27 14 27 40 17 15 16 37 31 11 32 13 22 22 19 36 39 20 21 46 22 12 15 6 20 47 38 30
0 24 28 45 25 27 25 27 7 32 12 29 19 14 35 23 42 22 21 30 17 16 22 29 5 28 4 0 27 13 42 20 14 20 33 41 15 22 46 9 12 17 18 20 13 33 23 10 39 19 28 29 23 29 32 6 32 34 18 6 4 25 13 32 28 34 7 19 34 19 38 39 29 36 21 18 14 36 13 6 31 24 15 30 29 38 18 21 0 32 11 16 5 23 25 1 10 22 38 36 7
0 32 25 21 34 45 16 42 33 31 5 35 38 20 20 20 29 10 29 24 33 43 23 17 29 35 27 41 0 18 16 21 25 39 31 22 46 27 26 41 13 28 37 15 18 1 12 20 8 29 20 23 20 7 20 46 30 21 34 30 11 12 37 40 42 29 29 31 35 36 14 8 6 8 24 27 14 17 22 5 29 14 19 38 15 31 30 32 33 22 23 13 30 36 9 25 20 9 47 4 33
0 30 31 33 1 21 8 28 31 19 25 28 25 24 27 20 19 17 24 41 18 34 30 21 46 18 41 4 46 0 31 17 21 21 38 34 28 42 21 23 25 17 18 38 25 30 34 13 18 22 2 33 31 16 44 17 13 26 31 8 23 26 22 38 29 21 39 3 34 22 6 31 17 12 21 26 14 28 3 7 24 31 43 36 28 20 30 32 39 40 17 39 3 36 13 27 24 36 15 20 32
0 34 26 43 33 31 38 8 27 11 11 19 28 28 26 31 25 20 31 24 7 33 39 32 17 37 26 23 18 28 0 17 31 24 12 41 7 25 23 18 15 36 22 24 42 16 37 46 21 14 14 21 18 16 33 35 41 18 35 38 19 31 41 27 12 21 40 26 25 27 34 27 28 22 34 13 24 30 25 41 44 31 11 25 38 22 32 15 12 45 35 16 12 4 30 29 9 43 4 41 31
0 31 34 36 40 17 16 20 20 12 43 8 30 5 19 17 31 24 7 27 14 19 6 16 14 17 12 36 29 17 12 0 25 20 28 7 14 18 6 15 20 28 21 15 32 22 47 35 39 29 22 34 4 35 36 15 23 20 17 32 27 1 22 46 28 26 22 12 33 13 28 13 26 20 26 27 27 21 19 16 24 17 31 29 23 27 33 28 41 31 12 15 27 12 14 9 22 12 16 16 20
0 30 22 23 32 7 47 25 24 24 31 45 10 43 18 0 24 37 22 41 48 9 48 34 25 10 10 9 26 39 32 24 0 8 27 31 34 23 33 27 27 23 23 17 18 36 6 29 38 34 25 27 26 9 18 2 27 28 18 38 24 41 35 29 19 18 26 21 19 19 35 23 22 25 28 39 16 30 22 37 33 34 21 39 10 18 33 22 35 3 31 23 17 25 23 25 37 32 34 26 30
0 5 24 31 25 26 34 37 35 24 43 21 21 4 16 39 22 37 25 24 19 20 27 8 28 36 24 26 35 30 20 29 41 0 32 47 30 17 3 25 28 42 33 32 19 19 17 12 19 33 34 22 28 19 14 29 39 14 40 24 31 43 20 3 21 19 17 38 33 39 13 22 13 28 30 12 14 30 22 8 16 5 22 29 31 33 6 2 28 20 21 27 3 27 44 37 35 17 24 18 29
0 29 35 30 17 23 26 23 11 25 23 16 25 11 38 11 35 21 30 33 11 9 24 24 30 28 15 21 17 32 31 21 18 21 0 28 30 7 14 27 18 1 19 22 13 4 31 13 27 34 24 19 0 38 11 14 19 10 10 20 4 36 44 13 4 43 16 7 18 40 22 36 29 37 32 14 38 8 10 45 4 30 16 25 11 38 45 42 41 21 24 24 29 30 38 21 32 31 14 41 34
0 18 29 14 24 3 37 8 1 31 28 29 19 13 32 29 14 14 1 8 7 11 31 25 25 24 18 34 11 22 42 40 0 14 16 0 38 27 41 32 27 40 39 27 37 16 36 24 28 18 19 20 44 4 16 39 18 25 14 18 15 28 32 1 24 25 34 41 30 36 15 37 28 34 18 36 45 22 14 24 37 11 13 9 25 25 17 22 25 24 26 25 23 19 24 27 39 17 31 30 38
0 6 25 35 31 12 29 18 15 6 3 31 30 23 19 38 13 8 0 47 39 15 41 8 35 24 13 39 35 13 34 31 27 9 16 11 0 35 16 34 7 32 20 17 14 12 30 20 38 19 19 26 39 17 24 48 41 6 30 36 31 20 35 3 31 37 25 18 25 10 35 31 19 45 25 11 19 26 36 22 36 20 21 34 18 24 22 30 12 14 7 10 11 23 16 35 22 28 15 25 27
0 34 45 37 30 33 45 3 20 18 32 23 25 20 26 36 22 20 13 23 10 9 35 30 27 28 27 23 38 36 19 21 38 5 16 27 19 0 21 26 8 10 32 16 41 32 6 37 43 33 28 17 37 21 20 20 31 42 31 34 42 41 18 13 26 25 34 22 36 33 9 28 21 21 22 21 18 15 33 29 10 21 23 23 8 17 31 33 25 23 18 17 19 6 25 39 30 34 7 16 7
0 34 31 29 37 41 47 48 16 23 15 21 19 17 27 40 11 29 21 44 9 31 23 18 9 10 18 23 25 44 25 20 32 23 33 35 18 30 0 4 16 25 37 21 46 42 33 26 33 25 32 16 31 14 29 35 45 5 8 26 7 34 26 19 45 20 41 23 16 22 27 13 22 45 20 35 14 34 39 29 20 25 37 33 36 23 21 41 13 18 10 36 25 32 21 42 37 40 30 1 25
0 14 22 32 26 33 7 25 19 17 34 33 23 29 28 6 7 25 19 19 21 32 20 31 37 8 9 28 12 30 20 13 30 33 18 5 31 32 46 0 32 14 20 7 12 43 24 23 35 48 27 12 15 25 16 32 39 6 6 27 25 15 39 24 37 14 21 24 29 21 14 18 28 38 25 19 44 29 24 8 17 47 21 26 28 37 36 21 23 22 31 32 35 5 17 42 14 19 25 18 18
0 11 32 34 40 22 23 35 17 40 32 36 28 22 24 28 25 24 17 27 40 33 36 21 41 22 15 32 12 34 30 43 33 39 23 10 31 23 28 38 0 24 34 25 27 30 18 15 29 10 27 27 16 30 22 5 23 38 25 23 34 32 20 25 46 19 14 32 20 27 27 23 23 4 35 41 17 38 29 28 35 13 38 37 19 19 29 34 17 21 19 8 14 31 24 33 30 15 31 21 36
0 31 35 24 36 43 15 35 46 22 20 32 12 23 9 4 28 27 19 27 30 13 18 26 25 39 22 16 17 11 19 5 10 12 23 9 27 34 27 3 45 0 30 21 18 15 44 29 29 15 36 27 34 21 26 40 15 21 35 18 7 34 22 26 13 12 38 24 22 30 42 13 22 32 4 34 25 26 13 14 24 30 8 20 30 13 27 41 29 10 26 19 31 13 30 29 35 44 27 12 38
0 44 37 23 39 29 9 29 32 8 21 12 11 9 40 14 33 28 1 25 10 12 32 14 26 12 28 36 23 13 19 32 28 24 29 15 19 27 21 19 18 13 0 15 36 32 37 39 11 32 35 31 41 7 29 18 13 12 15 10 31 32 34 40 27 6 28 30 46 13 33 23 19 14 23 29 26 41 42 17 23 20 19 32 20 20 30 28 13 29 21 23 48 24 36 47 20 42 15 27 35
0 19 39 46 22 12 42 35 11 3 2 10 28 6 26 12 10 17 27 34 31 21 34 23 21 20 31 19 29 24 37 22 29 14 19 16 26 25 35 18 35 36 8 0 2 23 21 33 29 47 46 33 45 30 33 35 30 21 35 46 38 23 18 25 8 32 38 5 21 30 20 17 38 13 38 22 45 35 10 11 29 10 20 1 20 12 4 8 20 26 29 1 28 20 34 13 46 20 37 19 21
0 6 24 29 43 13 16 35 13 25 22 2 13 38 10 15 16 47 24 24 38 3 25 22 44 8 15 8 18 18 6 11 5 48 34 35 19 17 17 17 18 22 11 17 0 29 33 15 15 30 31 17 4 35 23 34 46 26 43 11 12 12 35 37 28 37 12 38 40 41 27 13 41 25 25 6 44 23 36 29 24 39 17 21 21 34 31 40 15 28 27 36 26 32 42 19 28 22 26 19 20
0 38 24 3 19 47 27 13 15 8 29 40 31 10 27 43 44 36 26 5 36 22 37 28 28 25 6 24 34 24 8 41 27 6 40 27 30 22 35 0 19 33 43 45 34 0 11 18 37 16 24 39 12 17 17 23 26 24 8 30 23 46 27 26 31 15 17 32 39 35 12 25 44 8 32 38 32 16 28 27 33 35 43 32 37 31 31 13 19 23 3 32 37 27 48 38 35 30 48 12 31
0 36 21 30 25 10 6 22 40 7 12 38 21 6 39 23 23 48 32 21 11 9 33 35 34 38 34 35 39 27 14 6 17 31 25 36 24 24 17 35 23 10 39 34 12 26 0 26 28 22 39 25 40 38 11 30 26 26 8 15 38 25 25 18 26 22 32 5 23 19 34 21 22 46 10 23 17 14 43 21 24 24 17 19 42 30 41 39 18 10 21 42 41 16 21 39 22 24 28 26 23
0 7 42 20 19 28 17 40 34 21 7 35 34 20 25 38 25 10 16 32 26 43 19 28 30 28 36 35 17 17 22 31 38 17 19 17 30 8 15 26 16 13 11 41 18 31 46 0 9 20 18 22 15 15 34 28 27 31 23 14 30 19 4 24 39 25 16 31 13 26 40 16 31 44 23 34 40 17 27 13 28 14 43 39 16 35 26 43 36 23 19 23 36 34 35 3 17 12 29 9 29
0 22 19 42 11 25 34 7 33 41 33 30 44 36 14 22 22 16 26 4 46 23 25 19 10 8 32 22 12 18 31 23 24 18 20 31 1 22 19 35 13 31 24 31 35 17 11 9 0 15 32 24 23 27 39 12 5 10 22 38 10 15 9 35 10 36 33 25 19 6 42 29 41 23 44 18 17 32 20 35 31 6 24 35 38 26 39 41 28 32 37 12 15 39 44 13 20 25 15 27 14
0 28 40 9 4 26 15 23 9 22 17 8 11 9 33 23 22 27 43 43 31 29 14 4 31 33 46 27 27 25 34 18 20 34 19 47 46 37 26 27 16 26 34 25 29 31 38 18 26 0 44 21 21 25 23 44 40 7 31 3 30 22 31 32 38 38 35 33 4 32 42 36 35 20 25 2 27 27 32 13 20 39 22 40 31 37 26 21 35 30 8 28 28 25 26 36 8 29 13 32 30
0 34 29 22 37 10 17 17 24 8 10 26 46 31 24 24 36 25 28 24 22 24 28 32 32 24 31 23 21 13 24 47 10 47 25 27 46 22 12 30 16 36 23 23 23 31 35 37 33 28 0 26 17 35 12 19 23 16 9 23 16 7 43 33 21 23 29 14 18 17 35 31 24 30 42 21 14 25 37 14 33 28 25 10 17 16 20 24 16 33 37 5 18 6 35 19 2 25 35 37 28
0 23 20 29 37 37 36 35 8 14 29 25 24 21 12 25 4 27 32 42 15 25 10 30 25 34 10 12 20 34 31 16 34 23 2 30 36 34 9 28 25 26 28 7 45 7 16 25 6 18 9 0 10 19 12 27 35 6 36 20 32 36 33 21 23 15 32 27 34 32 30 15 22 43 32 19 8 24 25 14 39 32 32 10 24 20 31 22 29 29 16 17 29 11 7 25 14 12 33 17 21
0 34 24 25 35 28 22 44 25 34 18 28 37 18 17 35 28 17 24 18 25 31 41 22 20 26 19 13 14 30 22 21 22 37 21 15 13 47 43 43 9 25 32 25 47 21 32 35 26 37 30 31 0 1 30 29 41 21 20 6 42 18 16 38 26 3 20 38 48 27 27 18 3 38 42 23 6 16 2 32 12 21 26 34 38 33 42 39 27 5 4 33 41 26 21 20 21 22 22 34 32
0 10 22 18 38 21 34 22 22 34 20 25 7 22 26 24 23 45 13 24 23 32 33 33 21 25 23 16 8 28 23 46 29 31 38 25 12 25 14 44 14 27 23 31 14 7 17 12 17 19 39 20 3 0 6 13 17 25 31 42 25 17 28 41 29 20 20 38 15 40 17 20 11 18 11 35 31 24 21 28 19 37 37 34 22 27 8 28 1 17 28 41 23 30 23 41 5 32 33 11 8
0 17 25 3 37 21 28 34 26 45 12 18 29 35 22 38 11 29 34 15 27 17 26 8 9 11 32 26 16 31 39 16 26 23 34 9 43 35 14 22 20 1 35 35 19 44 18 24 27 31 39 39 10 33 0 15 29 24 24 33 43 28 33 34 15 23 47 13 17 14 7 23 7 28 45 14 5 21 35 21 32 18 15 22 26 2 39 30 33 13 30 43 26 3 13 42 30 28 47 16 19
0 20 12 17 30 17 29 31 16 27 41 19 27 24 42 4 13 15 29 17 25 14 37 22 21 16 37 38 26 5 12 4 28 2 36 16 24 19 37 28 3 27 26 33 40 31 26 27 28 4 20 16 33 12 30 0 35 40 36 24 22 33 41 29 27 32 32 26 22 3 15 37 40 13 8 21 28 24 25 16 24 23 33 17 46 29 7 34 9 29 40 7 21 18 30 23 18 14 9 37 15
0 12 36 26 26 33 24 13 21 36 17 35 40 13 34 29 24 37 20 23 34 30 20 38 23 7 44 43 24 10 39 24 12 22 17 34 24 38 28 29 29 37 20 42 31 25 23 17 13 30 17 41 18 15 25 23 0 21 10 7 28 5 16 17 25 40 23 43 16 32 42 23 16 19 35 30 32 11 33 26 16 38 13 15 32 33 13 23 23 31 8 34 35 24 5 25 28 35 41 21 19
0 13 34 33 35 9 21 40 28 24 6 20 27 33 20 18 30 24 28 29 17 25 20 22 20 31 36 8 26 9 34 40 47 13 20 19 14 14 10 33 31 16 18 26 4 38 27 38 20 36 39 41 20 15 32 41 20 0 18 33 35 35 17 30 16 36 28 16 23 19 21 22 0 29 42 42 8 14 25 39 30 17 14 32 23 15 34 29 22 34 26 27 18 35 36 17 25 11 38 21 18
0 19 29 8 35 11 15 30 22 25 27 35 42 41 33 4 14 25 28 24 23 35 18 20 17 21 22 11 35 11 39 33 7 32 17 32 38 17 31 20 33 21 37 27 19 35 38 41 27 23 29 24 29 36 26 22 37 12 0 25 25 38 11 27 28 27 28 25 36 25 26 47 23 15 33 14 21 29 15 11 35 18 22 43 12 26 38 46 22 47 4 30 20 45 36 13 12 30 25 5 28
0 13 13 35 12 1 18 11 45 27 22 9 34 18 15 20 32 11 38 22 20 30 17 36 26 17 18 47 26 23 22 40 45 35 4 29 13 28 15 42 20 18 29 31 27 27 13 20 10 22 34 24 23 27 36 15 26 0 28 0 25 9 28 19 23 17 35 29 23 18 18 19 23 12 3 38 44 20 16 34 18 41 9 14 40 26 26 30 20 36 1 17 7 10 3 4 35 22 18 23 32
0 35 36 26 40 19 42 9 18 40 9 6 23 34 24 34 37 20 20 23 7 24 19 34 9 27 20 44 8 28 14 35 11 12 7 29 24 15 2 25 13 14 20 16 20 33 20 38 19 13 22 4 37 11 26 35 30 36 10 3 0 26 31 37 29 21 37 17 3 5 17 42 34 32 11 23 30 39 16 10 45 11 10 35 17 14 6 28 37 22 40 31 31 20 10 12 33 21 28 34 10
0 30 37 19 36 36 32 47 10 18 17 32 19 10 35 39 31 34 18 9 13 28 19 34 22 36 37 19 23 24 11 16 25 25 15 11 5 23 12 27 10 25 32 29 27 9 6 30 39 20 24 27 16 12 34 23 26 22 36 35 30 0 35 36 27 36 24 2 35 32 8 29 28 28 15 11 30 33 38 22 11 4 6 16 32 41 43 22 19 12 26 31 35 24 11 12 15 29 5 35 22
0 25 20 23 7 21 21 13 20 27 11 27 39 44 39 32 12 16 23 21 27 27 29 41 20 28 24 23 31 43 42 7 31 13 31 33 42 30 14 31 14 15 34 29 41 18 40 35 22 48 44 22 25 25 23 21 11 25 23 18 8 25 0 9 30 18 16 32 47 29 16 31 9 18 41 22 12 17 10 26 18 31 30 19 42 41 24 4 29 23 23 29 24 24 17 13 19 17 38 14 17
0 14 12 19 35 19 23 16 26 16 41 15 24 31 15 6 11 32 13 25 14 24 6 16 12 33 22 28 18 38 26 38 38 19 8 26 7 23 41 20 34 24 31 8 23 29 10 45 17 25 15 43 26 32 23 23 19 27 29 27 31 33 9 0 24 19 39 34 16 8 28 24 1 23 26 1 35 42 20 30 20 45 36 23 42 17 29 9 45 27 14 5 30 35 32 39 15 34 2 6 28
0 35 27 34 34 8 35 30 43 22 13 33 31 25 35 13 12 38 35 39 31 14 45 9 13 14 37 13 40 24 44 41 26 23 13 24 29 9 29 37 21 17 22 19 15 18 26 3 1 23 36 39 30 32 19 40 22 23 6 27 12 20 36 11 0 24 30 15 11 33 15 25 15 40 14 8 22 44 37 20 13 29 7 13 29 32 28 33 16 23 20 40 12 20 29 24 4 16 26 9 28
0 9 21 33 21 36 31 8 34 2 34 34 44 32 31 40 38 19 15 38 23 16 5 19 32 19 29 29 46 24 35 26 19 37 17 38 36 44 24 23 36 25 36 21 24 26 26 33 28 27 24 19 29 22 17 19 29 43 11 24 8 5 33 39 35 0 14 9 15 39 27 42 37 26 39 18 34 26 27 34 4 10 32 36 31 35 33 23 25 17 32 21 22 30 17 45 28 11 6 21 7
0 9 30 11 26 45 24 13 7 43 27 6 12 22 28 18 34 30 32 44 11 25 31 17 16 23 14 11 19 25 31 22 33 39 17 38 21 35 39 35 21 6 47 20 46 25 18 11 1 20 27 28 21 16 14 12 21 17 34 13 4 34 31 19 43 25 0 25 38 23 33 41 28 24 6 23 26 14 39 13 16 20 35 22 42 38 24 27 13 23 17 11 32 29 19 21 20 21 30 26 42
0 9 26 43 24 43 20 44 28 29 23 23 29 23 18 10 22 33 23 16 43 36 32 23 20 6 21 41 24 39 7 24 40 23 30 20 10 17 22 32 34 23 15 35 19 16 35 18 5 20 38 40 38 24 3 26 40 24 21 25 13 11 10 18 11 12 19 0 40 5 18 13 33 34 16 0 26 32 34 12 29 27 23 15 28 3 18 10 31 29 11 23 34 1 38 36 19 18 11 10 16
0 15 15 24 12 12 32 18 28 4 21 20 15 31 24 28 9 22 29 25 27 1 11 8 29 4 22 29 9 20 15 24 22 26 40 34 23 40 7 9 17 37 37 34 20 9 15 34 6 45 31 40 30 26 15 8 17 8 39 40 34 20 37 32 42 17 34 12 0 29 11 9 18 37 20 36 44 36 26 15 39 25 25 23 39 32 11 14 20 36 4 25 28 20 34 23 15 24 32 42 16
0 19 13 27 1 34 7 10 12 0 35 11 20 34 19 20 35 27 32 27 34 17 20 17 13 36 32 47 19 18 38 13 28 26 36 8 31 32 4 19 22 27 19 47 12 28 37 29 35 25 39 48 32 1 39 18 9 30 12 40 27 25 35 26 30 38 15 15 25 0 37 29 22 29 30 41 12 18 13 21 24 32 31 26 24 15 16 13 12 10 6 5 29 18 26 40 9 16 6 31 15
0 22 27 22 18 33 38 13 36 26 4 19 20 20 18 34 33 27 27 38 26 7 13 32 29 8 31 42 25 10 23 2 9 20 23 17 11 26 24 38 33 31 32 33 21 34 32 35 23 23 42 11 14 8 7 5 32 14 34 33 43 33 42 23 23 9 14 32 26 18 0 26 8 31 35 23 19 22 14 38 19 35 42 17 23 38 43 30 16 35 31 28 26 21 36 5 28 40 27 41 46
0 19 16 23 26 8 12 16 45 26 35 26 20 19 16 19 28 29 31 8 20 24 19 15 29 7 48 21 19 35 14 31 26 26 17 36 19 11 25 23 14 13 29 12 23 13 30 35 33 10 12 18 12 48 24 21 19 5 18 29 9 29 30 3 28 16 45 30 18 16 23 0 18 20 25 13 10 19 16 11 44 10 18 3 8 29 17 19 9 25 11 22 35 34 14 20 20 18 40 15 24
0 23 47 14 25 5 29 18 31 37 35 16 23 47 21 19 12 26 15 14 13 25 37 23 23 35 16 23 35 22 43 30 28 27 13 23 34 35 14 24 32 20 26 23 12 18 16 24 34 23 41 43 9 36 30 42 31 27 10 8 22 47 19 32 38 17 28 36 40 23 14 32 0 27 35 27 33 15 29 19 13 18 13 7 27 14 1 32 12 18 24 34 21 5 6 28 35 1 18 17 22
0 24 38 24 26 13 24 23 33 37 21 13 33 15 39 19 27 25 28 20 22 13 48 14 16 10 22 28 28 22 41 41 11 42 40 36 17 30 12 24 19 41 24 14 20 34 12 26 29 26 38 29 20 30 39 38 5 32 23 2 22 15 22 4 21 10 24 33 39 12 24 45 8 0 21 17 40 39 9 38 17 19 17 19 29 29 11 22 35 42 9 5 34 19 32 10 22 25 19 1 23
0 14 29 42 26 39 22 15 21 39 39 26 22 7 11 16 2 34 36 4 27 46 25 40 7 35 34 10 11 16 25 37 18 25 22 6 13 9 28 30 20 17 28 41 42 14 20 16 27 35 16 20 30 48 29 13 24 15 18 23 23 29 25 32 42 3 5 18 29 38 5 25 25 31 0 7 25 41 9 16 20 26 23 48 43 24 9 27 25 26 27 37 30 23 21 36 13 24 22 30 23
0 39 28 19 36 18 34 25 40 36 14 26 23 7 26 37 15 23 9 11 42 34 9 15 26 21 34 14 35 31 26 14 8 24 28 30 8 22 34 41 5 30 16 23 48 5 30 2 17 24 21 16 30 31 17 29 26 29 22 19 20 38 31 2 5 32 2 14 31 19 31 31 23 27 22 0 14 24 20 6 24 16 22 47 10 32 14 23 41 36 15 30 20 13 27 32 43 27 38 14 6
0 2 17 29 39 11 9 20 30 37 13 24 14 12 21 12 35 24 32 16 24 24 10 18 31 5 12 24 17 12 22 4 21 19 30 10 12 45 33 34 5 22 25 25 9 33 33 30 37 39 19 18 29 30 23 31 22 14 29 8 14 22 14 6 29 44 28 31 18 21 43 0 30 25 33 23 0 48 24 14 30 20 31 30 6 29 18 4 20 37 27 15 24 14 35 22 37 21 17 25 18
0 25 17 43 9 32 12 12 19 39 16 9 14 32 13 28 31 9 14 15 37 32 25 18 26 22 28 34 21 37 46 7 23 40 35 2 47 25 32 30 24 16 37 11 9 27 45 18 26 42 32 26 18 46 24 31 24 19 15 35 43 23 16 22 25 15 25 24 23 36 38 17 3 17 26 34 30 0 18 27 44 19 27 13 26 18 30 15 46 38 22 31 19 30 42 21 12 15 28 4 4
0 1 30 21 23 38 25 21 41 32 6 18 16 39 28 12 18 26 32 39 24 32 28 17 21 7 31 13 33 39 28 32 35 42 42 31 21 43 40 48 30 11 23 13 15 36 17 23 22 28 27 21 9 15 35 14 11 8 16 39 3 14 29 17 20 38 26 25 19 28 25 18 17 42 15 25 20 15 0 42 27 4 27 47 24 31 32 38 36 15 26 23 18 26 19 36 29 17 24 17 19
0 22 41 32 25 40 8 22 47 29 22 19 32 37 30 6 16 32 12 20 34 26 22 35 12 27 16 14 12 12 13 32 35 34 43 14 0 17 22 10 34 10 24 24 5 28 34 21 15 38 23 32 6 20 8 33 15 38 27 36 33 18 5 36 48 33 13 18 0 26 36 11 25 23 32 40 33 45 14 0 28 23 15 15 12 35 11 27 20 14 35 26 31 26 8 47 9 19 30 25 36
0 38 19 25 5 17 42 4 27 27 29 36 20 27 13 34 27 30 30 21 8 16 39 26 7 21 22 11 22 36 19 30 23 28 18 36 22 37 17 24 22 5 26 11 20 18 41 13 1 11 20 26 17 32 8 8 22 16 10 36 34 43 15 21 30 35 25 25 17 14 19 43 9 5 34 21 17 7 26 21 0 7 38 20 6 17 32 6 36 25 35 13 13 17 27 9 21 32 41 31 11
0 31 14 28 21 18 15 13 23 34 18 41 18 10 34 36 9 16 8 8 20 20 29 29 30 15 23 24 36 21 25 18 23 25 12 34 19 20 35 15 24 34 22 38 28 21 38 25 10 24 18 28 17 4 9 17 22 27 15 13 22 22 30 38 26 18 23 21 11 4 8 20 18 33 26 17 28 25 44 18 19 0 19 17 16 22 44 12 48 10 29 31 23 39 31 21 19 20 16 22 48
0 21 21 24 17 23 5 16 18 24 18 13 22 29 22 11 22 18 21 24 21 38 7 30 15 41 38 38 30 17 17 24 22 22 35 16 25 29 30 15 24 35 16 22 24 26 12 38 10 17 9 29 40 23 39 7 16 25 30 25 14 31 27 13 42 8 36 22 12 11 14 21 18 25 28 24 11 17 35 20 34 23 0 40 15 26 15 12 24 42 23 29 16 11 46 25 31 19 46 23 40
0 17 32 27 43 24 32 27 7 25 27 43 27 35 24 18 14 19 15 29 35 16 34 19 21 9 27 18 39 29 24 27 21 39 21 39 20 17 20 29 33 32 30 36 45 29 25 27 18 30 5 37 32 28 6 26 15 27 32 10 12 36 33 14 13 40 34 18 36 38 18 23 18 3 13 19 21 13 22 25 16 26 35 0 32 33 30 29 32 6 24 21 1 21 26 8 37 18 0 37 34
0 7 38 13 28 24 10 19 4 23 23 24 26 7 18 12 10 31 38 6 11 18 18 15 30 42 16 20 25 35 25 31 19 42 14 18 38 24 34 23 32 39 16 24 36 30 26 21 25 26 24 34 27 19 29 20 24 21 11 35 10 18 22 10 34 3 2 14 26 8 34 30 36 26 40 21 18 30 35 9 21 2 33 22 0 14 35 22 44 5 32 30 35 28 14 33 14 30 7 27 42
0 26 35 17 15 10 27 22 36 36 15 28 37 26 26 6 17 35 22 24 25 19 22 17 22 31 13 8 15 46 28 21 12 24 17 31 6 12 28 13 21 14 25 19 38 12 42 13 29 37 17 3 13 16 28 28 10 11 45 15 22 12 39 40 27 28 19 37 26 10 6 38 15 23 12 23 33 17 19 34 17 13 36 6 37 0 17 31 5 35 31 31 17 28 12 25 7 19 14 6 13
0 31 32 17 25 42 11 5 18 26 21 37 10 39 39 27 26 20 33 44 4 42 19 30 32 46 36 30 17 24 12 38 21 19 24 22 13 28 17 16 26 13 12 35 34 26 34 23 40 9 27 17 16 43 22 22 33 20 25 16 18 31 29 10 12 31 12 25 34 32 23 15 38 29 41 23 24 33 18 24 23 26 34 16 42 36 0 31 30 40 31 9 35 21 13 44 23 27 47 22 33
0 23 19 25 12 29 9 38 1 34 10 42 35 12 12 13 24 32 25 5 14 26 33 37 35 26 38 41 27 35 12 30 1 17 18 1 33 21 24 31 22 24 1 29 43 14 4 26 15 17 21 36 38 27 35 10 37 22 18 32 5 23 19 5 14 24 34 13 23 23 21 12 26 11 42 20 15 31 24 27 14 8 33 41 24 9 45 0 14 20 28 35 33 29 18 40 9 16 26 23 43
0 38 12 12 41 42 29 21 29 15 26 46 32 16 25 13 33 26 24 32 14 22 24 27 22 9 39 14 4 23 25 8 8 15 9 23 46 6 13 24 30 8 16 36 29 29 11 24 27 9 16 32 4 33 15 19 29 18 29 20 27 30 26 37 44 15 43 36 4 23 31 29 29 19 37 28 22 8 35 22 30 23 48 11 31 28 36 34 0 17 21 21 31 35 44 16 30 26 24 9 18
0 16 9 34 19 21 18 20 22 41 6 37 20 39 38 12 31 33 26 26 30 35 30 36 45 18 16 22 23 6 27 31 3 45 26 26 34 31 22 33 32 26 31 20 21 12 31 34 20 39 18 12 24 13 47 16 32 25 22 14 28 25 45 16 8 28 21 14 23 29 17 7 37 48 27 35 34 24 42 37 20 14 33 33 26 23 26 4 11 0 36 18 27 23 17 35 20 23 39 45 32
0 36 23 26 30 30 23 27 3 22 13 21 35 20 32 33 22 9 28 33 18 23 30 28 10 31 23 9 35 16 18 32 13 36 36 26 20 29 31 37 21 18 17 33 1 5 9 12 5 24 21 18 31 11 24 36 37 39 45 18 34 39 26 25 28 20 29 39 41 24 15 11 37 32 20 13 7 24 22 20 17 12 21 33 16 42 34 8 33 26 0 19 43 29 38 23 23 37 16 21 26
0 9 37 7 7 26 24 24 19 24 19 23 39 36 29 27 21 19 3 41 24 40 36 45 23 22 41 26 10 32 34 3 28 30 41 22 43 31 40 12 24 27 32 17 10 25 25 18 16 31 1 18 21 28 11 48 13 41 33 5 35 44 38 12 37 25 28 31 39 6 22 19 14 25 9 11 34 32 3 38 27 30 24 36 32 25 4 31 20 7 30 0 44 10 25 15 23 40 19 7 21
0 33 23 23 33 17 26 11 32 39 24 29 25 28 21 32 14 25 28 5 10 34 33 10 16 29 9 24 41 24 4 31 7 36 5 21 15 46 17 42 9 15 16 12 39 8 16 36 6 16 35 31 19 15 17 46 14 44 34 24 20 22 35 13 26 32 25 43 21 39 47 6 24 46 33 44 17 27 26 15 29 26 21 30 21 8 16 14 42 24 24 21 0 34 17 5 15 24 18 37 39
0 34 29 35 2 14 41 20 35 17 35 43 16 35 29 31 15 6 15 14 24 38 32 16 36 21 21 16 20 34 31 13 27 13 34 27 10 14 26 6 35 27 35 32 29 27 27 27 43 42 13 37 24 12 22 21 20 39 26 40 27 29 24 5 3 26 41 1 36 29 27 40 30 25 14 39 15 17 20 15 8 24 33 25 6 7 23 24 23 19 41 19 20 0 14 19 23 6 14 14 22
0 22 31 42 24 9 47 17 36 16 30 18 30 18 22 30 36 43 24 28 32 40 14 7 10 11 21 35 25 16 18 16 4 35 30 2 8 37 20 17 2 35 44 12 27 41 24 28 42 35 32 28 27 33 14 16 5 21 32 20 26 24 24 11 30 23 32 4 25 21 7 19 14 25 13 19 19 9 35 46 24 23 15 14 23 31 33 25 5 23 25 9 33 45 0 42 27 31 18 15 13
0 17 15 20 16 43 30 26 33 40 30 25 19 30 34 11 23 44 10 25 38 23 28 18 36 7 27 39 9 11 32 25 22 4 30 14 21 16 33 25 42 29 36 6 17 11 28 25 44 17 8 17 24 32 31 39 44 33 36 24 37 18 33 2 14 31 11 36 10 20 28 34 34 32 28 29 11 12 26 14 19 22 33 29 18 12 31 22 14 39 10 24 26 23 20 0 17 33 11 26 32
0 33 27 25 26 13 40 8 24 20 22 39 27 20 39 18 44 20 4 9 23 31 28 8 19 24 27 20 19 17 26 11 34 30 29 34 47 8 23 42 31 12 32 21 28 35 24 15 1 9 26 33 19 9 29 17 29 35 32 32 25 32 2 22 23 14 33 23 19 9 28 31 27 23 43 38 34 37 20 16 26 19 20 5 31 41 17 11 42 26 25 9 18 36 18 5 0 22 22 6 36
0 40 27 28 9 25 37 16 6 33 30 34 41 39 19 20 46 25 34 34 7 38 44 13 30 17 5 42 3 10 25 25 15 24 11 4 19 25 28 33 32 10 16 41 26 11 33 40 44 8 37 15 36 30 48 18 27 39 37 30 34 26 25 20 27 22 30 33 26 19 38 20 28 7 17 27 19 11 39 20 19 8 34 32 34 27 26 23 29 48 42 5 9 23 22 15 21 0 16 29 43
0 20 23 14 23 13 38 9 34 20 3 23 27 15 35 28 44 25 43 3 24 34 30 35 41 19 47 10 37 27 19 4 14 23 26 40 21 37 16 26 3 20 8 18 14 27 29 31 33 21 21 14 26 28 44 11 31 11 28 20 24 18 28 23 3 38 21 21 24 13 16 36 29 10 15 28 22 33 38 1 34 39 29 1 22 43 14 30 20 13 29 25 1 12 38 10 20 20 0 29 30
0 29 42 34 39 24 8 26 26 20 11 40 19 17 31 26 28 47 24 20 25 9 21 13 34 20 43 26 28 6 9 46 46 43 38 23 19 36 8 16 30 27 16 19 14 16 7 8 23 21 29 29 29 27 18 21 23 17 25 13 38 4 15 16 2 22 24 30 22 22 27 3 11 16 38 40 25 34 13 25 43 45 15 39 26 31 32 38 21 21 33 18 36 13 16 19 33 26 28 0 9
0 13 21 8 16 30 34 36 16 16 16 29 19 21 31 14 30 39 15 16 23 28 17 31 24 29 24 9 11 31 19 21 19 25 0 6 25 18 48 29 29 33 1 21 27 11 2 12 12 44 17 26 33 15 18 42 22 42 11 24 17 37 30 24 14 31 23 16 21 24 3 20 19 10 21 19 23 33 17 13 26 44 15 4 37 44 36 12 3 24 36 17 3 28 6 37 34 40 3 23 0
