100 4
2 224 1 8
5 336 1 9
8 187 4 9
3 527 8 3
12 179 9 10
12 18 1 9
12 113 7 8
13 450 2 8
7 415 9 4
15 317 10 7
13 447 1 6
20 302 3 9
9 340 2 4
23 162 9 10
21 0 1 9
22 0 6 9
27 282 10 10
28 44 9 9
10 234 5 3
20 273 3 6
27 147 4 8
28 29 10 8
36 406 2 10
36 0 4 10
33 110 1 9
25 316 10 6
26 542 10 6
13 0 7 3
22 308 2 5
22 549 6 5
18 318 10 4
42 312 2 9
19 347 7 4
48 132 5 10
39 151 1 8
41 304 5 8
43 118 5 8
58 358 9 10
47 527 8 8
24 494 3 4
18 139 8 3
30 180 8 5
43 393 5 7
37 509 2 6
31 205 8 5
63 508 7 9
50 0 7 7
22 0 10 3
44 565 5 6
41 362 3 5
78 362 2 9
9 134 1 1
82 490 3 9
39 519 5 4
69 366 4 7
50 570 5 5
90 405 5 9
63 0 6 6
43 62 1 4
54 425 6 5
22 0 1 2
89 115 2 8
23 468 9 2
82 207 9 7
84 424 6 7
90 123 2 7
27 552 5 2
42 159 2 3
100 429 2 7
72 81 3 5
29 568 4 2
73 365 10 5
93 2 2 6
66 92 10 4
69 411 1 4
52 436 10 3
87 366 8 5
91 0 9 5
57 0 9 3
96 4 5 5
58 455 2 3
79 205 2 4
22 229 5 1
90 338 6 4
93 355 7 4
98 488 8 4
59 0 10 2
92 537 1 3
67 283 3 2
36 32 2 1
77 120 8 2
83 230 6 2
44 465 5 1
89 466 8 2
58 525 4 1
59 503 2 1
83 470 9 1
84 258 9 1
88 363 3 1
94 468 1 1
SETUP
0 22 11 25 26 28 12 27 25 31 27 20 14 27 11 26 24 19 30 24 5 26 10 28 15 35 11 27 28 8 4 11 8 7 12 16 29 25 2 32 24 13 19 5 35 25 42 3 24 42 44 25 24 5 30 13 23 6 36 9 20 10 14 12 25 23 39 18 2 23 35 31 10 20 15 9 7 13 29 40 42 23 25 30 31 37 30 18 17 25 28 35 7 37 28 36 32 8 36 42 26
0 0 6 44 20 12 42 5 26 40 45 16 41 9 9 36 16 29 16 21 43 26 20 28 29 7 25 22 32 8 11 20 37 33 25 14 46 7 24 25 32 20 20 28 23 9 39 31 27 11 23 21 25 15 38 9 30 9 16 16 23 6 38 16 34 44 19 32 22 17 0 9 26 18 30 35 36 27 33 33 31 11 40 32 17 4 20 35 9 45 39 40 42 40 9 20 18 20 28 17 41
0 7 0 16 9 22 11 8 41 14 42 24 13 19 17 22 31 40 6 38 29 32 47 24 24 27 22 32 40 31 34 19 28 34 32 35 33 18 29 22 34 26 38 35 24 24 14 38 28 20 4 38 21 16 21 29 12 39 20 21 22 30 26 11 30 17 34 31 25 25 24 29 32 36 29 11 28 19 19 20 20 30 27 8 20 37 24 23 27 30 10 10 12 31 17 31 26 20 31 13 33
0 34 13 0 36 41 19 30 26 21 10 20 13 23 1 14 28 27 46 30 34 30 16 7 32 40 12 39 13 26 16 31 20 34 12 45 31 6 17 14 28 28 13 36 29 18 9 15 37 32 19 19 24 16 43 33 19 31 25 23 17 20 43 32 34 28 39 2 18 24 24 42 24 36 39 22 26 13 4 23 18 36 36 24 21 13 25 18 16 37 22 21 9 27 36 26 5 3 27 20 26
0 35 30 18 0 43 8 24 30 19 37 31 32 27 19 25 41 15 7 33 23 7 14 18 14 40 21 36 23 15 14 29 19 37 14 23 27 6 24 24 15 11 20 28 5 23 5 15 26 40 43 3 19 17 6 26 2 18 35 42 35 18 34 13 35 16 21 27 24 28 25 37 23 28 13 39 29 35 35 17 21 31 27 25 32 24 25 14 13 21 14 23 26 14 33 12 45 18 16 31 17
0 25 33 5 23 0 17 19 20 16 39 43 15 24 15 7 28 34 18 15 39 25 15 31 33 34 23 23 16 28 12 4 22 10 34 10 18 9 22 15 27 43 25 19 28 16 34 25 34 16 15 25 25 17 31 22 20 13 9 25 32 30 26 33 28 40 17 26 28 16 29 35 9 28 27 34 22 29 28 39 19 46 22 12 34 29 30 27 12 16 30 29 15 26 30 32 28 11 15 33 35
0 23 18 4 16 25 0 6 22 10 31 31 29 21 17 34 7 16 7 38 22 12 12 19 24 29 14 37 2 31 23 15 9 17 27 26 20 28 23 23 15 40 22 12 33 14 39 31 24 12 10 20 39 28 23 24 29 5 25 18 26 38 45 36 9 37 18 6 30 35 23 10 4 32 28 36 16 22 45 22 11 28 23 16 38 36 40 33 20 27 40 13 34 27 20 17 9 11 6 28 19
0 30 47 40 15 44 28 0 19 34 7 5 18 17 28 7 13 15 12 28 3 8 1 29 23 6 39 16 31 42 31 30 44 9 21 10 16 20 18 20 26 19 19 6 12 36 39 41 17 27 12 25 22 28 20 19 29 26 18 37 27 30 38 31 7 19 22 17 23 45 10 23 28 38 18 25 32 35 33 35 27 6 37 44 31 5 42 27 13 36 27 42 26 33 37 41 30 18 36 35 33
0 28 42 36 25 16 29 22 0 44 26 13 38 13 29 10 26 16 24 21 14 35 35 24 46 18 13 6 35 19 37 13 20 37 41 5 33 21 26 28 24 39 30 20 24 46 22 7 31 12 20 38 28 1 28 12 2 36 27 27 17 36 2 45 39 32 36 32 15 6 22 27 33 36 16 8 21 14 34 28 19 29 29 42 24 27 17 39 31 25 12 30 33 7 27 30 25 22 23 21 24
0 16 29 17 27 25 31 24 31 0 7 42 13 24 21 3 36 10 6 12 7 34 22 15 37 4 9 44 40 4 35 19 15 7 32 21 36 22 9 22 7 30 35 22 27 23 18 10 5 30 22 17 4 36 15 21 17 26 17 29 26 36 34 26 19 26 40 26 9 17 19 21 36 9 38 15 38 37 25 24 27 8 30 37 24 23 10 18 10 21 24 27 24 26 19 24 43 26 27 1 21
0 7 16 21 16 20 23 43 6 24 0 10 40 38 35 39 31 20 33 33 29 39 33 20 29 15 27 44 36 11 44 32 22 20 25 31 30 26 27 25 10 33 19 36 31 17 37 37 36 39 31 26 13 19 46 19 0 14 14 36 38 9 28 35 35 18 28 15 22 21 17 21 39 23 43 17 42 20 41 32 31 21 13 32 27 20 32 32 36 30 19 7 16 25 19 18 12 14 26 19 30
0 14 17 32 13 31 24 10 18 5 21 0 43 22 20 32 37 30 12 31 12 37 12 11 31 37 25 29 17 10 18 12 32 13 35 41 42 8 9 19 4 17 20 31 34 2 32 10 39 15 11 29 42 19 30 27 32 16 27 23 10 32 36 22 26 0 18 31 27 15 32 35 27 35 29 20 29 17 42 34 24 13 35 29 20 28 39 26 46 37 6 38 6 7 28 18 26 37 24 28 21
0 19 18 26 13 31 19 26 14 22 15 23 0 24 22 28 8 17 9 14 27 27 28 17 2 17 0 17 11 25 25 9 18 37 22 9 27 34 13 44 28 27 18 9 8 13 19 28 20 22 23 33 25 16 6 18 29 14 12 29 34 9 29 15 16 8 25 19 13 23 35 18 15 30 5 19 38 5 32 7 5 23 20 23 27 24 24 3 17 20 28 24 25 22 25 26 14 15 15 14 35
0 35 42 10 13 16 30 25 18 23 25 27 18 0 4 35 7 22 34 34 28 15 9 27 26 6 38 26 9 20 43 27 19 12 13 18 24 42 29 19 12 43 13 18 32 13 26 16 26 11 26 24 30 27 31 30 29 27 37 45 12 8 20 31 34 7 30 10 6 9 39 41 24 14 20 31 21 11 17 6 29 41 44 21 42 3 20 5 17 44 23 20 27 27 35 28 29 17 42 19 21
0 25 24 39 25 25 18 25 4 1 21 21 12 19 0 20 11 13 9 17 8 26 2 17 27 33 13 25 17 38 28 13 10 29 17 37 16 21 12 29 37 24 12 21 25 39 44 22 9 35 5 27 2 22 25 28 27 23 35 7 25 35 39 2 17 33 31 25 18 26 29 18 26 8 21 8 17 25 19 22 21 12 26 24 29 28 16 30 4 22 33 17 10 2 30 24 45 39 29 31 13
0 14 31 3 18 1 34 28 39 19 8 22 36 18 17 0 38 31 29 35 18 36 25 31 6 21 17 47 34 20 8 20 36 22 36 20 39 38 30 18 43 36 24 7 23 28 23 15 25 19 11 16 7 32 31 14 46 29 20 24 26 26 31 34 27 24 15 37 34 24 44 32 17 3 19 22 45 21 20 37 15 28 35 17 28 6 24 6 4 27 29 29 30 13 6 29 12 25 28 18 13
0 15 32 35 17 37 23 8 21 37 26 32 18 27 40 29 0 20 12 4 6 22 34 45 30 33 18 15 25 23 15 19 13 13 6 39 13 29 44 25 24 20 10 17 10 20 37 47 30 23 19 29 10 21 34 28 28 12 27 33 36 25 28 7 17 42 17 26 6 26 6 12 26 42 31 36 12 15 26 23 10 23 26 8 33 27 5 6 18 16 29 31 3 36 27 10 35 8 43 19 42
0 37 29 36 27 42 26 15 36 34 29 25 20 37 17 12 13 0 16 21 28 18 47 34 46 42 23 28 22 20 27 24 42 18 28 33 26 27 10 24 17 23 20 27 8 43 11 12 11 24 26 44 19 15 8 33 15 3 35 31 19 24 23 26 19 36 4 1 12 26 39 19 5 33 37 29 28 0 32 42 35 26 14 42 27 41 21 25 24 20 10 26 25 37 23 1 12 35 18 15 31
0 25 23 35 39 23 44 42 32 19 17 34 39 44 41 24 28 16 0 17 24 22 11 27 9 35 16 17 23 24 5 32 8 20 34 25 40 3 10 25 23 15 20 38 27 16 25 15 30 36 23 37 31 16 40 31 23 23 4 17 14 29 21 21 22 3 13 9 27 9 32 19 17 4 20 5 13 30 28 38 14 28 14 7 32 25 7 32 15 7 25 24 23 25 29 18 19 11 23 37 18
0 12 19 30 15 15 23 16 26 26 11 28 38 17 13 5 14 6 14 0 33 11 25 27 13 35 3 39 9 16 32 25 6 6 24 13 13 29 12 40 5 21 24 31 6 15 17 28 23 39 14 26 36 38 25 20 17 35 18 42 8 28 9 23 24 32 37 26 33 20 27 36 32 10 16 19 21 6 32 15 24 46 19 19 4 27 17 20 32 20 11 43 17 32 10 36 20 43 36 10 9
0 28 16 36 14 42 25 35 14 5 11 12 37 6 12 23 36 18 29 35 0 12 18 29 23 22 11 20 19 12 5 24 26 34 25 43 12 0 20 26 18 35 17 14 30 41 25 25 32 17 3 38 22 32 38 30 46 28 43 27 32 34 24 32 29 17 21 22 42 39 6 12 46 19 25 10 29 20 23 24 33 26 15 8 27 25 18 1 37 38 8 16 9 16 33 11 4 44 25 41 26
0 40 22 9 29 16 37 29 20 24 22 24 21 30 8 1 30 19 22 13 34 0 14 23 12 44 23 29 21 47 18 15 12 12 13 21 20 23 36 14 40 22 39 36 17 29 23 16 6 35 27 30 15 23 0 23 35 29 19 41 27 18 18 24 23 32 2 24 24 43 15 28 10 14 24 40 13 18 14 25 20 6 32 10 8 28 17 29 44 37 18 28 33 31 34 20 18 24 39 18 23
0 42 28 25 32 20 31 37 0 29 10 16 21 33 27 10 12 13 28 43 12 13 0 39 25 43 12 14 40 20 16 21 29 26 15 14 27 4 32 9 12 31 43 24 46 18 24 22 39 20 40 16 34 21 8 19 13 14 23 29 15 20 23 36 16 6 8 18 12 37 12 11 24 23 18 23 8 18 22 21 16 43 12 25 30 31 34 7 20 13 29 26 22 19 39 14 14 21 26 22 21
0 28 35 16 12 29 31 16 43 30 31 32 35 47 24 16 9 20 33 18 20 10 30 0 11 15 19 24 21 15 8 19 25 7 6 28 4 15 32 31 16 11 33 34 16 15 31 24 29 7 25 26 42 27 14 30 31 11 26 36 33 23 11 9 17 38 22 38 36 12 25 21 29 9 36 25 20 30 38 22 18 36 16 31 31 29 45 20 9 26 30 26 8 17 37 21 33 40 30 21 19
0 31 22 5 22 22 5 14 18 15 40 18 26 10 20 23 19 43 22 18 17 43 21 21 0 25 30 45 16 28 37 23 34 24 10 27 24 32 44 29 13 19 19 14 27 32 8 13 38 25 30 25 35 18 11 31 35 45 25 46 26 38 26 12 20 46 18 16 1 22 16 36 20 37 33 32 5 31 24 27 11 14 29 29 13 28 30 14 34 16 44 37 16 26 35 22 43 2 10 30 31
0 35 17 28 24 3 37 40 5 11 29 1 37 12 16 34 11 0 36 35 32 26 13 30 21 0 12 6 22 17 45 7 30 29 19 18 16 27 28 15 16 28 7 30 24 39 20 25 15 0 7 8 40 27 11 35 24 23 36 36 44 20 9 32 15 31 28 32 15 10 26 29 16 15 28 36 6 26 7 23 21 35 1 18 46 0 19 26 2 34 29 26 16 27 26 27 31 21 9 23 40
0 6 33 8 15 10 6 33 34 15 34 26 16 6 25 26 27 15 6 17 46 24 15 7 36 23 0 43 10 16 29 24 18 7 29 19 12 39 13 15 38 24 40 32 32 5 24 32 25 20 23 12 37 22 7 14 34 14 16 27 25 29 32 24 23 32 18 1 8 40 22 31 1 38 34 16 24 27 0 27 24 27 28 31 14 20 29 41 30 34 8 3 20 39 38 13 38 21 34 12 38
0 35 30 27 11 25 16 6 31 3 34 12 32 28 30 43 24 18 27 30 19 13 17 14 32 36 16 0 24 9 32 18 2 29 26 18 12 12 20 19 15 29 20 26 26 24 27 17 35 17 30 13 33 16 40 25 15 29 5 17 24 30 28 20 29 16 29 46 27 16 27 13 33 28 21 31 7 37 11 22 12 15 23 28 20 32 24 32 24 30 25 35 23 37 42 29 34 26 8 30 42
0 10 38 1 19 23 16 19 11 13 13 18 20 25 35 17 35 9 20 26 2 14 20 3 1 27 33 8 0 9 18 28 40 10 3 28 14 23 34 19 9 20 29 14 45 18 28 37 2 2 6 14 20 21 25 32 19 30 10 22 33 22 32 20 10 28 46 40 27 28 25 38 20 37 40 19 15 37 35 27 23 18 31 18 11 15 19 31 13 25 25 29 6 4 29 20 21 15 12 19 22
0 17 43 11 21 17 33 23 20 35 19 17 21 45 4 30 6 18 24 25 15 35 13 20 21 10 38 24 23 0 19 45 19 23 35 34 11 28 16 22 9 13 23 32 30 20 24 15 34 20 27 29 23 34 19 33 39 4 5 15 9 28 6 14 23 15 31 12 42 29 7 31 6 26 22 18 41 19 23 26 27 20 29 34 19 16 44 24 20 31 14 15 8 29 7 13 8 22 12 24 16
0 27 35 18 35 27 15 37 6 6 33 21 31 22 9 18 15 22 18 27 17 36 31 23 28 14 18 26 33 28 0 9 29 16 4 41 9 15 10 1 20 22 7 28 31 18 17 14 31 0 21 27 19 34 31 20 27 27 31 38 33 22 0 22 11 35 17 45 15 21 13 29 17 31 39 35 27 25 34 38 42 33 22 17 33 28 28 22 8 19 3 4 28 22 23 27 36 31 25 33 15
0 28 5 34 28 9 29 34 43 15 31 32 16 13 22 28 33 39 9 19 10 38 25 9 23 24 22 7 25 20 21 0 15 22 4 33 3 20 34 33 37 30 30 1 9 32 25 17 3 16 30 46 29 29 31 15 24 34 32 34 25 26 18 32 19 29 7 21 10 26 24 23 24 7 17 34 7 35 14 30 38 33 24 21 18 26 34 27 44 27 23 28 15 18 22 16 27 25 21 15 39
0 30 43 11 41 30 21 28 26 23 8 13 16 30 15 27 13 13 6 31 22 21 26 23 39 12 21 15 32 33 27 23 0 3 13 28 31 20 40 12 38 38 9 5 31 33 32 21 29 12 21 25 15 9 29 26 29 16 37 28 25 32 30 40 23 10 22 17 25 19 13 23 45 28 43 28 18 29 9 8 22 26 29 4 27 18 8 7 17 19 30 33 10 20 9 20 41 4 37 24 8
0 30 14 28 25 22 26 16 20 29 14 17 19 3 1 18 26 31 13 31 9 16 41 39 17 18 10 8 34 25 26 27 25 0 25 19 31 8 32 7 10 27 4 27 10 28 19 34 13 28 34 22 21 28 37 25 24 29 27 25 24 36 18 21 14 35 26 44 20 1 16 15 43 42 13 19 17 15 19 17 38 31 10 29 7 23 37 21 43 17 28 16 37 27 7 5 19 16 28 12 27
0 19 28 22 16 34 26 2 29 30 25 25 21 2 26 36 6 14 25 15 28 9 15 33 42 19 9 17 17 25 12 31 36 27 0 23 16 27 21 31 18 2 24 34 28 21 23 3 26 25 25 36 32 18 24 37 32 18 29 35 31 30 23 29 21 2 19 21 21 26 28 13 22 31 18 29 27 7 36 15 21 29 13 43 20 26 29 17 18 12 17 34 25 12 37 14 27 10 29 10 20
0 26 0 32 28 10 23 25 28 6 44 21 18 26 27 18 31 24 15 20 18 29 32 7 17 23 18 21 30 24 32 34 27 34 37 0 2 34 19 27 37 24 20 28 29 33 11 26 36 24 32 27 8 17 39 10 23 34 20 16 13 12 15 9 17 30 18 40 17 38 13 17 41 15 45 41 20 16 38 8 31 14 20 15 26 31 29 28 26 38 8 27 9 22 32 19 21 28 11 44 15
0 19 17 27 34 18 44 18 25 9 13 10 9 19 23 38 28 27 35 30 22 36 31 10 12 32 23 25 16 34 41 33 3 14 6 27 0 39 20 28 7 30 16 37 31 24 18 3 21 14 35 18 35 11 18 28 34 21 25 35 27 24 46 15 26 28 28 41 20 31 32 31 25 35 9 35 6 24 20 9 26 37 17 12 11 20 18 18 12 19 18 27 43 18 3 23 13 17 24 40 31
0 24 46 22 28 26 9 19 14 42 26 29 40 13 36 15 34 32 19 28 19 18 12 5 21 25 35 42 17 42 19 17 13 21 18 27 27 0 1 35 15 16 21 27 33 21 35 47 32 33 42 22 33 16 21 32 21 30 29 15 40 27 28 16 21 42 20 27 7 13 24 29 19 40 17 15 32 17 15 26 42 23 23 23 16 20 15 10 29 31 4 19 9 38 28 16 23 8 47 30 12
0 25 10 7 33 34 18 27 13 39 31 9 29 40 6 19 7 30 2 45 32 8 16 20 17 23 18 16 20 9 12 31 19 26 26 22 25 26 0 4 24 30 30 18 27 44 29 5 16 2 29 27 1 19 14 10 20 30 18 13 8 1 27 26 37 39 4 17 14 21 14 25 15 20 18 34 37 12 18 10 16 12 43 45 24 32 40 12 14 20 37 40 36 25 15 35 22 14 31 3 31
0 27 9 30 44 1 11 45 22 9 13 15 18 25 32 16 24 36 11 27 19 30 1 20 29 26 12 18 16 29 24 29 36 22 22 32 15 18 22 0 28 30 17 22 45 24 38 15 38 35 37 32 41 9 25 31 24 30 11 12 38 29 39 16 28 19 10 21 8 14 10 7 16 45 33 2 6 29 10 27 35 39 15 39 16 23 29 17 7 28 41 12 23 26 36 29 40 5 16 22 27
0 0 21 37 3 33 12 1 20 3 17 26 44 4 34 13 6 31 20 38 22 37 23 25 32 10 14 39 20 26 27 24 19 18 10 22 21 31 33 29 0 32 34 4 26 1 26 22 39 32 19 28 17 21 30 28 32 24 46 6 29 12 27 41 22 31 15 24 29 33 33 6 12 23 30 12 12 17 7 23 30 23 26 15 14 30 28 24 40 18 18 23 14 30 30 30 18 25 29 19 23
0 14 14 39 21 2 35 10 21 11 13 37 16 23 30 32 19 29 10 15 4 20 26 24 29 24 14 17 23 9 30 39 10 17 38 38 0 20 10 3 23 0 17 19 30 47 27 33 19 8 21 28 22 33 41 15 30 18 36 23 17 30 38 16 38 7 11 2 43 4 24 31 22 30 23 43 11 29 11 24 29 29 35 20 16 33 34 41 42 46 14 26 11 32 24 29 43 15 22 14 33
0 14 12 32 11 6 26 30 33 33 40 17 28 29 18 15 30 28 35 42 17 4 25 13 10 7 20 8 23 28 11 37 13 25 41 42 26 18 27 43 30 11 0 12 14 18 13 36 23 12 19 26 41 39 12 14 12 4 17 25 31 42 7 19 18 28 37 33 17 27 17 38 16 28 17 45 28 47 14 39 20 35 38 17 17 32 36 28 26 40 18 19 29 12 29 33 27 21 5 0 3
0 32 21 32 37 9 26 22 25 46 10 23 17 42 21 26 20 31 20 32 21 21 30 32 8 38 28 3 26 17 24 41 15 29 30 36 26 23 32 2 13 9 23 0 20 17 10 10 12 25 24 41 21 11 21 17 37 25 45 18 15 40 29 44 2 33 24 33 14 32 15 24 2 19 24 34 15 24 7 32 40 38 15 20 13 37 30 9 19 28 17 12 25 19 18 11 1 22 36 30 33
0 19 27 30 33 19 47 44 18 32 11 45 35 42 25 29 29 20 21 39 32 7 17 38 22 34 36 37 16 27 18 8 20 22 17 25 24 28 34 18 18 30 18 40 0 14 45 34 14 30 34 21 29 28 33 35 16 33 41 19 25 18 37 14 30 33 17 17 0 15 31 4 10 18 16 8 10 30 26 28 10 28 16 36 28 33 19 36 17 31 21 9 30 29 31 19 28 26 16 29 20
0 9 25 30 22 23 34 39 18 34 19 24 43 39 28 20 25 6 14 22 28 19 2 32 0 15 38 27 34 8 21 25 14 37 25 21 22 26 27 21 13 15 36 25 17 0 17 30 18 23 19 43 43 19 24 16 22 26 20 14 44 31 8 32 34 11 18 25 21 10 31 20 7 29 19 29 35 13 33 19 28 22 30 33 25 26 26 11 41 45 12 31 13 45 25 34 27 19 5 37 36
0 32 23 24 24 4 16 37 15 28 29 33 42 7 27 7 22 16 30 26 38 25 42 21 16 17 30 15 24 26 22 17 26 25 13 27 19 2 8 29 18 28 28 14 19 22 0 33 26 17 17 25 30 20 19 17 19 17 15 12 16 20 13 22 25 17 16 25 26 24 7 32 8 14 16 8 17 40 26 10 38 40 23 29 16 36 20 21 37 33 16 35 31 33 15 2 14 5 38 19 13
0 12 38 33 23 1 3 19 31 38 2 39 9 12 18 26 13 6 37 29 24 29 33 16 18 17 17 14 37 17 26 18 28 15 30 36 21 11 11 31 30 20 23 34 19 12 20 0 25 16 33 26 20 18 9 35 20 12 39 40 26 18 14 13 21 33 17 25 44 23 26 21 23 41 25 19 21 46 15 22 13 6 26 18 30 5 33 32 24 25 38 25 31 25 34 22 11 26 33 8 32
0 6 39 27 36 37 9 35 34 31 19 17 11 27 20 9 10 30 14 3 36 21 20 19 35 29 7 18 24 27 30 17 15 16 27 20 15 42 20 34 10 18 19 8 33 31 16 12 0 33 28 31 24 18 24 13 5 19 17 42 42 27 19 5 28 7 32 39 32 14 25 24 30 37 24 19 37 5 42 28 21 27 15 22 46 22 35 28 4 19 13 32 43 32 7 19 19 6 43 22 26
0 2 41 21 36 16 24 2 26 29 13 24 1 7 16 13 19 29 18 30 9 27 10 34 26 36 30 25 20 8 29 33 29 25 22 6 11 22 17 7 40 28 9 15 5 3 31 20 16 0 23 21 37 40 11 16 12 32 29 28 28 24 31 14 25 26 35 15 32 16 14 1 24 25 25 18 23 9 36 12 37 24 19 11 27 12 39 29 23 21 30 23 1 17 18 16 15 6 23 26 43
0 35 13 9 35 40 9 32 38 13 30 7 23 18 14 19 32 13 20 10 22 16 40 15 26 8 12 24 24 26 8 9 28 22 42 22 4 31 32 19 20 20 20 23 28 0 1 22 33 1 0 16 27 40 22 24 9 22 38 31 21 42 18 30 40 16 11 37 18 31 30 43 29 23 28 27 19 46 37 20 31 34 27 17 13 27 16 46 28 29 24 22 18 1 31 25 30 16 16 30 24
0 21 31 30 19 36 23 20 23 27 40 15 22 19 34 31 2 31 42 18 36 25 11 21 21 31 17 35 20 20 6 24 14 15 24 46 26 15 24 26 19 22 37 25 33 33 30 22 16 32 25 0 35 37 14 15 5 21 12 12 9 18 29 11 14 20 40 36 22 29 21 17 31 30 14 15 21 23 38 13 17 22 29 30 27 41 29 32 4 12 24 13 7 9 24 34 9 16 2 6 25
0 20 30 33 26 30 33 33 25 26 5 23 14 33 33 4 15 17 24 32 24 43 20 19 33 10 20 21 35 10 30 14 35 42 14 29 15 35 17 9 46 31 20 22 12 15 33 12 28 8 21 45 0 21 19 18 28 28 22 33 27 15 31 30 21 7 32 19 23 16 28 24 22 27 31 12 45 25 1 27 17 3 24 21 16 22 28 23 16 32 27 13 26 15 40 9 39 30 23 18 15
0 20 36 31 11 21 23 3 30 23 22 24 27 42 15 15 24 15 4 12 23 21 6 43 41 26 22 38 27 20 16 26 13 44 12 14 29 28 30 43 17 14 26 31 20 18 41 16 13 33 10 36 14 0 22 21 37 25 16 31 30 16 26 35 24 14 32 10 16 12 36 26 35 15 13 13 13 35 16 25 7 13 1 5 4 31 39 18 33 27 38 21 17 15 29 23 14 33 39 42 11
0 33 17 27 35 16 35 35 11 21 17 32 38 15 27 42 33 7 12 24 8 41 42 41 21 19 28 23 20 18 18 26 39 40 1 13 44 18 14 27 15 19 27 23 11 44 15 12 14 23 28 29 10 29 0 24 40 10 30 28 24 23 8 8 30 23 22 18 30 26 2 16 14 27 43 6 7 22 26 21 39 16 14 24 13 4 23 46 24 24 32 32 9 12 23 27 29 27 17 13 14
0 7 46 20 24 28 37 33 24 0 41 34 10 3 37 12 11 38 35 12 25 10 21 28 35 28 34 24 8 13 30 21 25 25 38 31 30 18 18 29 30 39 27 40 28 24 30 21 26 22 26 45 24 30 14 0 11 31 38 14 17 34 22 14 34 17 35 27 30 38 40 36 16 30 6 34 19 20 30 20 28 12 7 27 16 28 31 21 30 38 29 11 9 9 37 14 15 5 17 7 24
0 15 30 10 9 34 25 18 43 20 37 28 27 21 40 36 24 21 27 25 21 25 23 27 22 47 21 37 22 23 26 27 20 25 23 20 21 8 20 23 21 29 24 19 32 4 21 21 13 30 14 9 21 27 41 15 0 3 38 25 26 28 36 13 9 17 20 25 12 31 35 22 36 20 13 27 25 26 14 20 36 34 39 39 1 24 28 9 6 10 12 42 12 13 10 22 5 16 29 21 43
0 41 37 26 20 26 27 37 26 22 6 17 30 28 11 18 16 15 6 12 14 31 29 32 43 8 24 22 38 10 21 34 29 11 28 36 22 17 22 13 6 23 19 17 19 35 29 30 16 15 15 29 9 30 2 28 14 0 26 19 36 17 12 38 41 22 34 34 27 1 26 38 32 11 0 33 5 2 1 32 30 44 9 32 32 8 26 30 27 18 37 9 41 27 17 11 45 13 9 39 8
0 12 7 27 24 39 20 24 27 22 25 16 9 34 22 1 17 29 31 43 11 19 33 23 40 35 16 34 18 23 26 31 18 15 28 12 25 10 18 35 2 20 26 33 13 23 23 43 12 21 35 40 41 17 34 34 38 33 0 25 21 45 15 16 36 32 33 7 27 28 31 29 19 19 11 22 10 24 41 29 19 27 9 22 25 22 12 12 35 20 26 29 29 20 11 10 14 8 35 21 42
0 17 35 18 16 31 23 27 36 25 26 21 31 25 21 1 37 10 29 23 42 28 33 36 2 37 23 9 15 26 24 17 9 22 20 27 20 35 21 17 30 33 29 23 12 31 14 16 33 33 21 35 16 2 17 34 19 15 15 0 26 29 27 39 16 30 44 26 15 37 4 28 14 8 34 21 7 37 32 28 16 16 43 9 34 34 37 46 27 35 22 20 29 26 41 34 23 32 16 20 22
0 8 23 34 18 31 10 28 19 22 32 28 24 28 10 36 38 39 7 43 21 14 24 19 19 12 16 25 26 26 26 27 42 36 5 34 18 18 31 8 42 15 38 37 26 36 25 22 36 31 13 34 21 16 21 17 23 4 23 31 0 6 37 33 23 21 16 35 16 41 19 22 9 38 16 21 22 28 18 38 21 25 18 28 26 20 13 39 22 20 30 31 27 35 39 26 23 40 32 25 16
0 5 27 24 47 22 35 9 22 16 36 45 12 19 24 27 26 22 19 41 15 13 43 37 7 26 35 19 26 4 13 30 23 34 38 23 21 27 23 25 13 44 14 30 30 42 26 31 20 29 18 5 37 29 30 24 24 29 40 2 30 0 23 6 21 24 38 29 26 14 21 2 34 42 36 21 38 9 5 36 25 35 13 18 24 30 36 9 35 6 28 24 37 18 23 21 41 18 12 34 20
0 30 40 26 8 22 28 32 44 33 7 30 7 20 47 9 24 38 10 28 21 38 21 34 25 21 38 16 42 16 16 33 33 26 22 5 33 20 30 8 20 18 21 4 17 23 37 41 7 22 22 18 5 14 39 12 29 22 3 14 22 35 0 13 17 28 13 22 22 14 36 34 44 21 27 25 12 39 14 21 18 4 11 25 29 18 23 33 37 8 32 17 12 20 31 34 26 24 31 39 16
0 30 13 30 27 18 1 25 25 32 24 23 15 9 15 13 10 19 39 34 37 21 6 28 21 16 22 29 21 45 20 31 23 28 34 30 43 20 17 10 35 18 13 15 14 24 0 28 9 24 31 23 32 21 37 19 5 18 13 36 24 32 24 0 7 32 27 20 11 20 38 32 23 31 24 18 37 36 23 12 6 26 36 18 22 14 26 46 21 33 10 16 7 30 39 28 23 3 38 40 37
0 27 19 22 34 22 34 28 19 35 4 30 41 23 30 36 10 13 10 21 31 43 19 15 21 21 14 36 23 18 13 29 40 10 33 25 33 33 24 20 23 18 38 22 32 37 31 37 15 35 12 14 31 16 17 31 6 39 22 13 29 20 24 25 0 28 44 30 14 43 43 34 33 33 25 26 32 29 10 35 3 19 17 40 18 5 16 7 16 26 28 24 17 35 34 36 14 13 31 22 22
0 33 27 22 21 29 9 31 23 21 21 33 43 12 43 13 18 17 16 32 26 34 39 34 20 19 25 5 28 19 29 19 28 20 9 17 33 36 23 26 0 17 24 14 6 29 21 27 38 6 29 24 31 31 23 18 14 21 24 31 33 43 21 25 23 0 18 22 29 23 12 23 32 32 33 26 2 10 30 30 38 30 28 16 17 23 41 5 27 6 35 20 22 29 40 31 35 15 42 1 24
0 32 13 44 33 43 13 26 23 28 45 36 39 22 4 36 23 22 29 25 23 20 33 6 25 6 21 41 26 11 20 28 26 24 29 20 6 39 9 8 9 22 24 25 18 22 39 39 17 34 17 29 30 25 33 23 40 25 16 31 31 9 9 27 9 15 0 34 45 21 34 37 18 33 19 19 41 20 22 8 27 23 44 13 25 22 14 30 21 40 35 22 11 25 21 13 16 19 6 47 23
0 22 44 40 34 20 13 25 18 36 7 4 41 3 16 35 36 24 25 14 21 10 34 21 37 7 26 34 27 17 13 38 36 36 21 28 8 16 27 33 21 30 35 21 26 45 36 30 24 38 9 29 24 28 4 19 13 36 23 42 17 31 23 19 12 11 21 0 25 36 17 31 17 33 8 28 12 24 21 37 47 16 32 19 19 24 45 35 10 33 17 14 12 17 12 25 12 13 30 26 13
0 45 20 7 9 27 14 25 22 19 29 18 36 29 35 27 19 4 32 14 17 45 40 26 19 32 29 9 27 14 39 16 11 21 12 43 17 24 23 32 37 8 30 20 36 26 19 44 26 10 15 44 14 5 19 13 22 20 1 8 17 28 34 21 33 44 42 35 0 20 39 23 42 27 21 37 37 26 21 7 31 24 15 24 33 27 32 32 11 6 19 21 32 38 24 29 13 11 8 45 46
0 32 20 18 39 0 26 29 22 27 16 15 33 10 15 16 31 46 36 10 36 38 29 8 7 27 23 29 19 37 2 32 35 27 21 9 19 23 12 10 24 26 17 40 21 8 15 9 21 8 34 41 22 25 15 25 18 15 14 35 24 39 26 27 29 32 40 16 13 0 25 17 38 22 32 22 37 46 28 9 13 21 31 28 33 7 14 19 16 29 15 8 17 33 30 7 26 26 23 28 19
0 5 18 10 23 7 11 24 41 33 42 31 5 34 28 13 36 14 29 28 27 27 29 3 32 5 28 44 6 39 23 30 31 22 11 41 36 18 39 34 10 8 19 38 27 35 37 33 25 23 25 27 24 17 26 35 42 32 15 19 31 33 30 38 17 28 37 33 29 18 0 27 29 20 23 23 36 7 19 26 36 15 17 28 32 27 27 7 16 39 14 16 29 24 20 16 15 21 7 11 23
0 5 36 21 21 36 44 36 6 8 11 21 27 32 23 27 25 12 13 9 14 46 18 12 13 42 24 23 16 43 16 17 5 22 27 19 18 13 7 27 24 5 30 11 17 15 38 10 37 19 19 33 30 43 12 25 8 45 33 22 30 25 28 14 44 34 9 14 21 27 20 0 20 31 14 21 32 21 7 2 20 12 25 9 41 26 29 35 33 26 23 23 21 30 13 4 26 23 40 34 28
0 22 14 29 23 4 7 44 34 14 32 24 36 15 34 28 20 17 3 29 22 10 14 28 26 29 31 14 7 29 24 29 17 28 33 3 37 39 13 24 22 32 35 19 34 27 23 37 29 11 16 6 24 10 19 29 34 35 42 33 12 28 44 30 23 23 19 32 6 33 41 20 0 11 34 43 28 14 33 7 4 23 9 33 21 9 20 29 14 30 45 11 13 33 8 42 21 16 15 25 16
0 21 9 15 28 11 29 31 31 37 18 47 31 31 26 31 12 13 0 35 35 35 30 7 33 9 17 10 39 25 13 5 28 28 25 29 6 18 19 26 21 41 23 38 28 22 33 9 25 39 43 25 12 1 27 10 29 26 26 23 24 16 22 21 19 29 40 31 21 18 7 4 23 0 22 18 0 34 25 17 28 16 21 18 38 26 22 26 34 20 24 35 40 35 33 34 39 24 25 27 10
0 40 27 28 22 41 5 19 9 27 18 15 24 4 35 19 32 12 38 32 14 20 38 28 20 40 28 22 29 13 30 17 18 24 11 20 31 13 11 13 17 21 3 25 32 30 28 9 45 11 33 15 20 37 36 30 38 25 34 31 40 13 16 22 26 21 26 17 29 33 4 15 35 33 0 18 28 12 18 11 36 17 18 18 8 42 43 45 13 20 38 25 44 32 21 30 30 16 23 26 33
0 17 23 35 39 35 0 34 35 24 26 24 31 30 34 25 13 17 17 16 27 11 31 31 26 31 26 27 29 33 23 38 44 24 20 41 31 32 21 5 18 28 26 9 20 23 30 27 24 41 43 45 36 26 25 32 32 30 10 19 20 4 8 2 42 5 5 18 20 18 26 13 5 26 22 0 24 29 25 34 19 29 8 29 44 31 16 13 19 37 12 46 9 24 23 29 19 16 26 28 8
0 47 22 26 10 26 40 13 17 29 24 24 8 25 33 32 23 29 22 27 26 30 29 25 8 28 23 18 21 33 28 24 11 30 25 40 4 46 37 37 17 34 34 26 29 7 38 31 34 16 7 9 24 27 21 9 31 20 33 19 26 30 29 23 27 18 40 32 2 21 26 18 16 42 25 34 0 34 29 18 6 1 20 10 7 32 26 15 32 29 9 13 42 34 31 16 22 22 28 31 16
0 34 11 38 6 18 16 23 14 17 32 23 23 12 25 41 37 22 15 11 18 37 18 35 33 42 11 33 44 40 25 20 10 10 38 9 20 3 27 15 32 19 19 22 32 6 46 32 36 28 7 4 15 32 21 20 26 29 16 27 14 6 4 18 17 10 5 20 37 16 45 46 2 29 24 19 21 0 29 27 18 24 14 37 35 22 3 14 30 27 34 16 41 11 11 46 28 31 29 45 26
0 36 30 36 3 42 6 7 22 44 14 7 37 23 14 43 36 31 12 17 32 34 39 36 12 28 24 4 33 35 24 31 41 19 23 25 30 39 11 26 19 23 1 15 28 36 18 19 35 18 27 14 21 15 32 21 23 36 31 2 36 23 17 13 21 40 16 12 28 43 36 23 22 17 24 19 6 12 0 21 24 13 34 44 25 32 24 19 11 5 20 28 19 30 14 28 37 26 39 16 31
0 17 19 30 18 17 32 33 24 17 31 31 24 23 33 13 25 35 28 24 27 6 26 12 42 16 14 18 16 21 15 30 29 18 12 27 26 26 33 24 29 21 16 27 21 19 12 37 7 16 34 46 22 46 17 18 28 13 12 12 30 16 27 24 32 22 16 40 1 11 15 25 23 19 14 36 24 13 24 0 30 20 33 30 17 12 34 15 18 10 24 24 25 7 33 36 30 22 25 17 32
0 24 25 26 26 24 26 22 38 28 21 40 18 13 22 22 14 29 14 8 25 37 30 31 24 43 25 39 24 30 28 27 32 22 41 7 44 15 43 24 45 29 28 35 32 4 15 16 30 39 43 41 12 31 21 24 22 36 35 6 40 31 13 15 17 15 28 20 10 46 29 23 37 15 25 21 20 13 19 30 0 22 29 4 32 28 16 17 18 27 13 34 20 22 27 22 26 23 22 31 33
0 18 29 44 23 28 24 12 33 24 18 25 14 15 10 34 28 21 38 23 36 17 21 19 25 21 36 9 31 24 45 17 30 11 31 26 31 22 19 34 35 38 13 24 26 27 14 34 29 32 28 30 41 23 10 23 18 34 12 45 15 36 44 25 10 24 7 35 40 20 11 47 28 40 29 28 42 35 29 36 13 0 11 32 22 32 20 31 19 17 29 30 37 30 9 10 10 22 23 13 20
0 19 32 34 27 15 12 22 10 33 36 27 21 23 25 2 20 26 26 31 32 17 20 37 18 22 29 31 40 19 19 22 25 30 31 18 6 9 11 10 28 18 19 14 21 25 18 13 23 14 2 39 29 31 13 38 25 12 43 42 33 27 24 34 36 25 31 11 31 29 37 37 37 18 28 23 26 22 28 35 22 14 0 15 16 24 25 19 17 6 34 11 39 37 28 32 26 18 39 35 29
0 5 20 23 25 33 23 8 32 16 22 14 17 37 28 12 22 16 13 19 14 8 39 31 30 25 18 22 16 13 21 43 6 30 17 2 35 43 26 14 12 28 10 17 26 22 20 20 20 21 9 31 39 7 39 16 22 28 4 23 23 16 13 35 21 25 9 41 12 43 12 31 35 34 10 45 22 25 41 13 40 22 35 0 31 13 9 20 25 22 18 47 4 14 13 27 30 39 7 34 39
0 24 20 10 4 24 24 27 13 23 23 33 35 34 8 4 34 17 32 24 14 8 21 32 24 17 33 17 6 36 44 45 36 23 32 11 18 26 21 32 2 31 19 33 8 34 34 23 16 22 26 3 12 27 8 38 41 42 41 3 1 43 36 27 30 16 5 22 32 14 33 10 13 30 20 15 16 0 38 5 37 16 19 10 0 19 15 37 14 31 22 21 7 24 17 21 4 46 15 34 17
0 9 41 9 7 8 21 28 30 32 19 23 26 35 42 30 29 26 5 19 7 31 24 23 45 4 5 2 11 14 41 22 25 13 19 30 26 31 44 30 17 20 11 21 11 43 23 26 19 7 7 16 14 17 38 17 8 7 18 22 4 12 8 25 36 22 34 24 36 36 17 35 26 33 39 20 26 24 37 22 41 38 36 15 30 0 6 15 14 33 23 11 38 20 46 20 26 31 23 37 15
0 31 36 13 5 16 33 35 28 18 12 41 16 37 26 15 19 6 38 16 14 20 4 21 28 21 20 24 28 26 31 11 17 47 32 4 9 12 18 36 10 31 37 44 32 14 24 23 35 29 11 25 36 5 23 28 40 32 32 7 28 10 43 13 24 38 12 16 23 30 16 14 4 16 34 22 30 8 32 18 41 41 27 20 27 33 0 35 24 24 27 30 33 10 28 26 25 38 14 17 19
0 20 25 16 34 14 41 32 24 19 20 31 17 19 23 14 19 44 17 10 15 42 21 6 24 39 26 13 29 29 35 13 27 14 36 25 34 5 34 7 11 15 33 24 17 22 41 21 37 24 0 10 24 15 6 18 17 37 43 12 38 13 31 28 33 35 27 7 24 32 32 36 24 25 8 28 14 30 29 32 40 27 35 38 29 14 39 0 33 28 22 32 24 28 10 24 9 27 16 24 22
0 23 38 41 22 12 31 18 25 26 17 29 22 10 7 28 26 13 22 25 23 21 17 23 18 27 18 39 13 29 30 24 11 32 21 40 32 17 1 38 18 7 25 23 31 26 14 12 20 18 28 11 29 19 31 35 7 10 6 19 34 26 32 41 20 19 39 28 3 26 27 33 30 16 42 3 1 35 41 32 31 12 13 33 11 27 7 12 0 14 47 25 20 15 4 39 35 28 29 27 9
0 24 16 39 26 37 15 23 8 26 7 18 21 16 12 23 18 37 15 28 21 30 44 19 19 23 32 12 13 32 16 37 32 27 13 26 6 26 12 22 17 9 30 34 22 28 32 33 21 18 31 23 33 17 43 26 20 34 28 5 44 24 13 18 24 27 4 10 9 26 20 31 9 8 30 27 26 23 13 17 34 31 9 34 36 27 26 18 39 0 22 28 25 25 22 36 29 15 44 32 17
0 35 22 37 30 24 33 34 34 28 32 2 39 30 43 39 10 33 27 9 28 9 32 29 30 13 18 16 31 29 30 21 24 18 31 24 31 20 35 23 10 11 33 16 21 30 18 24 16 29 33 25 35 31 31 19 5 18 8 5 19 24 28 26 22 30 14 30 10 13 31 22 27 31 28 30 17 17 0 32 25 22 27 15 27 28 23 36 21 26 0 16 28 32 17 30 32 10 18 29 24
0 24 13 38 11 28 23 13 29 45 23 30 47 24 21 38 22 7 34 30 5 21 18 42 32 22 19 17 41 33 2 23 24 18 37 4 30 24 9 13 19 42 11 23 20 22 19 5 27 17 37 4 4 30 10 38 33 24 33 19 27 36 30 26 16 16 28 32 8 27 10 26 30 28 17 20 14 41 35 23 20 19 33 14 21 21 10 10 32 28 5 0 25 18 4 33 24 33 37 22 19
0 9 17 21 28 18 36 23 36 31 42 23 24 29 12 23 3 11 24 6 31 29 19 24 29 11 12 6 7 8 19 21 27 1 18 16 38 12 19 12 18 21 15 25 28 33 20 32 8 31 27 9 20 32 32 15 17 6 26 40 31 13 21 18 23 2 22 20 13 35 24 30 22 38 40 40 20 28 18 28 28 32 30 23 40 25 23 32 13 16 15 9 0 24 33 38 10 29 28 26 34
0 8 17 29 21 29 26 26 23 36 12 34 12 29 21 10 24 28 20 30 39 20 37 27 33 34 28 42 32 31 10 38 33 17 1 24 13 18 25 44 20 38 20 19 29 10 22 14 13 21 10 29 19 35 14 24 15 41 33 27 9 17 27 31 26 40 35 45 40 19 36 36 33 22 30 20 29 5 14 20 23 17 20 22 30 45 46 26 19 33 37 18 32 0 18 18 7 17 32 29 15
0 2 20 35 34 33 19 10 9 45 21 18 15 15 27 38 5 3 5 17 16 14 41 37 4 34 27 36 36 28 39 30 7 22 11 17 33 3 32 32 16 13 20 40 9 25 11 24 36 27 32 13 31 28 19 39 5 26 7 14 33 33 26 37 3 25 16 21 22 34 14 14 13 47 18 32 23 18 20 9 6 15 20 39 17 25 39 30 15 40 34 30 37 11 0 23 17 5 41 15 40
0 14 20 3 42 0 22 21 12 33 36 37 7 17 20 23 22 18 42 15 14 37 17 46 22 14 43 33 14 29 29 26 23 17 36 38 36 26 35 28 28 26 19 15 30 23 10 33 16 31 22 4 14 21 11 25 40 19 19 18 8 19 27 11 13 4 22 38 27 34 38 21 43 36 20 32 6 18 41 28 25 26 19 30 43 37 19 33 23 12 46 27 34 25 22 0 17 8 11 11 25
0 22 17 4 17 27 15 43 27 44 25 3 33 36 22 30 9 21 26 11 21 33 23 23 33 19 5 27 26 34 13 3 13 39 16 25 30 10 43 20 27 38 35 11 36 34 8 39 18 30 2 35 37 18 27 35 36 17 34 24 13 40 32 31 5 24 28 16 19 33 21 34 4 22 21 44 42 20 28 24 30 37 9 17 36 17 31 34 20 41 9 35 13 22 25 36 0 15 26 15 29
0 14 28 33 39 31 37 38 13 27 27 26 36 9 14 25 5 28 27 28 43 22 11 16 10 8 26 28 30 17 15 16 32 8 42 38 30 1 27 13 31 43 24 7 33 22 18 16 40 21 39 35 30 34 32 35 34 37 36 6 28 14 16 24 18 23 6 26 11 30 25 22 26 26 32 31 3 42 30 18 30 3 26 23 17 28 15 6 19 31 35 15 33 8 12 26 18 0 43 26 15
0 37 20 26 29 13 16 17 39 34 18 35 18 37 28 23 32 25 17 17 8 21 15 41 11 18 17 27 14 19 28 14 17 32 8 31 23 20 4 31 45 19 23 21 19 36 16 33 7 27 31 37 16 14 29 23 16 33 29 11 31 35 27 11 0 17 33 24 29 29 24 15 16 40 26 14 24 37 28 29 28 4 29 20 28 20 9 30 16 32 20 29 8 30 0 8 28 10 0 36 44
0 28 11 31 21 32 19 18 28 32 15 5 40 22 22 36 35 14 32 26 25 32 43 11 15 24 34 33 30 34 14 16 45 24 26 17 8 19 35 8 28 31 25 42 28 12 23 25 9 17 15 31 24 26 34 43 29 16 26 3 3 28 40 20 20 22 16 27 34 23 42 23 22 12 1 21 36 43 40 39 6 16 37 24 43 34 17 19 31 20 46 33 20 22 23 20 17 26 33 0 15
0 21 13 10 27 40 33 17 9 25 21 8 21 15 42 27 28 37 22 13 37 35 28 15 30 20 23 27 18 37 30 4 18 28 12 18 17 19 23 21 42 30 22 35 35 23 39 13 27 29 36 38 16 34 28 12 33 21 25 15 43 19 21 20 20 6 10 24 12 34 24 32 13 4 37 14 37 40 26 4 28 8 21 22 15 21 22 33 13 15 35 31 15 31 10 21 8 29 35 25 0
