100 4
2 660 7 5
2 909 10 4
5 1036 8 9
5 954 7 7
3 1145 8 3
4 1210 6 4
6 863 4 6
14 1446 7 9
17 990 1 9
16 759 6 8
19 685 8 9
16 848 10 7
24 1377 10 10
25 1409 4 10
28 1281 2 10
28 1145 4 9
25 876 2 8
33 1359 4 10
27 1351 6 8
17 1362 2 5
35 1032 2 10
36 995 3 10
22 1320 7 6
37 992 1 10
34 1185 7 8
39 1328 5 9
22 1233 5 5
33 1265 7 7
44 1277 1 9
31 1219 3 6
26 768 7 5
47 1097 7 9
49 856 5 8
43 1235 4 7
38 1041 5 6
65 1390 2 10
68 1349 9 10
42 1311 9 6
51 958 10 7
51 1064 1 7
68 1398 4 9
71 1382 8 9
72 1045 10 9
81 983 6 10
73 782 3 9
65 692 1 8
57 1164 9 7
57 1318 4 7
85 891 6 10
87 1235 6 10
55 1091 8 6
92 1404 7 10
65 735 10 7
28 965 4 3
84 1394 9 9
56 1450 6 6
57 959 1 6
39 1141 3 4
49 687 3 5
100 788 1 10
82 1298 8 8
84 1179 1 8
64 1201 9 6
79 1142 2 7
81 1374 6 7
81 1022 3 7
12 1108 3 1
48 798 6 4
36 1201 3 3
62 1346 4 5
38 686 6 3
92 806 9 7
53 1208 3 4
96 752 5 7
56 1131 4 4
85 770 7 6
62 978 8 4
78 1187 4 5
64 1323 1 4
81 1134 3 5
96 1029 10 5
91 791 10 4
92 1276 2 4
70 681 1 3
96 917 3 4
56 1156 10 2
67 762 9 2
76 763 3 2
77 1072 5 2
80 1209 3 2
45 1071 5 1
45 1248 4 1
96 738 3 2
96 779 5 2
49 1391 5 1
49 843 8 1
56 845 10 1
66 1190 9 1
76 977 5 1
92 1238 2 1
SETUP
0 18 27 46 26 36 6 45 33 10 1 43 34 25 15 30 34 10 24 10 28 13 10 17 26 16 25 38 42 30 11 27 40 37 35 41 37 29 31 35 43 22 41 5 43 18 6 27 5 24 36 45 14 34 36 26 45 36 23 17 28 12 45 35 25 8 22 15 19 30 16 24 40 45 35 20 33 41 15 16 8 30 15 30 46 33 40 32 27 22 32 22 12 43 5 8 24 22 15 6 28
0 0 22 43 2 24 24 31 14 11 41 38 27 3 47 29 12 40 44 36 21 30 32 14 29 26 35 33 28 32 15 42 9 29 43 25 39 39 27 20 31 21 30 11 28 46 20 4 36 31 10 4 9 16 32 26 24 30 25 24 43 34 21 11 31 33 12 40 7 33 44 19 39 33 36 21 15 14 33 23 14 19 9 21 25 24 15 12 11 20 21 44 29 15 21 13 35 34 18 24 17
0 6 0 32 25 22 26 16 2 22 51 18 11 36 13 3 44 31 13 24 11 13 45 17 26 35 2 45 46 31 44 10 40 18 12 17 41 36 14 10 31 44 16 32 23 27 15 39 21 34 26 36 36 48 30 22 20 31 38 35 18 28 18 37 30 19 47 35 17 20 30 17 24 10 17 21 14 20 17 47 24 28 38 31 29 24 30 24 15 11 22 4 10 17 27 33 29 15 21 43 11
0 6 37 0 29 30 13 36 28 19 38 23 51 38 27 13 43 15 20 34 22 12 12 26 17 35 39 16 37 29 30 19 15 4 38 5 33 25 32 20 29 36 25 32 24 24 40 39 16 10 30 17 34 24 20 19 22 27 29 10 46 34 25 16 13 22 29 23 38 17 14 19 33 22 32 27 17 13 44 15 12 39 26 11 35 10 31 15 25 22 28 18 37 25 24 26 49 36 11 40 25
0 24 43 14 0 40 21 14 49 19 6 20 30 12 30 52 30 30 26 3 35 16 21 49 36 11 30 17 18 34 44 8 20 20 24 36 44 30 28 9 39 27 41 29 31 36 13 10 48 20 26 0 43 36 51 25 22 34 41 38 20 26 42 40 47 29 26 33 30 48 29 40 30 30 36 29 36 34 30 53 17 30 28 12 47 30 31 10 29 30 49 31 13 18 26 36 43 15 50 30 16
0 13 41 46 10 0 15 41 27 24 16 41 35 46 19 19 33 32 33 28 11 13 34 26 28 9 27 35 49 25 9 4 25 44 33 15 35 33 30 51 2 32 35 41 22 12 19 32 39 4 52 13 12 45 42 6 18 28 31 18 13 24 22 24 14 12 27 30 37 48 30 33 45 20 36 6 21 25 16 34 22 37 29 7 19 31 28 22 13 32 42 2 18 17 33 10 29 27 3 17 39
0 19 32 33 40 27 0 12 35 43 23 22 20 38 25 10 30 18 24 20 15 38 21 40 35 32 24 8 15 5 21 29 34 26 48 13 27 33 11 29 23 17 33 33 21 49 34 40 49 35 30 38 20 31 37 41 11 1 20 6 46 10 32 33 24 20 27 36 29 41 27 17 18 22 27 26 41 20 52 34 14 9 25 33 34 14 42 45 29 7 22 27 25 13 8 47 27 10 50 19 36
0 35 15 24 15 17 30 0 21 30 21 31 29 18 25 29 24 9 32 37 40 1 25 4 16 6 12 43 7 24 13 16 12 37 14 19 17 43 52 22 40 8 0 25 12 37 20 32 8 34 10 9 24 50 28 48 28 19 30 27 47 18 24 37 42 8 16 20 32 16 18 18 12 22 46 33 28 9 18 49 42 30 20 40 34 31 15 13 44 26 7 37 14 15 42 16 4 33 40 14 39
0 30 40 17 28 37 34 8 0 24 12 18 31 18 24 16 27 29 26 32 12 38 40 28 23 22 32 4 33 24 45 44 32 8 31 46 46 32 46 13 20 0 25 46 35 39 23 39 36 17 22 23 8 39 17 38 25 22 40 33 19 19 50 12 30 37 42 36 13 22 14 49 17 46 38 18 35 23 15 12 27 30 2 32 29 22 47 21 14 37 26 21 25 36 23 31 33 35 34 1 24
0 8 17 9 40 40 8 6 34 0 28 45 35 41 34 29 26 52 10 18 41 21 12 29 17 19 37 27 52 20 31 33 35 17 33 43 42 16 38 33 41 11 14 45 25 25 16 26 29 52 48 16 29 17 37 36 32 34 45 30 38 12 14 46 11 15 38 21 28 18 8 48 31 36 43 4 20 15 22 18 10 26 31 13 10 22 49 35 26 46 35 17 38 20 17 37 12 35 40 22 43
0 41 32 20 19 25 20 39 38 39 0 43 24 40 24 14 26 22 36 25 9 14 8 35 44 24 24 34 19 18 11 33 31 27 5 33 26 29 46 46 29 42 47 37 39 29 25 1 39 4 12 24 23 32 6 19 13 27 23 10 25 32 33 30 41 19 32 41 40 32 10 40 21 39 27 15 11 27 22 21 1 41 23 7 11 38 30 36 18 29 41 3 40 35 15 16 13 31 0 28 40
0 40 8 17 34 23 40 36 12 31 20 0 28 18 35 28 26 52 28 30 2 24 26 23 30 23 15 26 29 14 46 18 8 20 6 13 24 31 8 29 17 37 13 32 24 17 21 34 36 47 24 39 35 17 42 7 38 9 36 52 40 16 17 17 29 40 33 14 20 22 25 10 39 4 35 36 13 43 52 26 24 25 26 3 20 21 38 31 9 11 16 37 4 14 19 41 31 23 48 43 15
0 41 30 26 49 15 18 40 30 26 35 25 0 40 6 39 41 41 34 23 28 40 37 23 22 45 36 35 31 15 23 23 47 32 16 27 23 27 33 25 24 3 19 29 36 16 19 39 40 14 34 37 37 17 16 25 14 18 24 27 10 31 50 22 12 10 8 26 34 31 32 33 4 40 30 26 39 23 24 37 44 30 43 28 13 18 13 41 40 40 39 25 28 15 29 22 29 25 35 29 24
0 29 2 26 44 30 41 38 9 14 22 28 32 0 26 10 44 34 25 16 42 20 18 14 27 18 9 16 41 41 27 35 34 17 31 41 19 46 32 39 36 27 9 25 22 39 32 32 10 25 26 42 15 30 21 11 30 46 21 28 31 4 25 19 33 34 39 23 5 35 15 48 17 13 45 39 31 17 52 15 34 25 12 15 18 40 53 12 41 19 16 19 28 7 25 22 18 33 15 32 27
0 49 16 41 10 28 37 21 19 41 26 27 22 45 0 24 21 22 24 51 28 14 20 38 31 37 10 34 43 6 36 35 44 19 50 19 23 24 38 32 23 27 28 26 12 14 29 17 23 44 17 36 32 23 42 5 7 42 38 10 10 27 35 26 20 25 23 33 36 17 44 34 27 21 45 15 34 26 17 42 30 29 37 23 16 36 24 30 42 19 1 35 16 20 20 15 25 30 7 47 34
0 41 21 20 18 29 16 15 22 23 24 33 20 43 31 0 2 20 16 27 48 27 4 16 14 29 14 28 25 15 27 51 11 13 30 32 44 1 27 33 22 34 2 23 41 13 21 23 38 49 14 30 29 19 23 22 25 14 52 40 44 5 31 42 30 29 24 18 20 50 27 28 43 39 26 28 26 0 39 31 15 15 41 18 32 35 24 22 34 36 46 41 38 15 41 39 25 26 39 22 35
0 17 21 21 18 9 22 3 39 14 12 31 44 32 10 26 0 16 30 22 30 28 33 22 28 29 24 22 37 40 33 35 30 25 33 39 48 33 36 21 12 20 28 25 9 12 16 52 32 9 6 6 38 19 4 21 38 26 19 11 30 34 7 4 26 17 39 23 40 42 38 13 47 36 40 40 40 18 29 25 23 18 42 13 22 42 44 37 32 39 13 27 22 24 9 40 16 25 16 26 7
0 42 25 23 5 29 32 24 12 5 45 33 34 17 34 28 22 0 35 32 25 26 36 35 29 38 23 6 27 22 27 39 12 31 7 15 8 36 37 26 28 28 32 51 20 34 22 29 21 48 29 52 28 32 12 39 43 33 31 27 41 40 23 15 29 21 14 28 44 27 27 22 27 20 43 22 16 34 53 10 17 13 11 1 21 45 30 27 31 51 37 35 29 22 11 17 32 9 39 23 22
0 22 49 12 41 42 23 38 18 31 19 23 28 19 47 20 6 17 0 10 25 19 43 29 21 20 26 13 43 26 5 25 29 48 38 43 35 33 22 5 15 28 32 40 30 27 27 32 12 25 15 10 26 11 34 31 26 37 26 2 31 25 30 21 12 22 28 29 30 26 42 17 14 6 24 26 31 20 35 40 23 28 29 19 26 13 19 23 38 28 42 28 24 21 3 13 28 31 31 31 18
0 19 21 41 16 34 30 30 24 24 14 32 33 44 25 28 7 22 26 0 33 42 21 11 17 22 21 36 40 46 41 27 15 21 23 13 8 13 9 12 36 41 9 22 3 18 48 26 21 24 10 39 16 30 34 17 11 26 29 40 26 4 0 14 30 20 33 14 47 26 38 23 10 26 36 33 46 47 14 53 12 52 31 34 24 44 0 15 19 37 31 27 23 18 33 34 13 19 22 20 32
0 38 35 23 16 33 8 23 33 32 45 15 18 26 3 24 48 36 10 51 0 43 26 33 38 36 23 36 42 22 19 12 17 27 41 23 36 29 24 34 33 25 34 31 22 9 32 36 14 35 14 30 6 21 28 40 42 17 16 5 18 24 22 38 15 20 32 33 30 36 30 17 2 41 15 33 13 31 14 31 27 21 28 35 31 41 19 24 2 31 27 16 2 21 26 4 16 3 38 34 37
0 39 37 19 30 20 29 17 11 22 24 35 35 18 11 38 20 12 30 10 30 0 25 18 10 7 45 23 23 31 17 20 29 6 16 21 29 42 23 15 31 29 13 27 24 28 15 17 14 27 30 21 18 25 31 24 22 16 16 31 7 13 28 33 26 1 20 24 10 50 29 28 36 44 32 10 35 40 7 13 45 39 46 33 22 40 19 22 20 45 44 22 41 20 8 28 10 28 16 45 27
0 30 24 30 37 12 7 29 17 7 16 29 35 39 34 39 16 12 0 26 22 23 0 31 18 26 36 22 27 20 38 25 50 27 35 33 27 37 11 37 36 22 3 17 21 23 33 7 16 34 33 32 34 21 15 16 9 21 27 52 42 7 35 46 32 23 28 19 45 10 12 28 41 45 29 24 21 26 18 5 40 24 3 47 31 21 30 32 43 34 22 9 42 19 27 38 26 13 28 26 20
0 26 23 35 26 21 18 39 32 37 45 33 35 46 38 48 40 26 30 50 4 17 13 0 35 44 19 33 16 35 46 16 33 36 27 26 30 28 43 17 38 9 3 31 24 31 44 25 17 12 6 17 23 32 28 21 26 26 29 16 24 13 23 14 40 30 39 7 20 25 34 29 32 12 3 46 23 15 9 40 32 35 17 26 27 20 16 12 34 49 20 39 14 19 44 8 39 25 17 33 35
0 40 14 10 25 38 15 25 9 49 22 23 25 27 25 41 20 31 4 50 46 18 22 34 0 21 17 24 30 37 15 27 32 33 21 35 9 23 36 28 28 22 36 40 21 32 35 24 27 19 42 34 44 20 22 36 2 35 18 35 3 34 6 22 21 36 23 17 44 28 30 28 22 41 27 18 24 42 28 6 33 20 20 21 20 30 20 39 1 25 9 36 8 25 52 36 6 20 38 22 15
0 6 26 31 14 13 28 29 31 34 15 17 50 15 5 12 39 52 17 32 39 19 22 32 24 0 6 30 25 27 20 18 25 30 47 31 19 16 1 38 40 48 16 49 4 9 11 21 36 25 9 16 18 30 33 22 52 26 27 46 21 39 31 42 16 40 33 16 27 12 41 35 25 5 36 15 29 48 50 17 19 15 8 36 38 33 23 27 13 9 19 33 37 13 27 28 34 25 35 30 25
0 30 26 26 32 24 4 35 22 28 21 35 9 32 11 11 45 27 21 24 10 28 30 18 14 19 0 27 12 8 44 16 36 15 8 9 19 19 19 17 34 33 50 19 33 18 33 25 32 34 42 36 33 46 5 24 18 32 38 42 36 52 35 24 10 29 17 40 45 19 16 29 25 35 36 33 38 13 1 17 26 11 11 32 25 14 28 28 40 41 52 23 28 11 14 46 5 34 14 30 9
0 25 41 21 24 19 42 10 10 19 38 17 32 38 15 52 16 14 42 18 18 30 2 3 15 39 15 0 49 48 31 43 17 38 29 41 35 20 4 13 29 26 28 33 23 12 42 45 13 17 19 19 4 20 30 48 3 19 31 20 22 50 23 34 38 30 35 25 3 12 19 22 22 34 12 42 12 18 22 37 22 22 30 10 7 22 18 22 32 24 41 35 31 19 28 34 11 34 24 24 28
0 29 42 22 37 32 14 27 30 25 44 35 38 25 15 19 10 24 20 31 14 44 26 9 17 9 34 21 0 26 5 23 41 21 34 4 9 24 34 39 9 46 21 37 17 0 20 27 43 33 26 20 21 9 14 19 17 32 43 43 13 35 36 7 31 36 32 25 34 44 36 29 23 44 29 28 38 25 31 27 26 32 43 37 38 12 18 22 2 36 18 27 23 35 7 7 33 46 41 5 25
0 8 27 21 35 35 41 42 4 33 35 19 45 25 25 45 8 33 33 40 30 33 16 44 40 32 23 50 16 0 18 20 38 16 44 25 46 19 39 16 30 12 41 39 32 5 17 28 31 12 14 45 35 7 27 29 39 14 8 17 40 48 20 14 27 22 29 48 7 22 22 6 20 37 15 34 21 16 37 32 33 16 42 29 36 27 38 1 4 29 30 31 22 23 22 49 27 20 21 39 29
0 28 34 38 40 8 41 7 11 21 25 30 11 9 27 36 35 21 21 29 24 29 30 22 31 12 23 42 17 22 0 20 38 28 19 20 21 17 16 23 18 20 28 37 50 20 27 43 26 26 8 18 45 29 11 9 40 14 14 19 6 27 31 34 20 25 52 17 28 33 50 46 40 26 27 35 24 25 45 19 5 37 27 28 23 14 28 11 9 50 34 14 24 22 12 18 27 25 6 5 28
0 30 39 23 35 36 14 3 46 23 32 10 27 18 27 8 24 33 24 37 28 23 35 33 37 24 25 21 27 10 25 0 30 21 52 7 52 51 23 24 10 35 53 41 16 2 12 18 34 39 33 15 15 42 4 13 0 38 36 8 20 34 27 27 22 46 23 20 49 39 35 4 38 14 28 18 11 31 2 23 28 35 31 29 32 38 27 13 28 46 19 39 28 14 13 10 19 15 32 25 20
0 11 38 13 49 32 32 5 30 38 9 25 3 34 33 33 16 35 36 27 41 23 32 28 52 39 38 37 11 13 9 13 0 11 45 9 20 42 13 31 26 7 6 45 20 34 20 11 34 16 28 39 8 40 19 25 32 8 11 20 28 50 50 30 21 26 23 25 49 10 9 33 33 36 16 16 41 33 20 22 32 25 46 17 27 18 21 9 11 10 19 24 14 13 22 34 33 16 39 13 34
0 50 26 34 16 11 5 21 29 31 17 19 25 31 20 37 11 0 11 38 27 44 39 32 15 36 37 39 1 31 12 34 19 0 20 22 32 3 39 27 21 32 30 22 49 21 49 34 48 25 33 29 36 40 18 30 12 36 32 28 27 10 24 14 23 35 47 44 25 36 22 34 46 28 15 12 12 33 29 6 28 15 17 32 27 17 19 35 15 31 45 36 8 17 37 11 8 50 37 49 14
0 9 24 15 18 27 21 26 19 22 13 49 31 24 31 26 40 21 21 19 36 21 45 37 14 18 23 34 43 38 15 26 7 32 0 46 40 24 31 20 1 36 16 47 25 10 46 28 15 34 21 22 28 27 34 11 39 32 22 13 33 29 26 26 32 44 23 35 43 28 43 38 48 22 25 36 27 7 33 16 18 16 43 20 27 37 47 28 30 7 20 16 5 22 34 40 38 37 27 8 35
0 38 37 41 20 10 26 18 35 27 44 30 41 33 30 29 31 23 42 21 31 40 32 20 23 33 23 32 49 19 21 17 25 34 25 0 40 24 11 28 42 26 1 32 21 40 12 29 7 17 36 6 15 31 33 24 37 20 25 30 17 38 29 38 17 14 22 27 41 34 14 20 23 26 44 31 36 9 31 25 25 25 32 37 37 30 50 17 20 20 25 31 28 27 6 28 35 18 26 29 16
0 43 5 18 27 25 40 19 19 30 34 22 27 28 25 29 37 39 36 38 40 43 49 26 26 31 34 39 24 17 8 7 39 30 18 24 0 9 49 22 22 39 31 26 21 17 34 25 46 46 30 21 40 39 21 39 2 10 19 9 15 30 33 29 22 28 28 34 26 37 45 19 20 23 41 6 18 40 1 36 35 30 27 41 41 15 37 19 15 38 44 15 27 38 24 37 22 36 23 21 24
0 23 38 36 14 40 28 38 32 44 17 36 28 33 16 41 11 5 34 46 22 9 19 33 51 13 31 25 25 49 30 16 38 44 12 19 7 0 20 31 43 17 22 33 17 17 26 37 25 39 31 30 8 26 34 16 9 36 27 19 26 33 29 48 33 39 15 51 22 18 30 18 21 36 12 42 26 32 21 24 36 30 29 6 30 22 25 42 32 21 15 37 24 9 40 39 13 5 0 21 25
0 24 4 25 26 23 43 49 25 24 23 22 43 42 29 13 9 15 51 22 13 28 23 49 23 28 4 35 1 11 53 38 30 17 36 30 40 22 0 35 30 1 30 13 36 14 26 32 16 13 35 47 6 22 21 17 39 29 37 48 41 30 20 47 19 26 38 36 6 15 36 28 18 37 36 37 44 25 15 45 9 46 38 39 16 14 27 10 12 10 28 31 12 8 6 45 27 50 24 34 5
0 12 12 8 52 32 38 18 50 48 26 6 20 18 40 12 25 27 30 30 8 36 21 41 28 33 17 17 21 24 46 16 18 20 17 27 12 24 28 0 24 14 13 34 26 15 40 12 20 50 12 8 18 14 23 28 39 9 28 46 20 42 10 24 21 27 25 17 40 30 35 33 7 40 27 40 7 6 36 9 9 44 31 33 11 27 2 34 17 34 41 20 11 34 24 28 40 10 5 25 41
0 32 35 19 20 16 30 14 17 37 33 50 36 18 15 23 14 21 42 23 33 11 36 39 25 16 33 14 37 18 23 28 25 33 19 14 19 36 26 38 0 22 12 45 18 2 19 43 33 10 31 26 16 19 43 23 44 14 19 24 16 18 15 38 33 20 38 37 36 30 36 34 12 31 39 13 31 19 21 34 48 45 43 35 28 29 31 30 28 47 22 13 21 40 15 38 29 31 34 26 24
0 39 11 29 8 43 53 37 4 29 15 37 3 5 1 17 29 20 23 7 32 25 31 30 12 42 15 16 9 11 30 21 47 22 14 11 16 9 32 21 24 0 44 16 22 30 24 20 20 28 19 20 41 12 31 38 14 18 38 25 34 11 30 35 25 42 18 20 39 38 25 13 23 41 28 27 31 18 24 49 29 32 47 46 22 27 35 51 14 36 28 12 28 34 40 15 8 36 9 15 20
0 31 44 41 28 21 35 18 30 20 15 31 39 45 44 19 15 33 25 22 35 35 40 43 34 35 24 45 15 20 31 21 32 25 32 20 8 34 18 20 11 34 0 27 19 37 50 29 17 21 43 17 37 31 10 39 11 13 21 49 14 14 43 30 29 25 34 31 22 12 22 32 42 43 46 10 30 18 25 36 35 17 26 41 30 33 29 28 32 28 42 42 12 34 12 14 31 30 24 20 28
0 33 29 19 28 5 47 7 39 40 26 24 22 30 32 32 42 29 18 39 11 34 8 48 26 29 39 31 40 11 32 40 20 22 19 25 23 13 16 42 37 9 18 0 23 42 32 51 28 18 31 28 36 35 20 30 16 8 22 3 11 27 26 24 25 14 18 40 21 18 25 8 22 18 35 32 50 24 31 39 14 45 14 25 37 14 28 31 30 22 37 24 23 3 22 19 17 9 21 21 30
0 40 5 12 0 47 30 1 30 12 35 27 36 25 18 13 6 23 32 17 22 26 22 7 12 26 29 29 24 45 10 46 13 10 14 48 36 50 31 20 39 28 35 29 0 13 43 33 31 31 31 33 32 44 25 3 31 29 34 38 35 29 8 35 40 18 13 36 36 36 38 36 16 11 26 28 8 27 22 39 6 31 16 11 30 29 32 17 30 30 44 35 27 34 35 19 34 48 2 29 17
0 43 25 47 21 23 35 8 36 21 33 26 18 28 22 27 20 30 52 24 21 19 39 48 13 33 10 27 25 43 13 6 10 35 26 39 26 22 25 37 28 36 40 29 42 0 46 16 39 18 26 43 14 40 22 43 48 18 41 31 41 27 41 9 26 15 29 12 15 15 28 6 40 36 16 42 21 32 29 36 10 28 35 35 37 18 36 21 22 3 23 22 28 17 20 21 6 30 22 6 30
0 27 6 16 18 32 11 30 11 8 5 34 9 34 21 6 19 26 34 8 33 33 40 39 38 14 30 5 30 43 34 12 49 31 12 35 28 20 18 15 23 33 38 46 17 3 0 21 3 24 5 51 44 30 25 28 29 47 44 24 32 18 15 11 28 0 11 42 19 27 21 30 8 36 37 28 50 26 17 19 44 33 14 21 36 14 23 39 36 41 6 32 35 20 16 36 17 44 40 18 20
0 43 14 13 27 30 5 21 41 37 25 46 19 43 14 13 25 4 5 18 36 26 19 19 15 27 21 11 45 32 24 12 17 17 33 26 12 28 37 23 5 33 48 9 33 36 22 0 16 16 43 42 40 20 31 24 33 23 21 52 8 24 21 35 48 32 20 38 13 42 44 21 33 33 24 25 18 20 44 31 38 28 42 37 27 26 16 26 9 34 36 24 31 5 23 30 46 14 30 28 18
0 38 16 17 46 5 21 22 46 7 49 36 20 19 21 32 11 19 37 7 30 44 40 32 1 19 37 44 39 38 17 27 18 42 40 24 13 21 32 24 19 15 21 20 26 35 22 27 0 13 6 2 43 36 27 17 34 4 31 45 18 45 24 33 18 13 48 23 35 19 37 16 29 39 12 12 31 5 4 51 33 22 9 25 3 40 17 20 30 12 40 7 35 14 32 18 29 28 37 30 31
0 28 38 25 27 15 34 18 21 15 12 17 34 42 16 40 24 22 0 27 15 50 26 41 33 14 26 18 39 22 38 34 46 27 28 23 5 24 11 38 27 30 43 34 45 18 14 1 19 0 8 39 26 21 2 26 41 45 27 27 23 33 40 30 30 9 44 14 37 16 27 18 42 36 24 23 19 32 8 21 37 31 12 20 14 13 36 41 34 52 31 40 33 23 25 14 5 6 4 18 19
0 2 38 18 26 42 46 17 23 13 17 27 34 28 28 23 42 31 14 40 30 24 24 33 45 19 23 26 24 18 45 28 16 35 7 37 14 37 39 20 2 29 10 14 33 38 25 22 44 29 0 7 23 17 36 36 42 17 27 41 14 11 15 18 38 21 20 33 13 23 16 18 25 18 23 24 42 45 5 31 20 26 38 7 44 28 36 33 14 4 24 22 30 33 17 29 29 29 24 18 24
0 17 23 23 32 14 41 10 6 33 26 39 35 8 24 23 34 32 41 23 46 17 37 24 34 48 22 11 8 30 45 53 20 40 26 4 34 13 36 18 33 32 51 13 28 31 12 28 35 25 19 0 35 16 49 30 28 41 23 17 22 18 10 16 35 22 35 17 12 23 43 25 43 48 22 37 23 7 8 34 19 19 31 18 37 30 33 15 27 25 10 30 26 34 30 19 49 41 9 31 33
0 36 22 17 51 46 24 23 13 16 30 38 47 14 45 36 39 21 2 23 23 50 13 19 20 26 32 34 30 33 29 31 14 23 26 37 29 36 24 18 45 15 15 31 33 17 40 24 37 30 23 30 0 27 31 37 47 26 20 28 33 22 41 5 27 6 40 5 2 32 33 51 22 34 24 32 26 48 10 24 34 27 49 30 24 26 20 27 17 17 44 40 32 49 24 28 38 43 24 28 13
0 25 13 37 43 16 0 29 26 52 37 38 11 27 22 9 47 21 15 41 28 33 42 34 39 17 29 41 41 40 7 22 36 13 46 17 41 19 53 32 40 40 25 18 24 17 26 21 23 47 20 24 39 0 41 18 16 52 11 42 31 27 27 25 22 42 25 20 9 16 26 43 45 15 33 18 31 33 21 40 32 11 22 14 44 21 14 5 21 27 22 14 24 35 25 10 27 26 25 30 27
0 46 34 26 22 8 17 28 47 20 22 51 28 22 41 42 35 21 48 43 42 24 18 33 50 21 13 16 45 16 50 51 44 19 32 21 41 44 47 38 51 19 11 14 22 12 41 35 33 45 2 34 52 15 0 22 19 17 39 19 28 17 49 6 41 14 12 10 31 47 33 38 6 7 38 42 47 39 16 28 24 7 8 29 33 33 25 28 11 46 10 18 42 28 7 23 26 38 34 18 17
0 9 49 10 24 40 33 16 27 15 17 20 36 18 36 27 19 42 28 27 38 36 38 23 8 34 20 29 32 18 40 5 24 21 18 22 32 36 26 38 34 39 29 37 37 22 24 35 33 48 18 19 24 43 16 0 30 0 32 7 10 25 15 25 34 35 44 12 35 30 31 37 49 10 43 28 41 6 10 19 28 33 15 24 33 52 31 32 39 24 40 44 16 39 22 24 23 14 32 45 21
0 49 19 25 30 22 29 45 18 16 21 31 40 25 43 31 25 20 19 40 25 3 9 8 23 16 48 34 44 36 28 12 10 20 29 39 40 15 3 36 36 38 18 13 48 3 24 28 14 12 9 32 25 38 31 22 0 46 44 17 32 44 45 9 45 33 36 33 31 34 35 17 32 5 42 14 6 26 35 27 12 26 39 50 20 19 13 28 30 26 25 11 37 38 36 11 22 13 39 3 42
0 34 39 24 29 28 22 27 31 47 43 27 24 15 29 41 25 12 31 19 18 20 17 18 33 37 34 36 7 29 47 49 16 20 39 36 27 23 9 36 20 22 5 18 37 38 18 20 28 35 32 5 22 27 39 32 19 0 33 16 18 23 18 38 22 48 24 42 44 26 14 40 15 38 14 20 20 28 30 27 47 35 32 29 39 24 23 24 24 10 2 8 9 9 25 29 27 42 21 19 13
0 39 33 24 18 31 31 29 19 8 46 39 30 33 29 42 37 32 40 10 37 19 30 15 14 48 11 36 16 18 17 41 22 20 26 40 29 36 7 43 2 10 35 39 9 36 32 47 28 39 16 51 23 18 28 18 49 22 0 32 26 41 25 39 25 19 17 28 30 33 33 29 10 24 10 27 44 30 13 48 26 21 16 20 25 31 23 19 22 44 40 40 8 27 41 6 44 28 21 26 25
0 19 28 25 28 25 33 46 18 33 22 9 26 39 13 18 29 23 22 24 31 23 23 25 37 2 9 9 21 32 23 36 21 21 49 22 35 35 12 53 8 32 14 22 8 41 48 6 4 25 35 30 12 37 51 15 9 20 38 0 28 23 32 25 5 20 43 24 49 38 13 42 16 19 33 38 34 7 15 48 51 28 15 1 15 29 25 26 6 7 4 28 4 28 13 15 26 39 16 28 15
0 9 25 45 13 38 42 23 22 23 27 34 28 39 8 25 12 15 37 33 24 20 27 19 48 21 45 41 23 40 32 36 16 36 26 24 7 21 31 24 28 33 12 9 26 34 18 41 38 16 12 37 13 20 15 8 9 18 23 28 0 39 17 4 28 45 33 26 30 17 1 11 13 12 18 45 30 31 30 7 38 27 35 15 21 24 25 35 13 27 22 20 32 16 35 6 39 36 39 14 25
0 20 37 16 44 7 32 30 32 18 41 15 28 32 38 23 36 34 34 23 12 9 42 17 8 18 13 25 36 38 13 36 21 14 25 18 36 28 42 4 14 19 29 4 24 16 42 42 4 40 18 30 29 7 17 39 40 44 32 20 4 0 33 25 17 27 44 46 1 12 35 49 22 4 49 36 13 22 32 23 24 22 35 27 21 12 26 7 34 23 16 15 28 44 27 13 15 47 15 21 18
0 50 7 24 42 20 20 13 5 13 44 24 49 9 42 44 18 20 35 48 34 39 35 10 49 32 25 36 39 39 27 32 43 12 44 15 35 25 28 41 8 53 12 51 26 14 41 33 27 32 17 31 20 28 30 12 41 52 18 23 43 24 0 19 27 19 34 28 26 34 20 21 29 34 22 40 35 48 6 23 13 40 9 16 35 9 38 28 42 16 12 26 24 34 8 29 50 31 29 36 22
0 37 29 30 27 7 24 22 46 22 7 13 27 33 13 40 12 18 16 45 36 40 25 13 20 43 4 15 36 30 47 19 18 15 12 50 37 5 15 12 37 25 38 12 16 44 35 15 36 27 45 21 26 28 28 23 15 47 43 31 22 24 2 0 14 28 20 17 23 16 20 37 19 13 50 28 28 25 33 13 35 39 39 34 29 31 33 31 25 25 19 39 5 16 23 25 7 16 23 19 7
0 10 29 37 14 40 14 22 18 17 29 40 16 21 12 10 19 29 23 37 25 29 27 13 41 40 37 12 17 42 18 25 25 8 25 38 10 29 34 31 8 39 48 19 39 19 38 50 18 18 37 31 18 35 43 24 18 7 31 24 22 27 16 19 0 11 31 26 32 3 28 34 29 30 6 28 44 32 24 22 3 1 21 40 17 18 25 9 30 41 20 44 14 34 7 27 39 18 16 36 39
0 40 31 12 22 31 14 40 46 23 11 21 41 32 35 19 5 40 42 20 43 28 3 18 22 40 35 19 26 31 22 41 27 27 28 36 30 25 18 25 27 30 43 13 13 40 50 30 50 43 28 29 28 33 35 15 25 16 32 12 33 34 13 34 28 0 7 31 31 14 17 34 47 47 19 39 33 17 23 37 35 10 28 47 19 50 41 7 16 39 10 26 20 32 17 15 18 18 18 19 24
0 44 10 5 45 38 40 21 20 26 3 34 39 8 2 32 16 10 37 28 32 32 15 43 24 29 13 25 47 27 17 50 44 25 26 40 28 48 23 14 12 25 30 22 13 28 21 14 30 46 21 30 12 27 14 16 45 33 21 38 2 34 5 13 21 20 0 29 35 39 8 23 33 30 28 18 17 25 47 6 7 10 33 37 39 28 6 20 34 37 29 37 38 32 27 25 32 35 41 40 30
0 33 42 24 39 24 4 48 17 6 19 6 36 13 24 30 15 28 27 22 36 26 31 22 25 43 21 21 12 24 29 44 34 30 41 28 35 43 22 35 23 33 30 22 37 36 25 19 16 44 33 22 15 39 38 21 33 14 15 17 42 11 7 14 49 34 35 0 24 33 21 18 27 18 13 30 31 22 21 17 42 29 10 22 32 15 15 24 39 34 21 40 11 38 8 36 33 40 14 11 8
0 33 27 12 35 39 34 20 33 10 21 34 45 31 23 7 42 52 21 22 18 26 25 43 7 20 12 10 50 15 28 27 39 19 25 35 28 25 46 30 23 30 34 24 15 14 26 20 31 12 20 18 39 32 9 25 17 18 39 37 28 23 10 13 14 14 14 35 0 27 13 7 33 45 29 15 30 16 46 40 9 39 36 36 44 16 29 17 7 25 22 40 40 35 29 41 11 25 21 34 36
0 24 21 2 18 29 31 24 28 22 14 26 2 15 18 32 13 24 18 17 29 44 47 30 44 31 35 43 21 9 13 28 37 17 27 30 17 27 12 19 26 24 19 41 41 29 28 32 11 24 15 32 37 36 38 46 41 27 40 30 41 36 24 25 41 23 29 40 50 0 35 11 21 25 48 33 42 28 28 16 25 16 51 41 50 18 28 31 46 47 14 39 26 33 9 39 10 32 25 50 25
0 22 11 33 29 11 2 3 17 22 29 14 22 24 15 13 1 36 13 10 38 36 25 22 27 22 26 38 22 19 35 9 39 37 30 20 23 26 36 40 5 42 12 40 13 28 45 1 20 22 29 13 36 20 9 26 27 47 32 25 8 38 28 11 51 17 26 35 22 34 0 34 35 14 22 28 24 37 32 29 36 2 15 16 30 22 12 23 20 0 32 33 38 37 29 31 41 25 20 35 42
0 25 33 42 33 36 17 34 45 38 43 33 22 26 18 30 35 19 29 18 41 13 42 20 25 35 27 11 37 14 39 8 26 40 25 33 20 33 29 19 13 33 18 22 37 15 12 37 20 35 42 31 12 38 7 32 39 34 20 21 44 39 20 21 9 34 31 13 28 31 27 0 51 32 23 52 49 15 20 21 16 34 29 20 26 27 29 24 11 27 44 28 44 22 29 9 38 30 33 6 31
0 32 35 12 36 49 14 32 13 16 20 39 5 48 36 24 19 3 33 49 42 18 29 7 27 37 43 6 14 35 41 35 11 29 43 23 27 37 42 31 12 31 42 12 28 6 31 29 3 9 19 27 23 19 29 22 14 35 19 40 26 16 16 25 33 1 33 37 34 10 28 20 0 7 27 45 44 12 35 18 33 30 37 40 24 28 34 34 21 21 17 14 27 5 8 26 12 24 47 37 47
0 31 36 12 34 26 37 12 23 5 22 34 29 25 20 20 20 26 27 45 18 29 7 15 14 41 27 48 6 26 26 52 14 25 18 19 45 11 52 43 25 34 28 18 7 28 16 42 46 26 31 27 31 24 19 51 42 25 48 14 30 5 15 38 11 33 26 32 9 25 13 29 27 0 28 25 32 37 40 35 26 11 10 39 34 25 19 26 12 23 12 22 26 36 19 20 22 21 38 9 35
0 43 42 49 19 26 4 25 18 51 31 39 7 39 31 29 30 31 39 26 26 26 22 9 39 39 23 22 17 11 17 24 26 16 35 22 25 37 18 43 39 30 40 20 30 18 20 12 32 31 28 16 22 12 2 41 29 16 7 22 51 23 24 34 35 23 18 25 22 44 13 7 20 4 0 27 10 25 18 44 40 11 15 38 20 32 39 44 7 12 41 34 16 21 40 41 16 48 21 37 18
0 43 26 7 36 26 22 38 28 34 46 25 27 21 36 35 18 16 26 37 19 20 23 25 30 19 32 27 32 34 14 19 8 43 22 34 13 38 40 13 15 37 15 24 15 1 19 51 12 9 40 50 24 28 6 28 39 8 26 42 4 21 22 33 34 52 23 30 5 20 32 14 14 32 37 0 29 38 6 36 42 0 12 17 34 37 27 31 18 43 26 24 34 6 6 24 19 15 28 27 33
0 18 45 26 42 31 14 30 35 31 17 16 19 28 31 21 34 15 31 39 14 30 18 6 21 28 52 44 26 23 31 21 44 37 14 43 31 25 8 27 20 46 30 7 19 20 25 2 23 21 38 2 12 45 49 43 46 7 15 30 35 17 16 15 18 26 18 29 18 11 28 7 35 23 25 22 0 11 35 22 23 8 29 43 11 37 32 29 8 24 5 34 10 20 50 17 13 41 28 51 15
0 48 31 26 28 44 28 22 7 27 39 9 18 42 37 36 10 30 29 16 29 17 11 26 10 32 35 26 35 35 25 32 18 31 16 24 24 18 37 31 29 30 40 28 14 26 7 14 24 52 25 24 21 20 27 33 43 29 8 5 21 13 6 19 38 19 47 21 30 39 43 38 39 15 45 28 35 0 16 47 17 12 20 38 22 25 17 16 21 40 16 10 36 25 7 35 12 39 35 30 44
0 28 25 23 33 22 48 24 51 26 14 47 40 27 26 24 45 27 20 16 31 18 52 41 16 34 20 27 49 40 37 31 32 42 12 28 25 20 49 49 21 43 21 10 17 20 16 22 32 31 34 21 24 12 27 27 18 17 21 18 16 31 34 5 15 15 40 12 19 10 30 34 1 33 17 31 50 38 0 22 31 35 27 35 28 24 31 41 45 35 23 22 33 0 13 22 43 22 23 44 26
0 52 38 26 8 18 12 37 28 26 12 24 45 22 27 28 11 23 38 2 21 24 31 42 13 29 14 15 31 32 16 14 24 23 31 31 10 26 20 31 2 18 46 30 16 42 10 52 31 42 2 36 23 44 32 24 25 32 40 31 46 7 23 14 43 1 17 51 18 36 29 32 42 26 33 15 8 17 21 0 30 43 43 22 18 39 3 13 30 20 28 18 15 36 11 25 9 34 24 7 28
0 13 15 20 5 21 24 33 34 42 16 23 18 28 13 18 47 43 29 26 41 23 4 27 25 31 35 18 26 30 21 43 4 36 30 38 46 29 26 25 26 45 33 17 44 29 24 29 31 31 35 16 29 41 35 9 21 23 21 15 25 1 22 33 13 28 21 8 42 26 22 31 13 26 12 20 39 32 46 32 0 42 39 15 21 22 5 4 18 30 32 9 32 37 31 30 24 15 31 36 22
0 27 16 20 21 30 47 29 29 27 25 10 27 33 13 16 26 24 16 40 10 29 26 23 15 10 26 29 46 13 45 11 26 37 24 8 25 23 28 42 14 11 20 9 11 26 23 2 31 17 29 37 18 17 23 40 3 2 7 17 23 11 21 29 23 17 12 20 39 23 29 41 11 14 17 3 10 12 26 12 22 0 31 30 27 26 19 24 36 28 49 16 50 28 12 22 16 25 37 31 21
0 21 24 49 26 5 46 43 11 21 20 41 29 16 22 11 32 8 30 28 23 36 11 33 19 23 52 27 6 36 49 41 28 34 37 2 30 33 34 16 37 47 35 33 35 13 37 19 39 26 35 27 33 27 48 14 36 12 27 30 14 31 23 20 23 13 23 29 39 24 16 18 28 9 33 22 43 30 19 9 34 9 0 23 9 21 30 43 30 15 9 27 5 24 23 17 32 13 11 1 39
0 26 22 13 7 27 5 17 19 32 39 37 27 38 23 19 39 10 16 47 41 43 19 7 44 21 28 28 25 3 10 33 27 21 5 40 24 26 22 15 15 17 26 44 37 26 19 7 25 17 10 30 34 30 26 11 46 22 18 30 27 36 19 33 4 30 29 33 36 30 40 19 7 21 24 22 32 18 30 40 45 18 35 0 21 51 24 41 39 10 7 30 14 30 43 11 8 39 36 10 26
0 46 20 31 12 45 15 20 29 36 25 41 9 8 27 22 25 20 46 28 33 23 47 38 45 24 20 41 15 42 33 11 41 16 30 24 29 26 39 44 12 44 34 17 12 45 28 18 6 23 37 10 40 23 40 20 40 12 50 16 50 27 20 37 33 25 30 8 35 23 14 22 12 35 32 19 13 22 39 41 30 20 39 11 0 18 18 51 35 13 13 11 39 36 40 29 30 16 42 15 18
0 16 36 15 13 35 27 33 48 4 42 36 31 40 24 16 25 14 16 12 19 10 35 37 25 3 34 3 28 26 24 21 24 20 27 20 33 41 24 37 3 20 37 33 23 20 37 21 37 25 24 30 34 44 13 26 18 35 42 5 17 16 23 33 37 6 22 28 41 35 16 18 25 22 9 45 30 29 11 30 20 13 39 21 31 0 37 23 20 20 6 19 46 19 45 32 41 34 14 26 9
0 48 14 25 29 3 22 21 13 14 29 27 21 22 17 24 37 50 26 23 48 34 28 23 16 18 29 23 28 13 26 27 17 36 35 17 40 46 25 51 31 24 21 40 34 2 37 31 23 32 20 18 38 28 13 21 28 32 24 37 5 30 44 9 38 12 41 33 52 25 44 22 10 29 29 14 22 22 45 17 27 44 11 24 40 23 0 28 35 33 0 33 31 18 30 39 21 34 7 46 23
0 18 13 30 25 30 23 40 12 33 19 27 11 25 34 30 15 23 28 16 17 11 53 30 1 30 17 22 28 23 36 34 20 14 38 41 41 38 36 26 26 29 30 11 19 24 40 13 19 14 44 16 50 15 20 35 11 20 51 39 28 20 2 27 35 3 19 6 22 22 45 28 27 40 6 3 30 37 22 11 2 26 17 25 23 24 21 0 41 14 32 34 26 12 27 7 34 43 37 23 34
0 17 27 19 48 46 31 26 15 37 26 19 26 26 28 23 19 28 23 43 29 27 48 21 35 36 19 19 11 20 7 29 13 15 12 4 31 28 42 34 13 13 18 8 21 32 25 3 33 14 35 9 23 38 36 2 37 36 24 29 23 39 30 26 39 43 40 35 12 28 30 33 33 9 23 53 22 27 52 28 12 24 36 27 17 34 38 42 0 13 18 40 14 21 10 23 17 45 11 22 37
0 7 41 21 10 42 32 32 22 30 36 44 32 24 40 21 28 30 24 3 43 1 29 44 37 35 24 43 17 21 37 46 18 48 13 28 24 47 17 38 37 40 8 22 7 12 48 20 22 34 34 41 41 32 14 36 24 8 35 51 25 48 23 17 16 28 21 40 42 6 27 25 17 30 25 31 15 31 19 25 42 30 40 19 21 36 25 29 29 0 24 19 28 19 24 36 18 44 22 38 37
0 17 25 34 43 21 22 15 23 22 35 24 22 27 19 31 5 39 12 0 29 30 34 33 24 14 5 49 32 27 25 46 47 20 28 26 29 16 31 31 20 19 17 17 37 20 31 29 37 39 21 46 10 3 33 22 27 17 22 35 32 6 26 21 29 17 27 28 26 39 18 27 45 15 25 31 30 20 46 22 12 17 26 19 24 20 36 20 28 35 0 22 30 22 32 24 41 12 1 36 34
0 11 15 39 46 50 44 40 29 24 24 36 18 23 29 51 48 7 25 38 12 34 25 44 32 21 26 37 5 34 38 28 31 23 8 4 27 15 21 20 22 18 25 38 40 24 18 15 44 31 19 18 22 12 34 37 18 13 13 47 44 9 9 25 28 18 25 12 28 27 2 48 16 10 48 8 18 28 42 31 28 28 22 42 33 38 26 52 27 16 29 0 34 23 35 17 46 10 24 16 40
0 24 27 38 28 18 37 32 49 45 44 34 33 37 47 34 35 30 29 25 20 25 33 31 38 13 52 7 14 29 25 30 38 26 42 19 18 28 23 6 28 24 27 7 40 37 21 32 35 43 30 24 20 25 31 21 37 20 35 18 29 23 33 29 27 20 43 18 24 45 14 38 46 36 20 14 10 19 40 22 18 52 18 46 27 25 46 31 31 39 12 12 0 23 10 49 16 27 38 29 37
0 42 52 18 34 34 37 18 40 35 28 17 36 10 47 49 41 25 22 23 16 29 38 24 19 40 30 25 36 16 14 33 23 42 33 20 46 32 29 43 5 39 36 4 31 23 29 33 35 31 16 16 43 9 51 8 45 26 35 3 29 34 43 15 51 1 12 47 35 30 13 14 28 22 14 17 30 18 22 20 21 40 24 17 36 33 42 52 24 29 29 17 26 0 48 51 19 30 14 23 25
0 33 25 22 15 41 26 15 16 23 8 18 20 34 5 39 12 11 11 12 27 44 31 31 14 40 29 37 20 20 29 37 23 33 37 24 26 34 29 10 16 33 9 21 32 21 30 14 27 17 35 16 8 14 16 16 17 2 30 34 52 8 34 31 10 31 34 31 37 34 27 16 37 16 8 21 42 22 20 28 23 37 11 19 9 26 26 23 34 18 46 39 49 9 0 37 25 45 44 23 50
0 30 23 38 6 24 38 44 13 33 40 27 24 27 12 35 27 28 39 2 40 14 27 33 21 4 17 35 14 44 35 23 26 30 41 15 39 17 30 26 17 42 40 42 25 47 9 17 32 19 29 23 15 39 5 7 1 11 24 18 10 24 17 32 9 28 36 13 16 22 38 37 32 23 13 18 28 26 30 35 26 18 16 20 19 20 24 29 10 16 18 28 40 14 42 0 21 29 13 5 28
0 37 30 31 20 34 19 2 12 15 15 27 13 27 35 15 36 27 47 33 42 24 28 14 29 31 35 27 29 49 5 39 24 14 9 31 8 34 32 18 47 48 17 43 19 39 41 39 8 37 40 27 17 28 35 30 40 22 30 20 17 29 30 19 5 33 23 27 15 24 35 39 42 41 36 34 28 5 21 30 21 27 38 14 39 20 20 32 3 7 29 24 15 22 41 32 0 26 39 34 13
0 28 25 27 27 9 22 44 23 27 31 24 13 10 16 23 27 20 31 27 19 5 26 34 18 42 33 46 16 8 26 38 39 35 26 49 14 38 51 33 19 51 29 32 29 38 38 21 39 37 8 39 16 30 26 26 10 4 36 51 36 15 42 20 25 26 37 25 11 17 17 17 30 28 19 25 26 21 20 26 41 23 23 17 42 32 8 17 26 42 17 34 24 48 20 9 13 0 11 24 30
0 5 27 22 47 18 10 13 32 11 43 29 24 24 26 27 37 10 22 30 26 32 20 32 19 38 40 43 29 34 37 21 12 15 14 28 17 22 21 37 3 12 27 27 28 42 29 14 29 21 24 21 47 24 23 40 40 17 8 14 8 17 25 21 32 33 32 33 21 30 24 46 16 17 17 1 23 40 51 23 30 16 21 4 30 11 29 34 1 45 36 16 22 12 14 31 18 47 0 39 46
0 48 27 24 24 28 24 46 8 36 39 22 36 38 29 29 32 43 31 19 24 12 39 30 33 32 29 24 14 43 44 25 46 34 33 12 24 1 32 45 28 34 26 34 26 37 26 23 17 21 24 11 30 2 21 16 9 31 6 42 26 19 6 23 37 36 18 35 11 24 31 23 24 33 23 38 44 6 24 26 38 39 49 42 23 16 19 4 18 18 33 26 49 4 28 21 19 13 17 0 21
0 13 20 30 31 35 18 44 26 15 26 35 13 26 25 50 40 33 24 41 26 20 22 30 31 15 3 46 28 26 37 32 41 31 11 31 9 34 31 37 31 20 28 39 34 6 22 38 51 42 41 31 27 13 24 45 46 41 39 26 25 35 10 26 6 52 25 21 23 21 10 19 31 40 22 32 21 35 37 25 20 3 33 37 23 25 42 40 41 23 38 30 25 12 5 20 2 24 39 21 0
