100 4
2 608 8 6
3 751 10 5
6 537 9 9
3 747 3 4
8 820 4 9
8 1029 7 9
9 431 5 6
5 402 4 3
17 889 9 10
7 966 3 4
10 704 4 4
13 464 8 5
24 652 2 9
19 543 6 7
22 518 10 8
26 646 2 9
6 742 4 2
6 522 5 2
29 1060 8 9
26 1065 3 8
33 936 6 10
10 920 6 3
26 456 4 6
39 807 9 9
46 992 7 9
26 640 2 5
34 433 10 6
36 780 1 6
25 489 6 4
44 1093 7 7
19 976 10 3
38 798 6 6
51 1111 8 8
39 775 9 6
46 639 10 7
54 1053 1 8
35 621 7 5
68 949 4 9
77 666 6 10
40 933 8 5
8 940 7 1
74 1010 10 9
58 430 5 7
58 704 10 7
77 1041 5 9
69 493 4 8
26 736 3 3
70 691 10 8
89 897 10 10
9 1023 1 1
73 634 2 8
56 389 6 6
75 708 8 8
86 937 6 9
77 624 6 8
79 487 5 8
40 1047 7 4
91 453 5 9
92 588 7 9
64 470 5 6
43 598 3 4
99 1021 7 9
56 895 2 5
34 695 10 3
70 1076 5 6
84 558 1 7
39 967 2 3
94 953 3 7
81 1083 7 6
43 1088 10 3
74 1092 10 5
89 1084 5 6
45 982 9 3
61 596 4 4
65 648 6 4
82 574 3 5
82 608 10 5
50 1015 9 3
51 899 3 3
17 853 9 1
53 782 9 3
97 820 6 5
59 559 6 3
41 647 8 2
64 544 3 3
45 772 1 2
91 428 2 4
27 1022 10 1
98 847 8 3
34 608 9 1
76 493 6 2
41 585 10 1
83 414 7 2
90 666 7 2
54 632 2 1
77 870 3 1
78 769 9 1
86 835 5 1
87 840 5 1
98 862 5 1
SETUP
0 33 1 2 16 31 34 19 15 31 13 0 13 35 15 11 24 12 24 9 22 12 32 11 20 32 16 37 24 40 32 4 16 15 32 23 34 26 5 20 27 23 26 45 36 17 19 19 38 37 29 34 31 16 41 33 15 5 30 17 28 22 34 17 17 28 43 11 20 23 17 42 24 42 28 37 33 13 10 31 14 17 36 34 14 15 37 42 41 41 4 8 23 23 31 32 12 34 10 19 19
0 0 28 25 10 8 38 35 13 20 32 27 16 29 48 4 25 26 27 43 12 32 29 14 21 2 30 47 31 26 5 27 16 25 46 18 14 32 34 38 37 10 4 24 15 35 33 44 13 30 41 34 33 22 23 25 42 36 13 28 28 17 12 26 24 42 44 46 2 26 8 25 17 27 10 2 20 11 14 39 34 40 10 12 47 29 6 21 42 33 8 25 37 23 25 11 15 31 22 29 27
0 44 0 33 26 19 26 29 11 35 43 43 21 37 17 12 12 10 23 26 32 30 9 13 36 23 28 10 9 0 12 7 48 30 29 14 17 24 13 29 32 13 20 17 30 38 14 6 45 34 22 20 18 41 18 7 28 46 24 43 28 45 11 5 32 37 27 14 29 36 30 10 2 37 21 37 16 15 16 21 26 12 22 7 27 18 24 44 18 38 48 26 21 26 27 4 2 19 9 32 17
0 47 28 0 39 41 22 22 19 9 30 36 25 4 32 16 28 27 35 14 35 33 7 30 43 22 23 14 17 28 20 25 5 26 34 26 16 19 31 14 37 20 38 29 25 39 18 46 11 22 19 19 11 21 37 18 14 20 20 26 12 19 12 30 23 11 25 49 28 24 14 42 24 20 48 19 34 20 43 41 9 29 24 20 6 4 16 11 13 43 9 20 12 28 12 43 35 45 30 49 18
0 40 27 14 0 19 21 18 13 30 12 34 14 17 29 12 21 22 26 18 23 23 21 6 20 9 39 30 36 6 30 33 25 5 21 28 3 33 28 28 40 28 20 32 20 37 15 34 16 28 23 18 23 23 49 10 9 43 14 41 45 32 3 38 49 2 17 18 20 33 33 21 27 1 41 20 5 24 48 20 33 17 24 40 3 32 30 0 29 46 22 24 8 26 39 6 45 36 7 35 35
0 34 10 14 18 0 8 17 26 30 34 32 38 17 31 18 31 15 5 20 30 42 15 19 20 36 25 5 26 37 45 37 21 36 12 21 32 17 33 7 23 38 38 3 27 10 48 46 21 13 19 13 26 16 28 10 31 14 33 23 33 35 36 16 39 29 37 2 5 30 10 21 49 38 34 10 26 38 12 17 22 16 11 8 23 33 26 41 37 13 43 39 19 29 29 27 13 28 12 25 6
0 46 24 5 20 26 0 29 30 23 32 23 29 26 35 25 18 30 39 2 25 0 23 22 31 28 24 30 33 9 22 46 4 20 39 15 15 22 12 11 47 12 26 22 28 13 22 24 33 26 1 24 12 25 16 11 31 23 7 24 37 19 27 48 44 34 14 43 26 33 33 25 13 18 9 28 30 43 30 3 19 22 28 15 31 15 29 22 27 15 48 43 24 33 27 23 43 9 27 33 17
0 35 31 24 25 30 26 0 9 22 43 35 41 28 35 25 28 34 21 19 31 12 16 29 34 39 25 43 25 31 12 15 24 14 34 12 29 28 33 23 12 7 17 18 22 16 34 34 11 9 23 21 36 8 22 21 23 7 34 31 25 43 11 29 23 28 30 21 12 35 19 9 28 43 29 16 23 19 8 21 42 45 24 15 10 11 29 34 38 18 27 25 41 11 13 24 6 10 34 18 21
0 19 31 21 44 44 24 23 0 18 23 9 28 31 34 14 13 19 19 34 26 25 37 20 27 33 18 42 27 43 21 32 28 22 20 10 44 21 41 34 20 22 17 31 26 49 36 33 20 11 15 31 23 30 39 39 13 27 10 20 10 19 36 34 44 19 22 48 20 33 31 7 42 25 29 11 27 29 12 21 36 13 31 31 45 48 19 41 21 23 47 23 12 37 24 22 18 20 20 12 15
0 29 14 36 2 17 35 18 22 0 19 7 23 32 12 36 37 28 18 14 27 29 48 24 23 18 12 25 23 31 29 31 19 32 27 4 18 34 25 17 23 18 19 24 18 12 36 18 33 3 22 43 16 11 30 14 14 23 37 40 17 35 22 35 35 7 25 12 30 37 9 33 18 20 14 35 23 33 8 17 20 38 13 29 25 22 27 13 6 26 47 14 47 8 20 14 37 10 35 31 3
0 26 26 27 28 34 27 43 5 16 0 29 15 27 39 16 20 35 7 14 28 15 15 38 37 27 9 0 8 14 43 28 24 23 24 14 14 2 33 22 42 27 29 21 32 27 10 21 16 30 9 30 17 27 22 27 32 27 35 0 22 33 36 22 31 15 17 23 18 38 31 3 2 33 42 15 8 25 36 22 41 20 8 42 21 26 20 31 35 36 18 27 23 18 25 27 27 23 19 15 26
0 5 15 44 22 28 35 21 22 27 20 0 46 33 26 16 22 13 32 35 31 15 16 48 30 28 14 28 22 23 34 27 29 26 19 36 29 22 13 28 34 35 20 15 27 14 17 16 28 36 9 21 15 37 32 26 11 9 42 27 43 17 3 34 18 13 49 27 31 46 34 44 16 20 20 20 25 13 33 36 26 24 23 33 40 21 34 6 14 9 34 10 21 19 29 10 16 27 44 35 24
0 35 40 3 46 42 16 19 18 39 7 26 0 23 17 25 10 24 20 28 26 30 28 9 2 15 18 35 15 23 35 31 38 34 27 23 7 29 7 4 12 26 21 16 22 31 40 34 34 1 21 21 27 16 46 40 29 23 16 38 23 26 38 26 28 14 25 14 27 14 22 35 14 42 17 4 40 21 5 32 22 9 23 25 28 26 17 22 12 20 23 27 23 19 26 32 21 21 21 23 41
0 40 31 25 25 27 17 28 45 42 27 19 30 0 16 19 10 24 43 35 28 30 22 18 21 43 39 13 37 24 20 11 17 14 14 17 13 26 25 39 34 16 42 33 20 22 30 21 29 3 12 18 10 35 28 39 36 36 45 18 24 17 21 24 17 12 8 33 6 47 42 17 19 26 12 28 36 41 26 32 28 30 33 16 30 29 23 41 32 40 15 3 26 16 20 22 16 32 44 11 25
0 39 42 18 18 17 6 3 14 20 29 32 22 27 0 29 29 30 36 23 7 13 31 10 9 34 31 28 37 21 12 20 26 33 38 45 2 32 41 45 10 23 25 41 19 27 29 30 43 10 27 44 23 28 14 5 30 33 23 20 28 30 16 28 37 49 6 12 16 32 20 45 28 40 23 22 15 0 27 12 3 13 35 13 27 17 10 42 5 8 42 19 31 23 41 15 26 18 29 26 8
0 41 16 32 15 36 18 32 25 16 18 35 11 26 19 0 11 43 27 23 23 32 24 20 5 32 7 33 27 19 18 0 31 19 20 34 40 39 7 37 37 15 31 35 40 35 24 36 23 29 9 9 45 25 23 26 47 13 36 16 27 11 2 20 26 37 11 10 28 25 35 8 35 9 20 46 24 25 41 20 30 19 19 42 1 23 23 11 28 19 35 22 27 13 43 28 22 16 4 24 15
0 34 30 21 36 49 34 32 23 29 20 3 0 9 44 38 0 18 26 24 22 34 24 13 25 24 25 37 24 33 14 25 22 25 28 3 17 18 39 4 41 11 13 27 24 3 14 13 15 44 30 19 27 21 38 29 32 11 32 19 24 33 30 17 44 28 14 3 38 23 21 44 28 26 37 27 32 20 35 37 38 20 9 8 22 14 6 30 20 17 30 23 40 32 2 2 24 32 31 40 16
0 27 32 24 12 32 16 12 22 13 25 19 36 26 32 22 19 0 26 3 23 4 26 15 45 5 47 13 8 31 29 19 39 27 10 47 9 16 2 21 13 12 9 38 29 28 26 48 1 28 6 33 29 6 13 35 27 25 1 30 27 19 33 23 32 11 27 12 17 30 23 35 22 37 17 27 14 33 18 46 19 33 27 30 8 19 29 28 13 41 22 40 20 42 38 29 17 17 47 2 18
0 7 28 21 24 40 38 17 26 16 38 36 42 48 35 28 14 41 0 26 4 39 17 14 24 23 11 20 19 15 46 1 49 35 40 13 22 28 32 22 13 43 21 45 31 26 25 17 9 33 41 43 28 36 8 5 32 31 26 39 10 31 29 22 13 28 20 8 5 24 18 3 23 18 3 27 6 36 29 12 15 33 26 9 46 25 21 21 17 46 35 37 29 39 8 21 16 13 38 27 14
0 22 30 18 18 33 14 18 19 8 36 25 12 33 28 19 18 26 1 0 30 24 20 30 46 33 45 37 27 24 18 17 18 43 13 0 20 21 11 32 31 21 26 23 33 34 20 19 13 15 27 21 16 40 12 29 22 20 31 48 10 45 16 30 11 24 30 25 17 35 29 24 41 24 25 0 26 49 35 8 27 19 6 27 14 28 46 15 9 26 45 21 35 19 26 16 21 40 15 14 33
0 31 22 38 7 25 20 32 41 44 9 26 20 29 33 20 37 26 25 8 0 10 15 16 40 19 4 23 46 26 34 34 30 30 15 35 23 18 21 8 35 29 25 18 28 13 34 34 16 38 24 13 31 31 42 37 18 15 12 20 40 17 30 20 19 18 49 26 24 24 46 21 26 11 33 48 28 44 23 41 11 18 28 34 35 37 43 26 23 15 27 32 26 36 12 15 14 22 36 29 17
0 24 24 13 27 46 16 38 26 31 26 37 38 35 42 48 13 28 17 22 20 0 30 49 36 21 14 5 29 10 23 23 47 19 20 18 10 20 26 27 22 18 22 23 9 39 13 6 22 26 20 22 11 8 39 43 34 37 27 40 31 29 19 36 13 25 35 36 12 34 14 16 23 31 1 13 9 24 17 31 46 49 31 2 40 5 24 36 30 34 19 7 10 19 41 25 29 49 17 21 27
0 19 29 31 21 36 21 14 19 8 24 23 20 17 1 17 38 21 23 41 9 22 0 37 32 8 38 47 18 26 24 18 46 41 42 22 23 48 40 18 27 40 26 28 38 17 4 22 43 24 37 25 9 8 33 34 44 10 23 11 27 36 17 22 23 4 46 43 23 17 24 17 41 35 43 21 12 21 6 33 30 42 21 30 1 38 45 26 8 40 5 23 22 27 32 36 42 26 31 13 17
0 31 39 18 19 9 2 42 25 26 47 14 41 16 22 19 20 18 16 47 37 32 17 0 35 36 17 6 27 7 39 11 22 40 34 16 18 35 17 30 31 27 24 39 27 7 18 19 17 38 23 40 30 35 17 33 29 8 25 39 37 13 10 44 7 48 31 19 30 28 26 8 19 10 11 30 22 29 14 31 12 28 18 3 27 26 22 25 23 38 36 10 15 5 30 10 32 44 43 15 18
0 35 33 30 24 33 14 12 26 40 25 47 42 24 38 9 36 29 14 19 44 28 24 19 0 33 27 24 43 22 34 17 9 17 27 35 18 19 20 10 15 9 38 19 44 41 44 23 23 34 46 24 27 13 36 30 34 15 23 28 26 42 13 39 30 6 15 28 23 32 31 18 41 14 34 38 20 22 36 20 23 10 18 20 32 22 19 9 3 34 29 9 19 8 30 30 34 40 8 36 32
0 13 37 26 10 20 30 25 19 32 41 25 26 19 9 29 36 18 36 5 35 21 44 6 8 0 23 11 25 17 38 37 31 5 14 26 25 24 35 40 14 32 8 9 20 26 41 49 45 16 32 11 29 26 25 19 25 15 12 10 8 24 35 18 18 32 17 44 5 37 34 41 1 31 29 31 28 30 18 41 27 21 42 24 23 33 17 26 13 12 36 16 11 19 42 18 8 36 11 39 21
0 21 37 31 27 36 20 29 37 20 31 28 33 4 14 28 19 27 43 34 5 17 41 22 2 33 0 19 37 21 39 45 35 9 38 24 26 28 23 16 21 21 3 31 13 29 46 23 49 19 23 28 40 23 47 20 23 30 43 15 15 20 11 33 31 13 42 14 14 14 15 27 16 17 39 32 38 17 12 25 47 31 15 34 8 46 41 37 10 9 28 33 20 37 35 20 14 15 25 13 23
0 8 22 2 17 39 25 16 36 16 7 4 33 36 13 5 31 41 33 35 16 26 21 14 34 18 14 0 30 26 14 15 18 20 19 16 31 21 16 33 19 19 27 35 38 37 25 48 34 11 7 39 22 44 21 14 36 9 18 16 6 36 2 36 18 21 32 35 23 13 11 17 22 22 31 18 24 22 36 29 12 28 23 21 18 15 29 39 38 30 11 35 11 20 23 23 17 22 18 19 22
0 43 44 11 10 18 33 47 43 28 7 3 13 47 9 25 29 41 26 33 10 39 15 22 10 33 35 21 0 28 18 19 15 31 30 30 29 29 23 23 24 40 25 49 20 27 31 37 38 24 33 41 6 12 12 32 9 12 25 39 15 1 15 20 28 38 20 34 31 35 42 28 21 35 45 28 46 17 13 19 19 28 44 21 9 44 33 27 24 24 20 29 18 12 20 10 24 36 8 26 24
0 45 10 23 4 32 35 15 21 44 30 23 26 27 30 11 46 14 25 23 41 47 16 21 12 22 36 13 45 0 30 30 25 33 32 21 19 9 37 37 21 16 27 25 2 28 7 15 13 39 34 10 4 30 30 40 16 23 24 24 9 42 28 31 11 13 46 35 12 44 17 26 21 17 20 15 17 24 44 17 20 23 25 24 8 26 46 13 36 23 38 20 39 6 19 22 21 34 42 25 32
0 34 12 19 14 39 0 29 19 24 29 37 28 27 3 36 19 27 28 9 41 18 10 25 15 2 19 23 36 18 0 23 19 26 43 33 11 4 39 11 28 39 16 24 35 13 49 16 39 24 25 36 18 15 29 21 37 35 34 36 4 8 13 18 16 1 18 13 40 16 46 40 11 13 13 36 29 12 45 35 28 14 9 13 46 7 16 17 43 18 3 29 32 28 35 43 39 43 10 43 28
0 47 26 29 21 41 20 45 9 23 25 23 44 19 28 8 32 33 9 22 41 17 13 13 21 35 1 45 37 35 33 0 40 24 31 31 39 42 42 30 31 44 15 25 5 16 42 22 10 29 35 7 34 20 27 17 18 38 23 40 19 39 8 10 35 36 21 41 35 27 40 22 25 22 36 35 20 35 37 23 24 36 18 34 7 34 22 12 34 22 10 47 15 37 33 23 3 37 21 19 15
0 37 38 31 29 9 8 30 4 34 48 47 4 27 32 31 20 34 21 37 38 19 17 38 18 31 18 13 40 36 24 2 0 28 43 28 21 16 25 40 32 1 25 27 28 30 25 11 34 27 12 21 25 12 15 4 39 18 26 23 16 19 6 42 26 21 9 34 35 25 17 30 42 20 29 19 28 23 43 42 22 37 35 16 22 44 25 31 22 30 34 34 20 23 35 14 26 16 25 29 29
0 35 18 24 13 35 27 29 13 14 26 19 19 19 36 28 9 25 15 6 35 21 6 46 19 11 48 1 18 23 31 9 27 0 19 32 42 12 23 42 30 20 41 29 34 39 27 13 30 30 39 37 21 32 24 10 28 38 38 15 41 20 38 43 25 28 27 16 38 31 35 39 40 19 15 44 22 32 39 36 23 22 17 39 6 31 28 38 10 12 37 23 17 21 19 34 22 21 34 35 35
0 24 27 21 29 7 27 9 18 18 26 23 20 19 26 17 29 28 26 15 11 18 21 40 36 28 41 39 19 35 1 30 29 35 0 18 23 35 24 13 37 24 7 42 22 14 25 30 28 21 7 12 34 42 29 26 27 23 38 27 40 41 28 17 45 10 28 39 45 14 22 27 22 29 34 13 22 37 21 23 29 9 26 25 13 8 30 6 24 34 29 15 15 35 19 22 13 19 5 27 12
0 26 37 20 25 13 10 9 34 30 33 24 15 27 24 35 37 29 24 4 2 7 17 34 31 22 20 15 7 27 9 31 12 24 23 0 34 12 19 35 23 26 12 33 25 33 15 25 29 40 22 23 26 24 42 13 17 37 7 19 21 44 42 35 26 23 28 38 33 34 10 38 45 32 31 31 14 26 35 18 42 12 12 29 12 13 31 31 36 14 45 14 14 20 26 18 33 3 29 22 11
0 31 32 22 20 22 32 13 33 7 34 21 46 27 29 0 34 23 31 25 8 15 39 31 21 10 11 31 36 38 45 21 30 25 35 3 0 48 15 23 41 32 12 27 37 31 27 12 31 13 16 19 17 45 22 33 16 29 8 11 33 24 35 25 45 9 26 22 23 6 27 3 14 32 10 33 30 26 30 15 15 20 24 40 7 26 22 24 21 27 34 28 3 38 32 15 6 38 24 22 28
0 29 20 4 39 21 31 26 32 17 37 5 20 36 25 2 32 33 8 16 34 31 35 15 29 16 42 33 45 32 10 23 38 40 4 15 30 0 41 16 12 43 19 14 21 26 25 30 13 45 9 16 29 23 9 33 25 46 15 42 16 16 16 23 21 25 34 14 32 43 20 18 22 17 45 38 27 36 17 36 23 26 37 26 26 10 34 33 16 11 17 30 30 26 33 27 32 36 34 26 32
0 41 10 34 14 25 35 22 21 42 35 19 19 19 36 12 33 21 33 7 27 39 6 46 21 6 32 5 15 34 33 14 33 40 48 35 38 16 0 12 3 22 12 22 0 31 26 36 27 21 13 36 10 27 29 14 36 21 28 21 38 25 46 20 15 25 19 27 24 44 24 34 31 34 37 20 44 36 26 18 23 34 33 9 11 20 19 10 35 24 15 39 38 33 19 26 20 30 23 7 43
0 39 32 15 29 14 30 33 42 13 21 10 26 18 13 29 31 24 14 18 15 20 22 33 8 17 14 1 34 18 30 8 29 40 15 3 10 21 16 0 18 24 24 33 40 32 22 27 21 21 26 25 39 44 18 14 23 24 16 14 36 21 31 38 46 29 17 19 25 35 40 29 25 14 39 12 27 22 11 1 31 28 12 30 12 24 24 30 24 28 29 11 36 21 20 23 22 32 34 19 8
0 42 34 22 31 12 35 41 16 25 26 28 12 23 34 1 34 17 36 21 46 25 24 19 20 44 18 32 18 19 28 2 22 8 32 19 34 4 27 22 0 9 16 25 43 34 42 29 34 33 37 21 17 31 17 31 26 4 37 23 41 16 33 35 26 14 35 11 36 18 27 13 24 41 14 28 33 45 17 23 31 11 21 11 40 20 22 21 13 16 26 26 30 26 36 17 36 17 20 36 7
0 22 17 9 29 23 40 13 43 39 40 37 19 45 32 23 20 35 22 13 40 16 31 45 10 9 10 26 31 39 16 41 25 19 22 25 39 12 46 31 22 0 22 47 25 25 9 27 15 25 20 25 21 18 22 20 24 8 28 16 12 42 25 22 40 29 12 16 26 32 17 15 14 28 31 36 33 41 34 26 42 18 7 28 15 16 4 31 5 35 22 36 24 22 34 33 45 19 25 31 4
0 31 16 18 40 7 19 29 27 9 27 26 9 30 41 17 7 15 8 12 37 21 34 35 21 32 34 31 31 33 26 30 22 25 36 28 26 34 45 24 20 22 0 47 12 15 44 23 9 9 24 33 21 5 36 33 24 13 34 26 40 29 22 37 43 22 25 21 0 11 46 15 17 20 33 13 30 10 25 24 37 34 39 30 18 44 40 13 39 30 25 13 24 16 33 28 40 25 3 14 11
0 17 23 42 28 46 31 21 29 20 42 21 22 29 29 24 14 8 33 34 44 17 15 19 29 39 31 46 3 25 25 28 33 15 41 21 48 14 32 26 13 18 27 0 21 18 29 35 19 24 33 5 19 31 18 10 19 33 5 25 31 43 21 30 25 37 13 23 26 0 26 16 20 39 25 33 32 33 22 34 36 5 30 40 27 28 36 33 22 17 9 13 2 41 13 16 30 49 28 15 25
0 24 39 38 28 21 43 31 34 10 48 36 9 26 27 42 25 14 26 22 4 20 40 31 22 20 10 19 28 27 37 42 13 19 43 4 27 28 40 37 26 23 24 16 0 31 23 17 12 14 20 34 46 25 10 28 19 5 33 22 43 21 28 37 35 4 12 30 8 17 38 18 28 19 29 31 28 44 7 26 19 7 21 14 39 25 31 17 32 6 32 27 30 22 33 5 31 44 9 20 47
0 27 32 9 38 13 20 27 4 24 20 36 35 29 35 14 10 12 17 28 3 38 42 40 18 22 9 32 37 45 19 29 12 7 25 41 9 35 20 9 33 24 15 39 36 0 47 37 13 36 23 31 44 11 30 22 25 25 8 19 14 20 15 18 38 22 28 34 39 23 26 3 41 29 20 13 47 31 25 31 12 28 31 34 12 18 43 20 24 16 24 29 25 23 23 39 39 13 44 37 30
0 20 16 47 24 11 22 40 23 13 26 35 34 25 15 22 35 33 44 15 31 8 26 5 31 25 13 23 29 7 43 2 32 16 15 10 8 42 24 29 21 25 7 29 24 33 0 11 4 26 37 18 36 26 25 23 47 43 39 20 40 12 11 9 29 14 5 26 27 18 24 12 27 21 16 1 45 18 27 41 31 7 9 25 8 35 41 23 33 29 37 12 24 27 21 28 8 35 26 38 22
0 26 20 26 18 35 8 17 29 12 38 29 24 26 39 22 34 40 9 39 31 9 43 17 23 35 26 3 20 22 43 43 36 19 10 29 26 31 27 39 19 36 23 26 12 12 39 0 31 34 23 32 14 45 38 23 42 26 22 13 24 19 28 20 17 34 14 26 3 27 25 21 1 28 27 27 40 40 8 28 18 25 15 46 32 23 20 17 46 29 26 7 28 16 23 21 31 16 12 23 28
0 21 45 27 34 7 30 34 9 5 25 27 35 37 28 42 35 26 29 35 36 29 42 30 28 27 32 25 9 27 29 15 5 21 22 38 24 38 16 47 32 19 23 37 31 23 21 19 0 25 20 30 39 38 13 16 33 39 20 22 30 9 40 3 29 18 19 26 39 27 24 37 18 6 42 28 12 33 6 38 34 24 34 40 38 29 49 22 40 13 18 30 19 26 35 29 27 8 24 18 18
0 15 37 32 23 26 31 23 20 34 27 18 5 35 40 16 27 22 38 13 7 18 23 24 11 27 4 17 20 25 25 41 39 16 26 11 19 45 8 32 38 46 1 18 29 40 27 9 7 0 21 15 36 28 27 31 8 30 19 17 14 30 36 31 25 9 16 26 9 12 3 15 19 22 14 32 21 13 46 5 27 23 14 39 35 22 19 35 17 21 27 6 33 30 25 27 25 25 11 38 23
0 34 31 30 40 40 28 22 30 11 16 27 19 30 15 38 30 30 30 22 35 44 42 40 1 17 19 28 30 41 18 27 43 12 24 40 9 29 44 25 33 23 36 17 28 14 22 49 11 11 0 8 33 36 22 21 19 33 29 24 22 22 19 28 42 17 30 48 19 24 22 23 48 44 16 6 4 33 35 8 34 46 18 35 42 25 31 33 24 28 6 29 26 15 2 22 18 20 11 29 11
0 17 34 22 17 30 2 33 19 24 25 36 17 7 6 23 40 42 38 25 12 41 21 27 3 15 16 30 36 27 25 17 45 29 42 34 11 2 22 38 29 39 21 33 39 28 33 14 9 21 42 0 37 20 26 26 35 47 30 12 32 26 29 39 42 4 24 23 4 27 32 22 2 28 37 44 19 16 35 22 33 21 33 17 7 29 13 21 14 34 30 31 17 32 9 28 11 4 30 35 49
0 19 1 18 42 11 45 33 13 23 11 36 19 25 18 16 1 32 17 19 33 28 34 35 12 10 20 32 22 25 21 28 17 49 13 8 31 27 37 11 36 36 48 45 11 18 31 17 12 39 34 43 0 24 18 30 24 30 32 21 35 5 30 20 32 33 14 18 20 23 14 27 14 24 43 28 27 36 14 21 18 3 15 23 27 34 16 32 1 16 34 42 27 31 38 36 22 23 35 11 44
0 25 27 29 9 32 20 31 27 14 22 3 36 24 37 46 47 21 37 25 40 8 15 22 31 27 16 44 22 23 21 26 31 34 22 20 13 33 45 6 37 18 32 36 22 35 28 25 21 9 2 37 19 0 11 44 22 33 29 37 17 44 21 45 35 15 8 28 12 21 40 29 31 45 30 9 14 22 38 33 43 21 18 28 8 17 3 41 29 29 47 27 19 25 10 17 17 28 22 13 27
0 11 28 10 11 33 9 37 18 44 29 24 17 28 16 26 16 22 45 26 28 26 30 18 26 24 30 31 11 19 43 12 35 7 21 25 19 39 41 41 17 22 27 32 29 23 32 29 3 14 4 42 40 29 0 11 26 39 28 11 34 15 9 28 12 20 41 15 29 26 36 34 41 21 37 35 38 11 15 30 6 24 29 25 41 8 35 20 21 10 21 17 27 13 36 31 22 39 39 40 28
0 27 7 46 31 18 24 19 27 37 23 10 5 20 18 38 38 22 41 41 36 24 18 21 4 14 6 29 23 49 37 23 24 2 20 31 32 27 20 48 25 29 26 31 18 8 28 18 21 13 20 29 21 16 32 0 21 24 24 5 28 17 10 8 34 11 2 35 14 23 19 24 37 19 0 29 43 4 20 8 22 5 15 26 29 16 19 28 30 15 33 21 24 20 14 11 38 4 14 24 15
0 44 12 15 10 37 4 17 27 21 23 15 27 14 31 20 28 10 16 27 21 41 23 30 46 12 30 24 25 23 7 24 22 14 29 28 27 42 38 8 32 40 24 22 45 25 29 17 19 23 18 28 41 37 14 32 0 12 25 49 18 42 15 49 0 22 26 36 19 15 28 49 37 23 10 11 39 10 24 25 24 25 25 23 8 42 26 39 16 25 43 19 26 15 35 34 14 29 29 36 22
0 15 26 23 14 33 35 18 22 30 28 27 26 17 42 8 9 18 19 21 24 11 41 35 29 5 26 28 25 30 43 30 20 13 10 37 19 22 18 31 29 17 27 31 20 27 41 22 39 10 24 48 44 26 10 0 20 0 8 13 32 38 24 21 26 26 15 27 29 39 45 16 17 39 19 47 19 28 27 26 31 29 43 27 19 21 36 21 32 39 47 24 23 37 9 41 23 18 42 25 16
0 29 21 32 21 17 5 22 23 43 34 42 42 27 29 14 37 19 21 33 16 19 13 13 26 12 24 41 6 37 36 30 41 21 37 26 38 21 29 33 36 26 49 44 29 36 28 17 22 21 34 31 25 33 18 20 26 24 0 24 36 18 22 26 39 26 8 26 26 19 42 29 42 17 18 31 27 15 34 20 18 4 24 43 34 39 44 22 22 37 19 31 21 46 35 22 22 40 21 34 7
0 23 20 12 34 25 42 22 18 9 30 24 46 29 25 19 19 20 17 26 20 18 33 43 20 22 32 11 18 35 40 25 17 44 15 17 29 15 28 38 29 33 22 22 36 31 4 33 22 28 31 8 18 26 26 12 22 42 23 0 30 43 46 26 4 17 17 21 6 9 11 12 16 18 29 29 30 36 25 33 22 12 16 10 16 25 25 29 20 36 5 29 2 14 11 28 17 17 21 42 1
0 28 34 14 12 16 29 36 4 22 7 5 36 21 1 21 28 8 12 27 28 37 25 25 26 22 27 26 13 18 36 43 35 44 11 30 9 37 37 27 19 19 31 24 44 4 30 7 14 35 24 21 44 40 44 34 14 26 19 27 0 28 0 23 38 17 23 22 18 33 49 25 8 23 15 18 24 17 38 8 9 25 15 11 28 28 24 21 29 15 27 20 41 44 19 22 30 34 21 43 18
0 47 37 19 13 25 9 22 34 20 34 26 26 15 33 20 45 28 16 27 22 22 19 20 31 37 34 13 17 29 27 16 37 16 48 42 20 10 25 20 29 0 23 23 36 16 40 25 22 34 31 7 41 36 37 32 18 11 20 27 38 0 26 27 21 35 10 24 41 15 33 27 18 40 32 19 37 20 45 6 37 20 26 26 19 22 39 26 34 39 18 20 42 26 17 20 28 15 27 18 26
0 38 28 35 23 15 21 31 31 25 38 13 10 16 18 16 12 14 39 20 28 21 36 29 22 37 1 15 12 14 10 5 34 47 33 29 33 40 24 23 29 20 38 23 8 41 28 27 32 19 37 43 33 15 18 28 30 27 22 21 17 29 0 27 18 12 3 32 37 24 27 46 22 27 39 3 32 13 26 24 37 16 47 20 23 37 21 41 33 31 28 29 15 10 12 29 33 22 29 32 25
0 23 8 36 28 22 27 36 27 30 34 23 25 44 11 7 28 23 33 7 21 24 19 11 9 17 17 5 17 8 24 18 31 4 34 19 22 18 20 36 29 24 3 45 16 30 21 4 18 46 28 28 30 19 20 24 17 17 49 31 31 45 21 0 34 23 30 27 19 31 19 4 42 24 24 21 43 23 23 23 11 29 3 24 12 45 36 13 38 45 32 36 36 44 13 18 32 22 25 15 32
0 33 36 32 23 25 20 34 14 20 6 27 20 32 23 32 29 41 41 23 29 30 19 32 30 33 20 36 20 29 18 27 29 49 24 8 16 12 43 11 24 29 31 3 30 35 11 38 28 24 27 17 21 23 10 14 25 5 27 30 28 42 29 31 0 27 23 26 1 39 35 38 43 39 43 6 26 16 33 30 48 37 5 8 31 19 21 36 18 31 15 20 31 38 6 11 40 27 6 31 8
0 33 24 29 20 5 16 42 6 23 17 22 40 27 9 41 24 18 15 31 42 14 20 34 20 4 20 31 17 24 23 27 28 23 21 32 6 16 34 45 33 18 26 22 2 47 20 17 26 6 10 21 46 16 17 17 16 26 25 10 29 48 25 29 30 0 25 33 24 12 29 16 20 10 37 8 34 14 44 5 46 30 2 9 9 24 32 18 16 28 3 30 14 30 22 40 38 20 35 21 36
0 19 14 15 30 21 49 32 21 41 42 26 17 30 39 25 34 28 8 29 16 27 23 13 24 17 41 14 37 11 17 47 37 8 30 34 29 29 30 41 24 25 11 36 23 19 22 26 22 27 34 19 49 8 13 29 32 16 5 25 19 11 43 24 23 14 0 10 37 19 31 14 25 15 26 20 32 25 12 20 31 22 9 26 15 25 34 26 20 11 28 8 36 21 16 1 24 23 36 17 13
0 10 35 7 29 38 24 36 37 36 38 17 23 34 12 23 14 31 43 45 24 30 25 28 26 18 32 30 41 39 30 21 25 24 34 30 40 39 26 19 27 29 30 17 13 15 43 21 30 21 15 22 24 26 8 7 5 27 12 21 27 7 39 11 18 12 23 0 33 14 15 24 20 21 30 17 40 15 14 13 22 23 23 14 34 8 26 8 22 49 40 23 18 27 42 9 19 24 14 15 31
0 23 12 24 37 20 4 43 22 38 4 16 37 43 47 8 39 23 19 14 20 32 27 21 14 20 24 31 14 48 26 40 27 34 26 15 16 39 16 35 26 32 29 14 7 17 26 6 17 26 23 18 15 36 36 6 29 14 11 29 25 10 28 39 30 24 35 31 0 20 29 17 30 12 23 25 24 17 9 14 33 23 7 22 11 27 24 29 9 32 21 46 14 38 24 36 37 24 17 24 44
0 12 30 10 2 12 23 28 19 3 12 35 21 17 17 20 29 41 10 31 27 39 16 10 18 9 6 23 21 32 34 21 19 29 0 41 42 26 17 18 32 22 37 10 47 49 32 22 38 26 11 30 20 22 39 21 41 21 12 28 23 32 6 21 21 21 30 36 30 0 23 27 34 14 28 21 25 12 36 10 28 18 32 48 43 27 26 24 16 15 29 23 14 46 27 42 20 43 28 12 15
0 41 5 43 41 47 26 31 30 32 23 24 18 22 19 14 19 28 7 30 13 42 9 39 30 27 38 29 22 18 15 28 31 42 21 28 46 1 31 18 16 21 32 17 42 26 23 36 36 10 39 14 24 7 26 36 10 16 13 22 33 12 32 47 32 36 34 19 22 39 0 17 14 22 25 24 25 18 48 29 22 24 32 29 23 34 27 25 14 8 29 29 23 25 12 25 20 21 37 17 35
0 26 48 40 22 19 38 48 23 17 9 22 20 21 44 25 43 33 38 13 33 36 30 25 18 14 33 27 10 41 11 19 30 0 31 25 18 9 42 34 22 34 7 31 23 36 7 15 25 8 31 23 19 19 8 7 8 27 36 21 24 9 27 8 38 22 34 41 2 12 3 0 6 16 28 23 21 11 35 19 17 6 22 27 19 27 32 44 10 0 29 7 10 16 35 39 10 39 19 37 45
0 45 15 27 47 32 31 31 10 4 16 28 24 29 6 34 36 45 37 29 17 15 10 36 43 29 13 24 19 23 15 25 28 7 13 6 33 28 27 9 34 29 11 15 13 39 44 19 46 32 32 37 26 20 25 43 18 24 5 8 23 31 30 0 27 20 34 29 37 29 32 21 0 49 23 44 10 43 45 24 35 28 24 45 29 17 35 22 7 28 38 30 38 20 32 15 30 39 16 29 21
0 30 26 18 22 35 20 28 33 5 42 35 31 26 31 9 21 30 36 33 15 24 24 30 31 35 30 24 8 23 22 9 29 15 23 44 42 34 23 19 49 44 36 20 31 13 38 16 9 37 25 26 41 8 31 18 16 37 18 25 13 5 23 34 18 23 2 28 41 19 27 32 23 0 37 20 32 29 24 32 32 19 17 3 45 15 45 38 24 23 39 31 16 18 0 17 22 20 10 34 10
0 33 27 20 5 3 16 42 35 8 25 24 17 5 24 41 15 27 28 26 31 19 26 15 8 17 22 5 24 20 40 40 10 13 11 38 37 13 26 17 22 25 33 2 35 22 21 19 31 15 18 31 32 26 27 26 27 27 14 34 33 45 41 41 17 37 4 16 32 16 10 28 15 26 0 40 13 32 17 14 23 30 37 39 19 15 37 32 20 16 47 28 32 19 16 21 15 36 20 26 27
0 5 4 27 43 24 28 9 48 27 39 30 38 25 31 15 32 3 23 16 19 15 18 36 24 10 9 18 13 33 27 28 40 25 7 31 24 18 3 15 2 9 14 21 19 35 33 27 24 28 32 17 42 33 34 19 20 21 42 21 40 16 19 45 30 21 32 28 28 37 36 41 22 42 24 0 7 27 39 21 28 12 12 37 9 24 29 37 10 34 19 21 12 27 20 21 25 43 40 32 39
0 37 3 13 30 2 20 9 48 34 32 36 18 20 25 45 32 21 39 33 19 25 7 21 10 12 26 27 22 9 26 45 37 14 7 31 39 37 43 36 15 20 23 24 48 9 31 38 23 39 35 30 30 25 19 0 47 31 29 1 22 7 19 12 47 33 2 26 39 10 7 32 13 34 26 31 0 14 28 41 14 18 6 6 38 27 12 25 23 40 31 22 15 31 45 44 37 31 22 27 21
0 28 25 14 12 44 28 4 36 14 18 9 39 20 8 35 35 29 31 46 38 40 27 36 33 20 37 35 14 10 17 21 41 19 7 13 43 14 23 22 42 16 24 33 23 17 35 8 22 26 20 13 8 37 29 35 34 41 16 16 24 35 13 37 47 42 29 45 34 18 25 11 25 42 35 19 8 0 19 35 11 25 25 1 13 43 36 12 19 32 26 0 30 25 24 31 35 16 13 18 10
0 23 28 9 19 42 24 20 25 25 27 35 32 17 25 47 29 37 37 17 34 39 27 21 47 27 37 25 21 31 43 12 25 32 38 17 14 5 15 24 40 19 35 44 34 17 17 34 32 21 33 30 19 29 34 28 11 30 30 6 43 36 17 21 37 25 33 28 2 33 31 35 13 37 37 23 43 41 0 24 4 26 17 17 15 12 30 5 24 39 48 15 27 30 17 10 25 14 40 21 10
0 40 27 37 39 20 42 29 21 23 12 8 27 31 27 45 43 34 12 23 30 20 38 31 37 38 12 13 22 26 37 34 5 30 24 32 24 40 30 22 21 31 35 3 8 13 16 15 38 20 28 12 33 37 23 14 17 13 27 18 36 35 30 2 16 21 8 16 26 21 28 13 30 30 28 24 47 29 31 0 23 18 29 27 18 28 20 29 44 22 9 31 18 23 5 30 29 27 4 16 43
0 31 32 20 17 18 32 17 32 1 33 25 31 37 21 31 25 36 26 19 21 33 10 11 31 36 19 35 29 38 12 27 15 28 32 24 6 38 21 24 11 18 23 31 3 37 29 28 35 33 18 18 37 26 19 14 20 39 45 5 22 3 33 10 29 19 33 12 13 41 32 14 22 14 17 5 29 30 6 16 0 26 15 37 32 31 36 15 36 37 21 35 6 30 39 7 6 31 16 21 4
0 28 13 25 7 13 18 22 33 27 19 41 9 21 32 10 44 19 44 2 24 27 17 33 26 48 3 20 28 11 37 28 9 37 25 12 23 21 49 29 28 31 22 26 20 6 3 12 33 16 15 4 13 7 27 44 27 21 25 33 14 34 44 35 23 37 31 31 26 9 29 46 27 23 14 3 40 35 37 7 17 0 40 33 14 24 13 28 10 37 17 12 31 8 7 20 19 33 42 26 16
0 17 26 8 23 23 27 30 8 19 18 28 28 43 7 26 19 31 28 40 42 42 19 9 6 42 20 19 5 40 21 20 19 21 25 41 17 21 28 33 14 23 39 22 17 8 20 21 10 19 8 31 33 21 31 43 10 30 20 33 27 30 24 36 32 30 28 7 18 30 25 20 10 10 19 8 21 24 20 5 16 7 0 11 40 34 23 43 44 25 27 45 39 27 23 34 23 24 14 10 14
0 8 18 26 8 35 26 21 42 18 13 21 24 26 49 45 13 13 5 32 44 16 9 6 23 37 34 4 11 38 31 29 8 33 26 20 33 36 40 16 8 14 20 26 31 9 43 20 34 36 28 21 21 19 29 20 9 29 32 22 45 15 31 47 21 17 1 16 24 6 36 20 32 18 45 38 13 13 16 21 35 12 32 0 39 34 39 28 32 6 3 42 7 19 32 6 27 17 23 14 22
0 29 34 32 9 29 48 26 28 33 48 14 10 11 20 19 17 20 20 13 41 45 16 25 25 28 34 26 31 21 20 19 21 10 12 36 6 34 25 16 29 2 36 36 17 42 12 36 22 33 7 10 28 14 32 19 14 46 25 29 1 18 32 48 25 36 7 33 12 33 11 27 18 45 10 18 34 22 26 12 27 34 27 32 0 17 16 32 16 37 9 17 48 17 29 11 35 23 25 32 29
0 43 32 37 14 21 36 23 17 19 36 18 18 30 38 11 9 7 31 24 29 26 20 40 21 13 46 28 15 29 24 20 23 19 32 5 30 7 28 10 47 16 24 33 24 34 24 9 20 20 27 36 38 31 45 15 8 10 33 18 9 19 43 41 7 18 22 4 12 29 6 17 31 35 36 24 39 34 33 28 10 7 33 32 19 0 44 22 20 27 16 38 19 29 30 22 26 12 6 21 1
0 45 30 16 38 17 36 14 29 26 10 18 4 30 22 19 11 33 13 3 16 21 25 38 25 45 49 22 39 40 12 36 12 37 35 19 18 7 17 13 9 36 32 9 36 36 46 27 19 29 36 19 32 8 23 20 32 23 18 28 20 30 22 20 23 34 20 34 44 26 39 16 27 21 19 21 26 33 27 0 17 32 24 21 14 15 0 18 40 18 25 4 7 29 28 40 42 22 2 19 17
0 12 10 38 36 37 30 12 48 43 27 15 45 27 4 22 23 24 47 28 44 38 45 34 16 33 22 41 31 33 14 17 37 12 32 20 10 45 10 13 0 24 20 29 27 15 17 19 19 33 29 36 23 41 47 16 47 19 38 30 37 31 7 29 45 22 46 29 35 20 23 16 17 19 11 38 32 23 34 14 25 6 36 17 20 17 16 0 20 4 45 27 19 3 33 13 29 26 20 45 15
0 31 19 23 9 35 17 4 27 35 42 26 20 19 24 40 31 28 28 14 47 31 23 27 30 35 11 5 22 18 18 11 32 29 28 19 19 36 19 23 22 34 16 19 7 20 10 16 16 20 31 29 29 34 45 17 27 29 12 36 24 20 40 48 22 45 30 22 34 28 34 5 16 30 30 34 40 31 17 41 38 26 22 26 12 22 13 15 0 43 14 20 21 41 34 18 11 36 31 24 24
0 4 5 29 24 11 33 38 26 21 26 8 27 38 39 20 26 28 8 17 40 6 11 20 37 18 37 22 26 8 13 34 14 12 34 33 35 6 19 35 2 39 14 1 33 31 32 16 12 28 24 31 1 19 34 26 47 6 27 30 29 27 38 44 2 12 18 18 9 16 27 22 38 23 30 34 31 7 38 25 25 28 30 30 16 46 14 38 16 0 11 39 30 24 41 34 47 33 13 11 8
0 39 26 31 34 31 13 34 33 29 20 8 39 27 21 22 4 6 20 30 26 28 22 17 5 22 21 14 28 33 29 23 26 27 13 32 11 25 37 14 33 31 27 45 48 16 9 36 45 26 21 15 13 27 31 16 32 2 6 27 5 34 30 10 25 27 6 35 21 21 22 32 23 49 31 16 23 28 13 20 21 25 15 31 33 44 18 18 23 12 0 19 26 31 13 28 37 31 19 21 34
0 12 14 33 20 10 25 15 37 18 44 36 19 28 25 31 37 35 43 35 28 18 7 20 6 24 33 15 22 34 26 17 10 46 24 43 15 19 22 35 20 29 25 1 33 28 10 13 29 39 24 30 14 10 9 6 32 19 28 11 18 16 27 35 25 32 33 38 15 29 23 31 32 36 20 33 8 27 23 34 24 17 12 12 22 27 9 23 28 23 34 0 15 31 18 31 8 41 17 16 2
0 28 22 41 32 29 22 38 31 28 30 26 10 33 37 27 34 25 15 24 33 29 18 40 49 21 29 13 17 33 30 37 46 22 17 19 14 32 19 19 30 12 12 26 11 1 27 15 24 24 38 19 19 30 36 18 40 7 49 16 15 34 29 26 41 46 36 37 35 21 33 39 31 35 5 5 26 38 41 11 25 38 28 31 8 30 19 35 29 11 12 28 0 29 41 42 36 34 13 24 25
0 44 37 41 33 11 16 31 37 35 16 27 19 29 35 21 8 26 16 37 22 44 2 9 14 17 33 29 47 21 40 20 11 33 25 34 8 25 14 29 16 20 21 30 13 2 23 35 14 9 17 34 18 32 28 34 36 44 15 18 34 9 22 41 21 38 37 48 28 26 48 3 14 9 8 26 34 19 14 23 2 33 20 34 20 2 41 19 28 23 34 31 32 0 41 34 13 26 7 32 27
0 39 42 19 44 30 6 20 13 20 31 17 30 15 35 13 6 30 42 18 10 5 14 40 11 40 22 25 13 34 23 12 25 27 33 21 32 39 29 35 15 21 11 40 29 16 40 27 33 25 11 34 43 21 38 8 43 41 35 40 45 19 21 25 35 49 38 1 17 45 23 37 24 21 8 10 35 42 19 25 15 33 44 27 23 24 30 23 24 30 21 36 41 8 0 27 24 31 41 40 31
0 9 16 17 35 24 29 21 22 9 14 8 34 42 18 16 25 17 11 9 28 4 22 48 20 32 34 17 1 18 25 40 30 18 26 24 24 29 36 11 26 16 34 35 4 35 18 15 11 8 22 31 45 25 17 37 4 7 19 25 40 17 20 38 17 36 4 20 34 28 13 18 29 0 29 27 11 39 36 38 23 35 27 35 42 21 37 31 40 24 43 40 17 37 38 0 30 6 23 36 30
0 31 31 25 32 14 40 19 23 22 36 15 3 28 26 17 44 15 25 37 18 9 15 44 14 23 33 35 8 27 7 24 14 36 41 24 31 32 11 13 6 49 12 14 25 35 28 9 17 12 36 32 35 42 20 31 26 27 22 17 42 15 18 38 39 34 16 23 22 5 12 11 29 43 6 17 23 17 43 15 16 19 7 23 28 15 28 25 19 41 26 30 21 30 42 38 0 39 32 32 21
0 17 32 24 16 27 11 34 32 36 28 22 17 20 5 24 42 43 29 34 22 27 14 30 41 13 27 39 17 37 10 3 33 24 33 11 40 37 34 20 10 22 10 39 9 30 34 26 18 17 35 28 22 29 16 21 15 24 30 17 39 23 35 1 36 19 43 37 27 14 21 31 26 16 22 40 21 36 47 45 18 47 42 40 24 23 37 27 36 43 46 35 36 24 27 43 15 0 28 46 16
0 32 18 27 24 11 2 11 26 48 30 43 11 33 37 21 30 21 2 36 16 41 38 15 16 27 42 13 31 29 35 29 28 34 6 20 23 17 17 16 8 6 4 26 19 29 14 32 25 25 29 17 8 37 18 9 29 7 20 20 33 15 14 25 20 34 29 24 40 16 10 21 24 42 16 11 29 24 7 9 40 32 45 33 21 36 27 26 39 24 38 35 45 36 39 30 11 22 0 40 5
0 17 18 27 21 25 22 25 5 29 26 33 19 14 30 23 21 27 24 7 12 31 37 27 36 30 38 29 20 31 47 25 19 21 18 43 37 32 32 22 35 37 26 11 2 28 19 16 33 30 5 24 21 24 37 16 21 17 30 28 12 16 8 26 9 0 29 38 30 20 26 17 19 11 36 19 22 32 42 37 23 25 42 11 39 5 17 17 4 18 28 23 24 13 31 31 5 13 17 0 25
0 16 36 34 26 21 39 9 37 29 27 8 29 31 28 17 39 37 25 42 13 33 30 32 30 29 40 16 12 33 37 20 15 27 26 24 35 7 21 45 13 30 25 36 19 9 38 26 34 38 29 14 37 38 18 16 19 23 38 24 3 23 14 17 37 9 30 15 15 41 31 15 33 17 26 20 24 27 27 20 41 7 39 32 0 23 18 35 22 26 11 27 9 23 23 5 11 11 26 19 0
