100 4
1 995 5 10
1 1609 3 9
3 1415 5 9
3 1593 4 8
2 1217 9 5
3 1282 5 4
4 559 7 5
6 922 2 6
6 863 8 6
9 1240 10 7
7 609 3 5
12 395 9 8
15 1396 7 10
19 1041 9 10
12 771 1 6
24 1004 8 10
22 1113 7 8
27 982 7 9
13 720 8 4
33 1428 5 10
35 604 6 10
35 1013 9 9
39 534 8 10
28 1311 6 7
16 401 8 4
38 960 3 9
30 1546 6 6
27 1090 6 5
27 600 3 5
27 391 7 5
44 1475 4 8
34 692 7 6
52 714 9 9
35 705 8 6
37 483 3 6
60 995 9 9
27 1386 4 4
42 947 9 6
14 681 3 2
64 1106 2 9
56 1022 10 7
80 1579 5 10
16 1027 2 2
72 1227 8 9
78 1553 5 9
53 858 3 6
89 1141 7 10
91 852 2 10
46 753 1 5
28 957 4 3
86 911 6 9
97 902 6 10
40 660 5 4
54 490 5 5
95 1062 1 8
60 1299 2 5
48 768 7 4
96 1362 8 8
74 814 9 6
26 754 1 2
78 994 4 6
53 1140 2 4
93 1558 7 7
94 943 4 7
54 1075 9 4
84 1086 9 6
56 571 3 4
57 590 5 4
86 500 9 6
29 1336 5 2
89 528 6 6
75 422 1 5
46 901 1 3
31 652 9 2
31 981 8 2
47 1004 5 3
63 1409 3 4
68 470 5 4
70 1354 8 4
18 448 3 1
97 885 10 5
20 1384 5 1
45 1606 8 2
46 759 4 2
93 466 9 4
100 1147 10 4
76 1312 7 3
81 778 7 3
55 1035 8 2
86 814 5 3
92 972 7 3
94 500 3 3
100 1045 6 3
80 537 6 2
83 463 9 2
100 549 7 2
61 658 6 1
62 1256 1 1
75 1523 1 1
75 1222 7 1
SETUP
0 22 24 30 4 34 27 23 12 13 24 22 21 20 25 19 37 30 40 13 16 14 30 31 13 29 32 31 11 29 6 24 31 36 24 25 24 8 23 26 5 26 31 33 18 15 27 38 39 30 26 24 6 40 30 2 19 33 46 16 22 8 27 20 29 17 24 28 35 17 30 35 24 40 22 42 15 45 47 10 34 37 26 37 40 24 38 13 20 21 28 10 34 5 29 36 11 41 26 12 13
0 0 24 20 31 20 16 25 28 11 20 8 32 38 11 17 5 13 39 32 17 33 26 13 34 10 19 24 9 23 34 20 36 34 24 26 21 13 23 33 27 30 33 40 22 21 26 24 42 47 31 17 38 43 19 18 32 46 28 23 10 23 34 3 46 41 22 12 40 21 9 43 31 45 46 15 23 23 30 37 12 24 25 33 30 41 29 6 34 13 19 8 33 20 18 11 42 5 37 45 44
0 26 0 14 19 50 27 13 12 0 27 48 20 13 8 20 5 32 23 18 20 21 41 22 24 23 12 35 20 38 23 18 16 34 44 36 11 24 22 23 28 41 28 9 27 1 12 6 26 46 22 18 22 17 36 43 22 22 36 9 24 21 36 10 7 16 23 25 45 22 29 34 10 34 2 26 15 29 41 13 15 26 4 36 11 27 40 16 15 13 10 32 24 23 45 20 44 20 13 39 37
0 6 16 0 24 30 34 34 31 20 20 39 16 42 23 19 26 24 29 22 39 43 30 24 15 30 38 18 28 33 30 36 40 28 31 22 19 11 45 25 33 35 30 26 20 41 18 20 13 35 19 11 41 28 34 24 10 14 24 16 25 48 21 9 12 31 8 23 35 31 35 23 10 23 11 35 20 11 8 31 22 16 14 17 38 32 16 31 31 14 46 29 10 22 21 13 18 36 8 9 28
0 20 18 26 0 14 2 15 32 5 20 42 15 35 29 21 31 16 14 21 15 19 34 5 38 3 33 13 33 25 20 26 37 21 10 40 48 24 19 24 21 1 31 22 23 21 22 6 29 44 47 22 15 26 31 13 23 40 8 8 36 6 26 12 16 39 29 14 21 10 23 39 30 20 38 30 30 27 22 44 42 33 31 25 32 24 22 19 29 6 49 29 36 15 30 9 16 18 13 14 29
0 40 22 30 23 0 30 17 29 12 30 31 29 39 37 48 26 29 34 32 41 27 44 2 32 2 27 29 10 28 18 20 42 16 28 30 23 11 31 33 30 15 45 34 39 20 27 49 20 27 43 9 26 18 42 29 34 32 18 25 44 17 31 37 30 30 27 33 25 21 25 24 46 17 12 14 26 40 14 15 45 37 13 15 39 45 28 14 27 19 38 7 7 17 20 47 22 10 6 30 33
0 36 36 34 15 10 0 27 17 20 16 12 1 45 18 28 32 19 36 43 24 43 35 38 17 17 43 28 21 12 25 2 18 20 15 28 19 36 27 19 27 20 23 30 37 28 22 22 41 23 27 4 33 9 27 6 30 25 39 33 37 32 20 20 48 37 41 23 43 7 20 15 7 34 36 18 32 14 24 24 28 24 27 36 39 17 41 31 37 34 8 38 6 43 14 36 43 39 41 19 26
0 39 45 13 6 34 22 0 13 21 46 25 11 14 45 23 16 21 46 9 37 5 19 17 40 26 37 16 41 13 34 2 32 38 24 39 21 19 21 26 32 10 4 12 33 8 16 23 19 33 21 48 15 30 38 23 3 25 32 36 10 37 1 33 32 13 8 31 37 24 36 27 25 8 39 44 9 40 23 17 26 26 22 24 38 9 26 31 33 16 33 39 31 31 19 30 39 15 46 35 14
0 17 26 16 8 29 16 22 0 14 15 34 41 36 46 36 20 24 17 32 22 24 24 26 42 7 34 29 13 12 42 29 14 38 7 31 32 31 36 33 37 31 22 14 24 26 11 20 4 20 41 35 14 31 28 32 26 23 39 12 35 10 27 13 22 44 22 15 31 18 20 29 26 38 24 27 23 26 39 29 15 25 13 9 20 44 22 18 16 6 21 29 16 2 23 8 28 22 26 11 22
0 27 30 26 22 13 46 11 38 0 36 25 13 31 43 48 23 31 2 15 29 3 24 17 23 16 23 15 33 13 23 42 34 26 49 20 11 17 18 20 22 30 3 31 4 7 49 20 36 24 22 24 42 46 43 9 8 15 35 29 11 18 13 44 21 48 31 29 14 30 5 46 17 37 10 43 33 31 8 19 27 20 18 37 43 40 30 19 8 13 40 28 29 9 35 15 28 28 17 17 17
0 12 4 25 9 41 32 10 17 8 0 13 5 26 15 32 31 32 30 4 29 27 27 10 34 49 24 42 20 43 34 14 4 34 16 26 42 7 41 11 36 33 31 28 29 20 30 15 28 17 8 25 43 21 31 21 30 17 7 39 10 24 30 19 20 27 36 43 18 23 19 30 23 28 34 47 33 13 32 27 14 32 32 32 36 20 29 25 15 41 24 49 16 20 28 15 9 6 18 10 33
0 33 22 13 43 34 21 26 37 15 26 0 31 39 32 24 19 36 20 21 20 30 19 18 42 44 27 12 14 12 24 43 33 26 26 37 30 7 33 6 39 41 19 23 8 40 42 42 33 28 2 30 16 19 23 30 18 42 8 26 17 10 19 4 41 38 41 15 27 24 27 28 19 28 19 21 26 21 21 20 22 35 22 48 41 15 37 21 27 27 5 21 12 31 19 18 27 30 9 31 22
0 40 30 18 19 9 39 38 25 16 23 24 0 21 29 9 27 32 26 12 15 17 27 26 38 24 49 36 43 38 14 24 19 11 18 19 43 47 20 22 47 32 29 25 32 16 21 26 32 29 26 13 28 28 24 20 9 20 19 18 20 20 15 23 31 17 27 10 26 21 28 34 12 29 21 36 45 15 17 13 33 32 18 20 25 13 47 28 18 26 37 18 30 42 19 43 13 29 30 10 16
0 30 6 0 16 41 35 33 30 26 33 9 20 0 26 18 31 31 25 13 24 5 19 29 12 35 15 7 36 13 28 34 0 15 10 34 27 18 32 10 34 44 25 22 15 28 39 18 31 46 17 44 36 5 8 26 36 25 21 12 30 18 33 19 31 18 8 32 15 28 28 16 22 22 21 37 24 12 31 36 17 18 15 18 41 21 28 15 30 25 36 47 21 34 11 16 11 40 28 39 38
0 46 10 24 22 22 8 31 28 17 29 4 4 12 0 32 37 32 33 35 35 22 16 10 38 25 21 14 14 38 30 10 18 12 17 38 32 34 24 16 11 22 33 10 14 41 19 8 22 30 35 37 42 37 16 17 27 7 33 31 28 23 27 39 40 2 38 24 32 28 14 19 27 16 23 25 19 49 29 23 15 21 26 12 31 27 26 18 14 7 10 29 34 22 30 20 42 28 36 33 32
0 21 40 29 46 28 12 29 9 34 23 27 22 19 43 0 31 46 25 19 18 2 34 19 15 12 11 30 21 31 16 20 19 36 20 11 31 8 23 35 22 22 33 45 19 28 21 23 37 29 20 46 39 13 23 4 37 12 40 24 22 12 46 27 46 17 29 30 7 33 35 48 33 31 15 19 28 30 39 31 16 13 13 32 28 13 29 23 22 18 15 43 14 47 16 28 24 34 36 23 23
0 33 24 22 13 29 8 23 34 31 34 31 32 29 21 47 0 10 30 48 12 26 15 26 19 23 40 44 25 3 40 18 22 33 14 25 38 21 34 9 32 6 26 21 6 28 27 8 21 34 12 27 29 26 39 30 20 16 9 18 39 17 26 40 28 16 35 37 32 33 21 24 18 37 12 38 25 13 7 32 12 15 35 19 41 19 24 20 23 30 10 37 23 25 8 35 30 23 43 19 36
0 38 29 23 9 15 39 40 21 48 21 21 5 28 25 36 45 0 47 48 13 45 3 17 41 30 17 37 17 16 11 12 43 30 17 42 40 23 1 26 29 27 18 42 41 32 27 32 23 16 28 24 14 31 35 25 33 42 13 1 34 38 11 23 40 10 27 22 43 9 32 10 13 27 18 14 20 12 36 23 20 32 31 11 29 16 24 32 8 24 19 17 30 26 31 26 10 14 6 32 39
0 18 41 9 23 17 33 22 28 4 20 38 29 27 31 36 18 33 0 32 23 11 25 23 34 27 27 10 5 14 22 39 20 32 8 19 23 13 16 14 23 15 26 28 35 15 14 40 1 18 21 35 15 16 32 24 8 29 32 31 28 33 23 6 12 20 29 12 7 11 18 10 10 27 21 29 18 36 31 38 1 6 45 34 6 10 24 34 31 43 9 39 32 34 26 44 33 21 27 41 44
0 30 39 21 35 34 18 10 28 27 12 1 23 11 16 41 12 36 45 0 33 22 43 24 31 23 22 10 35 30 39 25 14 8 6 22 29 24 4 13 28 14 22 36 37 24 13 41 16 26 32 14 30 39 7 21 14 17 17 33 33 24 20 35 24 13 21 1 31 43 30 16 5 39 33 41 27 9 11 18 38 29 9 37 1 27 45 27 37 32 12 17 30 16 39 10 39 27 23 21 32
0 22 16 32 26 19 15 21 18 31 16 30 32 19 27 34 19 26 11 35 0 3 31 14 6 31 17 46 32 23 7 16 42 36 33 21 31 17 24 22 27 24 26 26 27 33 8 20 22 28 40 24 8 25 13 22 20 40 22 16 19 22 29 46 41 31 28 20 27 18 15 3 31 21 11 16 9 16 10 30 36 26 16 28 39 35 21 29 12 24 38 13 27 27 46 15 13 22 21 24 20
0 38 48 5 10 17 48 9 42 15 18 36 30 48 41 33 32 19 29 25 13 0 10 34 16 9 13 13 25 45 2 9 32 44 30 35 10 26 20 44 38 33 23 24 44 28 25 13 24 21 19 22 20 45 33 28 6 39 35 40 10 23 4 5 25 42 26 36 1 11 23 17 30 27 21 26 45 27 33 20 8 29 32 29 2 6 49 44 31 18 38 24 17 31 36 23 15 4 33 20 32
0 29 32 25 22 13 17 32 6 21 4 27 13 13 7 9 29 23 19 6 12 10 0 37 7 25 23 9 35 45 37 32 28 32 34 14 5 17 46 32 44 31 33 15 35 27 10 27 21 22 14 23 21 29 24 19 26 12 13 24 29 24 40 28 7 21 31 30 17 36 10 26 10 18 23 47 16 17 10 8 25 31 8 20 30 27 14 41 29 22 14 22 28 7 26 3 27 20 26 44 27
0 30 33 23 9 13 39 35 3 46 11 32 49 28 37 12 27 18 31 14 21 32 30 0 37 21 38 33 16 37 17 16 19 39 11 10 34 31 9 35 47 43 37 32 16 26 21 32 40 35 15 32 32 39 30 7 32 26 33 19 9 12 11 6 18 34 31 15 5 34 47 15 22 30 10 16 27 27 25 21 39 21 38 31 23 34 10 18 7 31 17 46 9 30 42 41 26 5 25 12 17
0 31 36 8 26 48 6 30 32 28 10 16 11 23 14 22 33 23 40 15 27 17 9 17 0 23 15 23 32 35 20 1 6 21 29 41 27 20 36 23 23 27 32 21 36 28 30 14 37 0 10 23 19 32 20 20 21 3 34 46 29 5 26 17 12 1 36 9 20 33 26 22 12 21 41 16 28 29 38 19 30 19 21 12 9 20 44 17 27 16 25 34 6 0 43 27 16 21 29 29 45
0 34 29 18 42 16 46 29 38 22 27 32 32 14 23 48 7 28 33 27 38 5 33 38 12 0 17 13 24 16 16 45 20 23 38 26 25 29 16 18 34 32 17 34 19 29 41 35 36 30 24 19 41 29 10 29 25 22 20 21 7 38 37 29 38 1 33 19 25 43 30 25 34 11 30 32 23 30 16 10 31 42 4 23 31 13 13 33 28 44 6 32 20 40 40 19 19 46 38 13 17
0 33 46 21 33 26 40 25 35 25 5 26 6 42 33 27 32 5 28 27 7 4 28 17 9 13 0 19 24 22 25 24 16 17 19 17 26 14 4 11 29 44 25 36 32 20 30 37 26 34 40 21 24 42 47 47 21 32 33 18 1 34 29 8 17 24 30 28 31 43 20 3 37 7 25 49 15 26 20 28 27 46 22 18 25 18 21 19 25 26 20 32 18 26 28 31 26 22 29 32 35
0 46 17 41 5 18 46 4 15 22 13 3 23 25 22 32 18 11 8 44 31 22 31 23 34 7 24 0 8 8 36 15 8 36 12 34 34 19 24 41 38 25 48 31 34 17 33 23 35 29 35 6 31 35 18 9 29 13 32 25 28 36 22 9 14 28 38 34 27 39 26 24 43 27 7 6 29 12 34 45 49 43 24 30 39 16 44 20 13 13 26 33 49 23 24 39 24 31 13 19 21
0 20 29 19 7 25 30 20 23 29 15 22 30 23 39 29 38 21 32 21 24 32 34 8 17 14 20 29 0 21 1 37 18 25 9 4 8 24 22 32 7 23 33 16 36 24 28 19 27 32 37 13 24 36 27 32 34 17 2 28 30 20 13 29 18 16 38 35 35 46 29 10 25 30 23 33 21 25 2 14 32 25 21 38 19 33 18 21 24 28 15 18 42 27 32 13 47 23 10 38 25
0 37 31 13 24 16 5 47 30 33 15 24 8 44 45 14 16 12 11 14 25 25 29 11 19 4 33 28 40 0 25 28 27 35 16 10 16 31 19 16 17 7 10 28 21 18 26 14 41 2 46 9 24 23 15 7 19 32 16 17 22 13 22 38 16 1 23 15 13 43 19 11 16 33 8 8 18 36 27 33 22 26 22 32 15 33 14 43 26 25 20 23 11 24 43 25 40 15 37 14 38
0 23 22 30 25 19 30 22 23 42 17 20 31 27 29 6 39 22 11 43 36 27 25 45 14 37 15 27 15 34 0 15 15 23 11 46 26 41 35 20 28 13 13 22 26 30 14 48 31 17 41 30 32 42 35 35 11 18 22 32 41 14 21 22 7 21 39 17 35 26 35 16 16 27 16 10 29 12 38 21 17 32 39 25 7 25 24 24 35 36 20 9 39 21 29 13 14 15 34 10 21
0 24 27 26 18 48 31 24 3 35 13 14 18 25 16 41 41 43 18 45 28 43 37 33 20 34 9 17 47 33 29 0 28 20 32 18 22 4 24 33 19 34 20 22 11 23 23 31 39 34 25 29 4 15 33 4 29 49 27 26 15 34 5 24 38 27 6 21 23 18 21 7 38 18 26 26 34 36 30 14 25 11 28 34 28 32 15 39 31 10 16 28 20 49 22 23 44 21 47 5 20
0 48 20 31 21 12 22 17 12 35 25 33 16 24 25 18 40 10 18 39 38 28 30 20 13 33 12 31 49 43 23 34 0 23 32 11 25 26 25 15 27 37 10 28 35 45 30 29 47 41 24 48 20 35 17 28 29 39 24 14 22 41 13 17 32 46 41 7 26 37 22 30 4 36 3 18 23 30 1 15 18 27 21 37 39 34 37 17 24 30 23 29 27 7 4 12 23 28 43 22 30
0 31 39 30 28 11 18 30 40 34 11 29 15 21 31 37 40 22 24 17 21 1 30 10 14 28 3 15 30 17 23 23 27 0 29 31 18 22 12 38 37 30 33 29 45 37 4 16 5 8 20 16 26 30 25 31 21 22 27 38 18 37 27 32 27 17 30 12 33 36 15 42 44 21 39 19 25 46 25 27 23 25 20 19 4 36 10 25 34 18 33 10 40 44 33 25 10 24 40 36 35
0 20 24 10 27 28 25 15 26 24 29 16 27 10 15 20 22 38 28 16 26 15 36 28 37 27 48 20 23 26 12 16 45 30 0 13 45 43 14 29 44 39 16 33 45 33 48 29 24 37 8 20 32 29 12 21 12 13 16 33 49 39 17 18 1 34 22 35 23 36 44 19 22 13 3 7 44 15 26 31 34 41 25 24 31 12 5 14 30 18 6 40 34 29 23 13 21 32 20 21 19
0 20 39 27 45 31 14 35 38 18 48 37 36 22 20 12 20 5 12 22 33 22 7 22 34 36 42 1 33 42 15 27 42 19 33 0 13 33 28 30 25 16 3 8 39 19 26 8 42 19 26 25 30 25 9 25 43 20 35 37 11 16 19 39 20 35 38 16 17 35 45 31 12 27 36 10 17 22 3 18 21 5 44 12 33 25 16 26 9 29 9 24 23 36 43 21 13 37 33 10 18
0 29 29 46 19 16 27 20 12 33 32 2 33 28 22 6 29 37 18 45 24 33 18 27 35 33 22 26 47 43 32 34 20 33 5 26 0 16 46 8 32 27 25 14 27 18 34 27 30 21 26 34 33 15 16 22 32 16 19 36 1 43 29 22 45 28 36 44 25 33 22 17 20 24 31 31 22 13 28 26 22 22 20 36 30 23 0 9 17 21 23 15 19 25 42 25 22 25 33 5 23
0 29 11 31 27 29 44 24 14 27 13 37 23 28 14 12 26 24 46 31 9 28 37 44 15 35 21 28 14 38 17 17 28 24 25 10 27 0 22 28 14 13 35 34 34 37 27 25 25 42 22 7 24 37 14 24 30 32 10 42 23 26 35 25 16 16 26 16 26 14 47 21 30 24 30 21 27 30 6 20 34 37 24 3 29 15 22 29 46 4 32 8 39 44 37 45 19 13 38 27 45
0 41 32 9 17 5 43 21 30 14 35 17 29 24 32 18 20 19 19 33 40 23 29 33 34 15 17 24 25 24 15 28 35 30 39 20 22 18 0 49 29 17 22 28 29 30 24 27 18 30 16 27 35 24 8 36 29 29 26 35 9 29 37 13 43 21 36 37 38 28 24 15 10 26 22 16 19 37 22 32 10 29 21 22 29 12 16 17 20 15 9 2 7 29 24 30 14 29 32 19 20
0 6 27 27 32 22 21 9 40 16 38 19 10 38 44 19 46 29 26 40 10 14 25 49 24 34 40 44 20 30 24 24 37 35 30 28 19 37 11 0 14 29 33 38 35 31 19 12 13 19 15 36 27 47 14 46 33 34 13 32 31 23 11 21 36 20 2 21 47 31 12 27 30 30 26 32 12 32 20 15 40 3 26 22 9 31 40 18 31 11 46 27 32 19 4 19 30 19 24 47 23
0 9 30 28 9 23 14 24 40 4 4 36 27 18 33 31 6 36 26 37 14 35 35 13 42 48 31 40 26 21 36 28 29 20 2 19 15 10 34 1 0 26 29 21 17 36 34 28 31 11 22 8 26 35 13 40 17 33 13 49 32 41 20 31 17 22 15 14 31 13 19 35 7 35 25 13 17 5 22 21 21 25 5 6 23 20 42 26 30 5 30 45 22 31 22 14 19 21 15 23 12
0 13 34 22 13 24 12 21 48 30 48 22 33 29 10 14 20 3 15 50 31 21 34 23 37 13 21 49 16 32 3 15 42 34 17 40 33 25 44 17 34 0 16 18 26 9 31 4 34 31 17 36 28 11 19 46 22 17 34 37 10 22 24 19 24 32 36 28 4 17 13 18 12 6 7 32 36 29 14 29 8 10 17 29 21 32 39 20 45 17 9 38 30 24 24 21 12 35 33 6 17
0 30 20 23 19 36 31 8 6 31 23 8 30 28 17 19 36 38 12 5 21 14 42 29 18 37 28 28 27 29 45 7 24 33 26 20 32 22 18 11 25 19 0 4 17 33 3 21 19 47 27 25 25 37 31 36 26 12 37 14 38 25 20 38 28 32 38 34 10 32 24 34 26 28 39 7 28 39 22 28 34 23 19 30 32 21 31 39 45 24 13 26 11 3 24 12 10 22 20 45 17
0 7 25 33 38 25 24 39 16 10 29 39 27 37 21 24 21 40 24 17 13 22 30 32 41 18 8 40 26 27 17 27 32 40 31 15 18 35 37 1 16 19 31 0 8 17 8 22 18 1 37 19 27 21 40 12 33 29 42 34 20 7 21 26 32 13 37 48 44 37 26 22 12 48 45 32 30 12 30 46 31 28 15 26 40 46 27 49 40 12 38 34 22 37 18 31 48 27 16 16 2
0 44 38 37 42 27 29 16 22 24 27 25 33 6 35 29 25 22 20 9 26 13 16 22 30 37 12 24 22 36 33 24 15 25 22 49 24 15 13 24 11 33 4 17 0 31 12 35 27 16 19 16 19 20 21 15 15 6 36 32 24 29 35 22 17 21 42 24 20 12 31 14 13 32 14 12 23 48 9 42 42 30 35 40 25 37 23 34 16 33 2 3 14 22 30 20 14 37 35 12 29
0 27 24 26 28 29 1 18 12 35 17 20 29 23 19 30 14 19 13 21 39 38 19 27 8 28 16 8 47 11 21 13 15 34 27 44 31 35 35 17 26 14 41 33 36 0 22 24 23 11 29 40 19 10 22 7 36 38 15 21 24 12 41 31 9 36 23 31 10 13 30 30 42 0 34 29 30 33 31 20 23 27 31 33 19 18 42 49 30 17 30 3 20 14 41 36 23 25 17 4 12
0 45 25 35 14 7 23 24 31 17 35 24 12 13 41 8 20 32 30 17 31 37 38 26 34 26 20 16 3 23 41 5 33 28 12 37 10 24 25 28 37 48 31 24 23 21 0 32 26 12 35 27 34 42 18 12 26 31 38 23 28 39 15 11 21 25 32 31 26 15 18 22 14 32 35 15 14 33 18 27 10 18 23 42 29 29 23 33 25 13 18 31 30 12 24 11 36 20 33 33 38
0 38 24 34 18 46 8 23 5 11 41 10 23 22 23 7 40 41 13 36 22 24 27 35 19 21 32 31 25 41 24 17 3 42 47 28 36 15 21 15 20 39 34 13 19 20 30 0 1 33 36 35 43 32 48 24 22 2 32 29 20 27 3 30 39 1 48 37 10 24 27 44 44 25 18 38 18 31 19 34 25 26 25 21 26 30 37 27 14 32 30 32 28 48 29 2 39 22 27 33 43
0 38 21 6 15 27 21 32 21 29 10 25 32 33 45 39 17 3 35 23 6 22 34 41 18 28 49 2 1 28 32 27 15 26 47 15 21 35 29 10 38 35 40 15 18 36 30 38 0 22 21 44 21 28 30 28 41 28 16 34 29 34 19 22 3 34 17 20 26 26 34 7 26 1 30 24 33 17 34 46 14 26 45 29 26 32 45 12 41 30 45 23 2 16 22 35 25 4 16 13 37
0 12 31 25 16 10 24 16 44 30 31 6 38 29 40 20 4 45 28 22 33 7 22 22 36 26 15 38 18 34 45 18 30 33 33 4 14 35 25 32 12 26 44 20 38 20 13 22 25 0 1 4 13 5 36 38 29 4 35 22 23 23 17 18 26 40 48 31 17 32 27 29 24 26 38 36 48 18 12 19 29 14 15 40 6 27 31 31 30 6 18 21 33 24 35 0 20 30 21 35 1
0 28 26 27 11 32 15 45 24 15 20 37 31 20 36 20 15 26 35 38 27 25 15 11 30 17 19 47 8 20 3 14 23 16 18 10 24 30 27 31 28 20 43 23 29 29 26 42 17 26 0 23 32 39 26 19 23 17 3 20 33 4 16 14 22 28 19 26 22 38 42 20 13 23 23 12 34 35 1 12 24 16 16 4 6 30 11 11 12 23 28 27 23 16 25 13 19 45 20 32 9
0 25 31 22 8 28 8 36 17 42 23 4 23 32 7 39 35 12 24 43 42 3 17 39 31 16 17 25 13 33 15 18 30 42 26 31 12 25 32 31 28 37 19 26 24 43 17 23 13 25 18 0 27 16 14 44 23 44 39 43 12 41 16 24 20 23 7 6 13 29 16 35 15 26 42 10 36 45 37 6 14 32 32 36 41 35 23 27 36 29 29 9 35 6 10 15 7 29 25 5 15
0 28 3 25 29 31 10 16 39 25 48 45 1 27 21 22 10 10 0 34 20 2 19 7 30 28 25 38 36 19 7 7 18 30 6 41 39 31 10 39 16 27 21 21 32 28 22 44 19 19 1 22 0 50 21 12 14 26 31 22 23 31 9 38 28 12 19 27 19 22 27 48 14 33 25 25 32 7 44 24 44 18 7 5 19 32 1 15 25 21 26 45 36 4 25 28 29 33 28 47 26
0 37 15 12 10 31 31 37 18 30 29 23 22 33 16 38 5 17 29 20 26 27 34 34 24 25 10 45 23 49 9 34 28 47 7 18 41 23 25 30 33 36 27 38 24 14 27 12 48 21 12 26 31 0 17 20 28 16 15 45 43 25 27 32 22 22 24 30 14 11 42 28 25 16 43 5 30 37 31 26 12 45 16 20 22 35 24 13 20 24 29 40 19 14 31 25 38 20 38 40 6
0 22 32 20 12 36 28 26 12 23 30 23 43 17 30 27 26 15 33 21 29 22 13 12 23 23 39 19 15 30 20 26 23 25 25 33 32 18 26 30 27 10 24 32 5 17 19 43 33 7 25 2 4 27 0 24 12 25 25 5 28 20 11 26 26 12 31 14 29 10 40 21 18 41 40 36 25 26 24 36 12 5 21 25 15 32 35 47 34 21 27 30 17 12 17 19 43 11 25 16 5
0 27 16 28 9 20 23 15 12 25 24 31 23 26 33 41 4 18 4 15 26 8 12 9 28 29 17 33 18 40 30 24 15 11 24 38 11 21 31 20 27 23 25 15 4 17 40 14 17 24 21 31 18 7 25 0 35 15 34 38 22 22 18 24 18 10 30 22 34 7 10 11 10 4 15 20 21 24 38 24 27 29 27 33 22 23 33 43 15 14 28 32 29 19 12 25 21 5 43 3 27
0 23 25 15 26 12 17 26 24 31 16 31 20 19 2 28 14 25 33 9 20 27 16 7 14 32 15 21 27 22 26 31 17 27 46 24 13 32 21 43 16 4 13 46 29 26 24 29 28 33 38 11 34 17 24 24 0 45 21 19 32 29 21 9 22 26 28 4 28 31 32 29 37 25 38 30 37 17 5 31 32 19 27 31 12 11 23 18 23 23 34 36 42 1 13 26 21 36 44 32 28
0 38 11 14 15 7 30 26 22 29 30 48 32 48 24 36 7 13 10 40 15 7 28 43 30 6 22 2 12 28 44 9 24 19 20 14 15 26 8 26 35 40 38 23 19 11 25 21 29 35 20 24 17 33 25 38 26 0 27 22 43 24 28 27 41 15 47 20 20 26 40 20 19 26 22 18 17 27 20 43 11 29 31 37 29 15 23 12 42 13 49 42 25 29 48 4 16 33 36 10 18
0 14 20 21 13 29 38 19 38 7 19 30 19 25 37 17 17 30 2 43 11 45 43 32 19 28 47 36 4 39 11 30 13 19 30 44 14 17 20 28 28 15 28 24 25 30 12 14 35 27 31 14 31 22 15 30 31 46 0 35 27 23 36 11 24 30 31 37 40 26 30 20 10 0 26 5 42 27 34 11 9 18 21 33 10 22 32 24 33 26 25 15 13 36 46 21 45 38 20 43 35
0 34 21 23 6 17 42 29 31 44 20 7 32 33 27 47 29 16 25 25 28 37 49 10 21 23 12 35 30 6 21 23 37 16 2 45 12 34 39 9 31 3 34 41 6 15 33 21 27 20 7 22 37 9 23 38 22 23 3 0 9 37 33 11 36 22 27 21 16 27 9 23 41 35 34 8 46 21 33 18 30 30 32 29 28 37 39 13 4 33 31 34 43 48 22 18 27 10 2 26 37
0 23 12 33 9 15 18 21 42 16 14 49 16 37 28 37 44 21 21 7 26 47 31 21 41 18 35 31 36 27 16 33 44 23 2 28 27 30 30 26 27 4 3 22 5 26 14 29 23 4 23 19 27 16 14 19 25 18 20 14 0 39 40 20 38 26 18 30 6 34 27 24 26 32 24 4 10 10 40 24 16 19 19 27 18 14 24 32 41 28 32 5 39 27 3 31 26 9 16 20 36
0 15 11 40 44 23 6 23 7 7 21 18 1 29 32 16 36 30 30 37 15 23 23 27 14 29 14 28 39 25 41 29 36 9 15 29 28 48 39 37 24 34 15 33 10 7 4 38 26 10 38 31 3 36 27 41 25 12 29 23 22 0 5 40 43 8 37 15 22 25 18 9 34 15 27 33 33 26 46 30 43 43 26 15 48 20 26 16 31 44 25 9 24 41 18 1 18 25 16 35 44
0 31 31 14 16 25 42 34 21 40 17 30 34 40 30 35 30 29 34 31 5 41 13 20 30 13 3 12 33 30 1 1 43 49 37 35 42 11 22 22 16 9 21 34 1 20 29 33 28 22 13 45 24 17 15 20 18 44 28 27 26 25 0 33 27 36 28 49 12 29 1 6 35 29 0 23 9 30 10 14 23 28 47 27 15 26 23 13 31 31 41 30 12 45 27 3 18 2 0 40 28
0 39 26 27 24 25 16 21 40 13 29 36 10 14 32 24 18 27 18 26 7 45 35 20 33 28 43 42 38 22 27 34 17 31 23 33 40 29 22 27 35 47 27 18 12 44 17 25 10 36 34 41 12 26 36 17 25 31 46 39 13 26 21 0 18 15 19 13 37 43 23 29 18 30 6 33 30 30 28 4 46 21 19 41 32 31 28 15 10 23 37 28 26 22 15 39 7 34 10 28 15
0 33 38 16 17 30 27 9 26 48 19 22 1 12 13 17 48 31 34 28 23 27 8 17 7 28 11 41 26 29 10 23 20 12 10 19 34 21 26 40 31 23 14 28 26 11 34 8 44 14 20 42 33 46 21 21 13 25 26 28 38 12 33 25 0 18 6 25 22 45 31 45 21 24 42 36 28 28 30 18 30 17 34 36 21 31 38 15 39 34 27 22 27 39 13 20 3 1 29 35 20
0 37 26 42 38 24 37 44 18 29 4 36 20 13 32 33 23 15 32 25 34 2 0 10 20 22 32 16 27 24 28 20 38 21 29 6 10 35 12 27 38 13 33 15 35 14 41 24 31 20 32 22 17 17 21 20 23 25 9 40 27 26 7 31 19 0 7 31 39 25 32 20 44 7 30 36 25 35 14 10 37 2 41 26 38 28 31 10 26 31 25 31 32 32 35 19 32 11 12 24 36
0 17 21 25 8 20 18 14 19 33 24 23 20 33 38 3 31 4 31 28 36 35 28 4 33 27 21 20 14 27 28 28 19 40 26 22 26 20 25 6 17 21 30 32 27 21 39 36 30 17 28 35 26 16 19 8 27 14 17 23 30 20 36 19 12 24 0 14 2 10 4 18 23 17 10 33 18 34 16 21 20 7 14 28 15 24 27 34 13 19 29 19 19 24 23 7 29 14 45 10 11
0 12 16 25 16 20 12 38 32 29 19 26 20 37 10 31 12 15 30 38 31 33 26 19 26 7 32 18 44 32 30 12 33 14 20 23 22 30 25 28 45 22 13 32 32 14 36 26 31 11 11 31 13 32 28 34 14 8 30 29 23 8 17 25 23 8 13 0 33 16 28 26 26 16 25 27 30 20 17 28 38 22 14 27 28 28 12 28 35 17 14 43 49 16 17 5 21 38 17 29 15
0 33 24 14 23 19 15 27 18 41 28 35 11 25 12 15 42 43 18 23 21 21 8 18 49 36 20 28 34 33 24 29 30 11 39 30 42 2 25 18 4 29 16 38 32 24 10 32 17 35 19 14 16 42 20 4 31 36 29 28 13 18 19 9 17 12 21 5 0 27 49 14 42 42 49 35 36 19 17 30 13 33 32 30 28 17 34 17 21 22 42 31 21 28 16 19 29 35 9 28 30
0 25 17 28 14 35 9 18 13 16 27 19 11 12 34 36 16 30 42 30 35 31 38 28 19 26 8 36 15 15 10 24 10 31 22 23 27 35 27 30 34 28 40 18 13 13 10 33 8 18 13 0 9 22 31 24 23 30 36 8 20 44 18 17 28 6 26 20 38 0 37 34 22 17 21 26 18 20 31 41 13 13 38 23 40 9 34 41 31 21 25 24 5 21 19 23 10 4 33 3 36
0 31 34 31 21 32 16 31 19 31 35 33 15 31 5 34 10 24 24 24 21 40 15 23 42 33 24 45 49 26 3 25 31 21 48 4 6 32 12 23 30 25 36 8 22 26 32 31 33 47 27 22 46 21 17 27 15 47 30 16 29 14 13 6 38 8 27 40 40 44 0 7 45 35 11 36 22 5 29 13 28 40 9 22 26 25 7 26 23 22 40 12 27 45 11 37 11 3 47 30 13
0 22 41 38 23 35 37 36 23 19 8 46 19 21 30 30 29 30 32 37 44 24 33 5 15 31 18 42 5 23 26 26 12 35 28 43 46 35 13 17 23 17 26 6 35 19 16 48 40 38 26 8 6 3 34 26 29 38 21 31 36 37 19 39 39 14 17 33 23 20 14 0 28 49 37 47 34 23 26 39 27 10 21 29 44 25 17 25 17 9 17 31 35 7 25 15 0 23 21 28 36
0 17 29 20 20 47 13 39 11 12 26 15 22 13 20 31 31 15 20 34 43 17 3 7 17 23 22 34 37 23 21 43 10 24 26 11 11 38 21 38 30 39 31 27 45 30 30 36 25 42 28 4 30 31 48 17 26 30 41 29 31 34 35 34 6 38 30 15 33 37 14 13 0 24 13 21 28 9 34 13 15 20 23 13 33 42 13 25 28 40 28 29 43 35 46 49 45 31 20 23 32
0 20 30 40 22 14 36 19 48 19 29 25 9 25 8 40 35 11 26 36 27 36 38 41 8 25 18 32 32 11 38 20 20 39 28 21 8 17 30 49 25 36 13 35 30 15 32 13 27 46 28 25 17 7 23 21 26 41 28 37 13 28 40 34 15 30 18 18 23 43 20 21 29 0 36 28 19 20 19 26 20 39 7 18 38 16 38 21 11 18 17 1 18 27 16 26 14 15 49 27 23
0 40 36 16 39 39 33 14 25 33 1 30 33 22 20 19 20 19 7 33 7 18 12 8 21 12 22 35 34 23 24 18 22 20 37 24 28 37 17 46 4 34 2 34 9 23 23 27 13 25 17 29 28 13 24 41 25 3 36 31 39 35 13 27 35 10 32 16 33 23 21 19 11 34 0 19 33 33 28 27 8 26 33 34 21 16 34 32 21 20 36 36 4 38 40 28 15 25 30 10 24
0 22 15 20 10 41 38 43 35 24 18 36 32 36 31 17 31 19 28 18 40 31 20 19 44 20 22 5 13 24 23 9 19 18 24 19 41 40 16 8 36 32 25 28 26 18 46 24 14 18 26 26 44 24 45 28 11 9 23 12 16 10 49 31 36 33 31 26 32 31 33 18 17 48 33 0 31 6 26 33 19 35 8 21 44 31 34 28 32 12 28 19 33 11 0 10 26 21 33 28 28
0 33 17 25 26 33 40 29 38 18 5 10 45 37 12 9 16 11 16 35 36 19 34 16 14 27 24 40 33 26 7 44 10 25 18 24 41 32 37 25 41 22 13 25 44 13 24 43 30 33 8 43 32 39 19 40 27 17 18 23 43 29 18 9 46 33 11 29 34 30 9 30 23 21 4 20 0 37 26 25 39 29 12 31 35 35 17 25 10 3 27 16 32 4 39 30 7 33 34 49 19
0 20 32 27 26 26 15 15 38 18 21 17 40 22 5 43 23 41 23 30 24 23 4 22 2 13 10 32 24 24 16 26 22 37 37 29 25 27 19 17 17 23 34 23 31 18 43 29 29 9 29 40 26 12 19 23 15 42 4 39 32 42 32 23 15 26 13 18 27 36 14 30 21 18 34 19 25 0 18 33 11 30 30 37 11 43 43 12 27 45 37 16 25 20 12 33 7 47 35 21 30
0 6 47 23 31 16 24 45 9 4 25 37 15 10 29 33 45 25 11 7 25 14 19 38 16 29 34 17 14 24 14 3 38 19 28 16 28 28 21 24 2 23 33 21 32 25 23 32 17 38 14 7 11 20 12 29 37 11 25 16 36 5 19 28 37 8 42 16 14 43 25 21 32 35 11 21 28 31 0 17 29 37 37 37 23 4 27 24 39 27 21 35 17 31 30 4 0 48 20 23 30
0 22 19 9 25 40 34 27 6 12 25 23 12 34 17 13 12 46 49 11 12 20 23 14 33 14 24 30 11 27 30 19 33 24 19 15 16 6 49 37 24 34 36 15 5 35 45 31 15 17 19 39 10 24 19 19 35 39 35 18 18 21 17 22 33 18 20 19 38 8 42 20 12 32 23 35 13 38 31 0 10 36 25 22 45 7 24 18 41 35 9 9 23 6 18 17 14 14 11 27 37
0 16 24 14 34 22 34 11 43 20 45 14 24 22 28 29 35 6 10 17 10 30 27 18 25 46 29 22 38 17 21 12 25 12 7 12 15 20 15 23 39 28 14 28 21 45 40 23 31 23 17 19 26 7 29 33 25 26 24 45 35 15 30 37 21 22 44 23 43 26 43 38 37 13 25 4 40 16 20 3 0 38 12 25 31 39 31 19 4 13 13 19 13 16 12 17 6 30 44 42 18
0 3 20 39 15 30 30 15 33 22 28 32 17 31 25 21 25 16 33 32 32 40 26 33 20 31 35 22 30 19 8 22 19 18 21 24 36 17 12 19 35 31 13 5 26 23 15 21 38 36 19 28 30 37 20 40 24 32 20 4 24 47 18 26 16 24 29 26 23 36 13 17 7 30 33 33 25 28 21 10 44 0 28 35 12 3 19 24 30 40 30 22 5 6 18 4 18 14 21 27 42
0 23 22 25 47 30 36 0 32 21 21 46 17 33 30 15 27 26 32 22 20 46 26 21 42 12 27 30 19 21 21 30 23 20 21 19 24 23 10 28 46 21 41 11 37 17 19 8 14 28 49 1 34 30 13 17 29 8 15 9 23 37 44 43 32 20 25 23 28 25 32 36 30 22 24 24 44 43 30 28 14 4 0 43 29 20 28 1 17 37 27 25 18 17 14 27 1 11 30 21 38
0 33 17 38 11 21 13 16 33 36 36 31 21 29 33 18 36 6 15 9 18 20 22 29 32 31 28 13 18 19 43 41 37 32 33 21 34 25 23 19 34 48 37 38 14 18 22 21 31 22 23 32 26 14 9 26 43 15 19 48 37 38 24 24 29 30 25 39 23 31 25 43 20 34 8 19 41 1 28 16 21 36 33 0 30 43 41 30 36 6 40 9 24 25 22 31 25 23 25 30 16
0 26 13 11 23 17 23 46 17 44 29 31 12 18 3 22 15 25 31 25 31 30 42 6 20 28 27 36 10 3 38 24 38 43 35 34 36 17 25 41 31 40 35 17 29 30 38 24 19 48 16 39 3 18 2 39 20 36 43 27 48 23 26 23 18 31 16 24 23 8 3 34 6 25 30 22 38 14 5 14 14 7 30 27 0 14 5 32 24 16 36 35 9 29 13 24 30 20 22 3 6
0 41 22 18 36 38 18 21 17 5 40 10 19 41 17 25 10 36 7 48 32 18 27 22 14 13 29 32 17 14 14 23 47 26 32 13 32 48 36 13 29 18 37 41 34 14 29 10 21 38 24 17 43 29 34 38 16 28 26 20 26 29 37 12 16 32 15 42 40 11 20 26 18 19 27 24 13 48 35 18 38 31 29 19 49 0 3 32 22 8 24 27 38 37 20 19 12 27 38 35 42
0 34 38 13 12 20 16 18 35 15 28 50 47 38 38 31 20 9 48 29 39 19 47 29 46 34 40 33 15 44 42 45 30 24 5 31 20 31 37 38 30 39 23 42 12 35 10 40 16 5 4 17 45 21 41 12 33 24 46 25 33 19 21 44 14 33 25 11 15 22 12 32 21 34 18 37 41 19 18 24 32 29 22 9 11 11 0 37 15 22 29 30 15 23 41 40 26 44 14 19 22
0 26 45 17 9 23 19 23 17 12 21 27 15 28 36 19 24 4 34 47 41 23 18 19 30 32 48 25 35 29 16 5 30 3 15 42 34 36 23 3 26 23 38 42 13 23 13 27 25 21 24 23 6 10 7 15 30 12 14 20 43 7 27 14 43 16 32 24 24 31 25 24 26 37 25 24 33 20 13 19 17 11 16 45 27 28 14 0 36 12 26 42 7 19 38 8 28 46 39 37 9
0 24 26 29 8 23 7 15 36 38 45 30 13 32 36 46 9 18 25 23 37 49 11 22 11 5 6 28 31 30 30 36 27 28 5 5 32 29 32 6 35 39 12 26 34 26 30 18 11 17 32 17 18 23 22 16 24 12 21 36 30 9 21 28 29 17 24 36 12 16 31 40 26 33 18 35 18 26 16 34 22 17 35 11 17 28 25 27 0 28 44 13 17 34 38 10 30 32 31 18 34
0 3 17 22 9 18 30 18 19 48 19 24 18 37 3 17 16 5 23 10 6 36 14 33 16 14 14 23 12 23 48 13 28 32 10 30 13 18 20 33 22 25 20 45 24 21 37 47 17 44 32 28 34 6 20 1 37 26 40 17 31 9 29 22 13 26 21 12 28 18 44 21 22 26 37 24 20 29 25 8 34 34 28 21 20 32 18 9 32 0 34 32 16 20 5 29 23 34 20 3 45
0 29 30 24 8 28 32 43 23 26 36 34 30 13 44 23 28 29 27 23 30 22 33 32 24 13 36 11 17 16 35 16 11 28 17 10 18 24 3 32 29 15 20 16 30 28 30 32 25 12 38 21 25 37 31 21 10 27 44 30 34 4 20 23 29 13 8 21 5 28 35 27 28 17 28 18 16 23 27 3 44 22 34 26 22 12 37 11 35 7 0 28 28 22 15 23 43 29 26 29 29
0 18 41 33 15 20 24 19 43 42 40 38 24 31 32 21 17 33 37 29 27 19 15 26 12 17 26 15 31 19 20 10 11 8 27 35 26 43 33 29 24 25 19 27 38 26 26 7 25 18 29 21 20 23 15 25 19 41 25 37 23 21 20 22 44 23 7 26 36 26 34 30 21 37 36 24 16 32 16 22 14 48 12 15 24 39 21 36 41 29 31 0 14 19 29 34 45 25 35 10 8
0 31 42 27 22 19 37 42 19 15 25 12 36 20 48 35 20 31 40 20 20 36 32 35 41 21 28 19 26 22 23 33 13 8 18 26 21 24 5 9 13 18 23 32 24 25 24 36 10 35 26 27 25 46 4 21 27 37 37 4 20 15 33 23 26 22 16 21 17 21 19 27 38 10 15 10 43 26 34 41 18 20 30 39 16 16 27 24 34 23 34 14 0 17 33 20 28 38 14 19 36
0 48 31 29 19 28 22 31 38 9 11 26 32 23 35 6 32 22 22 18 36 9 25 7 11 17 2 25 2 34 32 21 43 33 17 23 33 25 24 23 26 37 16 36 18 20 19 46 4 22 13 33 36 17 30 27 39 39 24 24 17 6 31 40 16 11 14 21 24 37 33 43 24 43 10 7 35 8 5 28 12 11 34 43 47 43 34 40 17 45 0 29 32 0 11 35 43 16 38 40 29
0 29 14 21 17 23 24 22 23 16 16 1 20 43 31 7 14 20 23 30 26 36 16 24 22 32 23 31 34 20 36 41 21 16 37 21 28 20 18 36 46 29 22 28 19 31 4 14 16 26 2 8 23 12 5 28 21 34 49 24 3 41 26 1 10 22 10 41 25 30 34 23 26 31 32 28 10 36 9 20 26 12 11 16 28 10 1 40 28 16 14 9 19 30 0 19 13 43 13 31 14
0 28 20 30 29 22 30 34 44 16 22 27 21 22 48 19 30 49 40 23 34 11 22 8 22 25 30 31 27 33 37 24 33 21 25 31 13 18 16 18 21 4 26 7 24 39 26 30 26 26 18 25 20 17 21 36 19 37 40 1 12 19 25 26 35 16 27 45 41 21 19 15 15 36 27 30 33 36 28 28 10 31 40 38 42 37 39 7 35 27 26 35 9 27 18 0 17 14 42 22 20
0 23 20 19 22 26 15 27 21 19 45 3 9 25 23 25 23 21 19 43 47 14 19 31 37 21 25 8 23 16 16 28 39 17 40 22 32 4 39 32 37 34 46 27 21 30 34 32 23 1 27 21 28 19 20 25 31 44 11 16 16 17 16 18 3 46 11 17 27 26 23 26 26 16 11 19 18 25 20 45 18 20 39 45 24 41 26 17 36 37 28 5 21 35 14 5 0 41 48 45 37
0 41 26 21 19 23 37 34 11 42 30 37 43 33 32 17 39 2 23 5 12 32 6 36 9 35 27 43 10 42 26 27 35 31 19 38 3 26 31 29 24 43 31 6 15 38 21 18 22 8 3 16 6 44 24 27 19 32 15 35 12 22 22 12 25 8 24 46 15 13 28 31 11 30 23 11 6 23 21 25 25 24 22 36 42 25 27 17 32 19 27 23 38 38 13 27 33 0 34 18 24
0 27 41 29 27 34 32 16 17 7 30 32 25 29 20 25 26 11 27 30 30 21 39 27 13 23 37 26 45 27 26 33 43 28 47 41 23 5 14 38 7 36 18 27 26 24 31 24 48 24 47 30 38 18 14 18 30 31 28 10 19 19 40 19 12 17 28 23 28 8 30 37 24 21 34 13 48 38 21 13 22 25 11 31 23 27 23 32 23 14 14 38 29 15 16 40 46 6 0 32 36
0 25 13 20 29 30 14 16 26 2 27 26 30 35 16 21 29 10 42 28 23 2 9 29 26 22 23 24 43 1 16 25 30 38 49 43 14 11 43 27 15 20 5 22 24 14 31 27 23 45 24 23 21 47 14 5 37 31 35 13 28 27 40 40 37 27 27 20 18 35 29 26 15 19 32 20 14 22 22 12 19 31 36 7 38 27 30 25 32 9 19 21 23 28 28 41 26 43 37 0 24
0 8 21 44 15 28 17 45 36 10 29 44 25 42 31 30 49 9 20 20 11 40 14 18 23 25 4 23 30 13 12 37 21 28 30 29 11 12 29 28 32 45 44 37 38 31 22 39 44 36 27 29 21 12 41 15 25 26 18 30 39 10 32 18 26 25 18 34 17 34 43 13 11 25 23 12 18 22 33 30 27 10 36 10 22 48 26 10 21 32 35 12 49 1 35 24 21 20 40 8 0
