100 4
4 962 4 6
6 406 2 8
7 974 9 9
8 272 1 8
13 1096 1 9
17 1138 8 10
11 54 9 6
13 166 7 7
8 0 7 4
2 1096 2 1
15 1054 8 7
25 143 4 10
19 790 9 7
20 431 9 7
31 84 5 10
16 531 9 5
16 987 1 5
38 1178 7 10
27 351 9 7
31 105 3 8
12 381 4 3
16 0 10 4
33 123 4 8
44 169 4 9
40 203 4 8
15 122 2 3
20 623 1 4
41 0 6 8
46 677 2 8
56 1040 10 9
26 217 4 4
66 544 5 10
64 600 3 9
50 58 4 7
37 939 6 5
38 908 4 5
23 101 3 3
39 96 6 5
63 370 2 8
79 523 1 10
25 59 7 3
85 0 9 10
43 342 4 5
61 152 8 7
46 539 7 5
65 62 10 7
78 364 6 8
61 76 9 6
88 1114 8 8
79 0 6 7
80 34 2 7
69 184 1 6
23 1170 6 2
93 984 5 8
93 843 4 8
59 178 1 5
12 506 9 1
84 631 7 7
76 0 6 6
77 113 2 6
79 58 6 6
67 1 9 5
54 18 6 4
95 222 8 7
55 1027 2 4
97 806 3 7
84 289 3 6
70 773 4 5
71 1015 10 5
86 439 5 6
88 128 4 6
94 518 7 6
82 242 3 5
66 1105 9 4
85 1181 4 5
85 728 10 5
92 0 10 5
37 954 1 2
80 446 8 4
21 772 7 1
91 520 9 4
92 751 1 4
95 0 7 4
72 427 4 3
24 141 6 1
90 619 3 3
70 1157 6 2
36 329 6 1
36 574 9 1
81 233 2 2
41 744 9 1
82 656 6 2
83 0 2 2
84 1023 6 2
85 169 5 2
52 1043 6 1
65 958 9 1
86 313 8 1
89 1108 1 1
91 872 10 1
SETUP
0 21 26 28 47 42 46 45 33 38 25 36 12 13 43 27 12 21 17 50 22 27 13 29 16 33 22 27 14 35 45 18 16 31 26 36 22 41 26 42 34 34 24 30 18 41 32 20 19 8 45 35 33 48 33 20 24 26 32 26 41 23 24 42 37 49 40 9 35 24 32 32 40 30 34 12 16 31 5 31 21 31 33 41 34 25 53 6 8 49 46 21 26 8 26 24 40 10 17 28 32
0 0 24 21 35 32 21 34 15 23 7 34 14 20 22 40 27 5 25 20 23 22 29 13 17 34 23 12 30 19 39 32 6 36 37 29 14 6 20 46 33 20 38 30 25 18 21 31 30 25 23 12 15 36 17 31 17 33 40 26 18 1 14 30 35 24 15 36 33 27 38 11 22 23 35 43 35 46 16 17 15 29 40 28 35 6 40 22 42 15 30 34 35 34 26 19 24 21 16 21 49
0 30 0 35 31 33 41 17 15 40 46 2 32 21 29 15 28 35 29 29 35 37 9 30 2 31 22 28 17 41 25 31 17 36 11 16 40 28 24 31 49 11 33 32 27 38 47 12 31 19 23 35 19 32 32 40 41 8 34 25 27 6 37 32 26 28 23 33 7 12 38 21 31 29 23 23 30 23 23 10 18 39 32 32 24 25 24 11 17 14 13 19 2 40 38 12 7 40 39 36 27
0 35 22 0 40 22 46 31 34 9 17 21 18 10 33 36 16 29 13 33 10 20 38 40 29 7 22 32 6 37 25 37 12 2 41 12 29 49 11 53 29 10 32 28 23 42 45 35 32 33 7 50 21 46 38 22 32 32 20 37 44 36 15 9 41 33 26 10 11 23 21 10 11 12 22 21 40 9 31 24 8 31 30 36 19 19 27 39 8 13 26 21 24 30 30 49 38 35 39 17 40
0 25 20 41 0 22 26 47 40 29 17 28 17 10 9 9 31 39 31 37 5 42 42 28 36 36 9 8 25 41 44 31 51 0 47 46 12 32 28 21 25 21 17 19 39 34 46 35 14 26 16 21 26 51 13 29 21 19 41 35 9 33 42 10 44 11 20 42 12 37 25 27 28 48 44 32 28 31 27 16 13 35 17 31 9 48 24 29 41 31 0 20 37 14 20 16 14 39 24 31 11
0 28 29 18 33 0 33 43 27 28 24 8 40 52 36 39 9 25 14 21 44 12 39 33 40 17 30 6 27 29 40 39 26 38 40 30 9 13 38 29 21 21 44 30 14 6 12 4 46 38 30 18 7 23 34 27 32 30 12 24 8 19 40 29 9 30 19 26 40 3 6 35 7 31 9 21 11 29 20 36 29 41 26 29 15 4 15 39 14 47 44 38 6 34 32 40 35 27 45 42 24
0 34 23 22 6 47 0 13 29 23 43 10 16 29 29 36 34 7 15 40 48 41 43 27 18 18 23 13 33 36 20 3 28 35 27 25 16 36 3 22 46 6 6 30 20 28 26 45 5 15 32 20 24 24 36 49 27 38 30 15 38 25 37 29 32 26 48 12 14 16 26 17 7 41 32 33 31 22 45 3 26 22 36 12 23 45 41 24 17 36 20 32 24 26 32 30 6 20 28 13 33
0 22 24 22 16 20 26 0 6 1 43 27 30 39 35 35 18 39 5 32 37 8 4 40 28 26 16 44 45 35 7 27 16 43 33 22 33 3 33 25 42 31 5 15 23 19 44 10 14 46 5 21 34 3 26 53 10 13 11 34 45 1 25 9 22 45 33 43 26 39 18 16 23 47 32 43 33 23 43 9 18 8 9 12 20 3 31 39 34 20 51 35 35 9 34 51 24 14 29 29 23
0 18 28 41 32 26 46 18 0 19 17 22 31 29 23 22 52 26 40 31 16 30 4 25 12 17 33 41 36 19 33 4 34 53 39 7 33 5 22 41 12 50 26 31 34 30 36 21 33 15 39 23 17 51 31 33 19 10 24 35 28 20 44 39 23 32 24 23 31 18 26 29 27 21 37 36 23 34 36 45 47 25 26 33 53 36 15 31 40 35 21 29 27 21 33 22 26 23 32 16 29
0 28 22 4 33 24 30 47 28 0 41 26 41 19 11 32 24 35 27 28 45 48 10 29 30 21 42 42 6 13 31 16 21 27 18 23 15 37 45 26 12 14 8 40 25 8 26 49 28 37 41 25 16 7 9 41 21 36 44 30 44 36 38 28 23 21 37 26 32 32 30 34 25 26 29 22 44 16 36 27 4 24 19 53 27 26 30 23 3 23 26 32 29 19 48 35 25 35 45 0 35
0 28 14 22 2 15 21 28 51 37 0 42 37 26 41 47 28 4 33 29 16 17 34 28 1 25 36 39 24 50 42 22 25 29 40 18 12 18 28 17 23 28 42 37 8 9 18 18 27 36 28 10 39 29 29 28 37 29 45 49 28 13 18 45 41 21 16 2 43 25 4 32 24 25 21 41 40 31 26 36 29 28 32 13 15 50 15 4 36 18 27 28 14 35 15 33 45 27 36 6 44
0 27 23 26 43 27 31 32 26 30 24 0 45 40 23 15 21 38 36 13 37 30 22 15 46 16 31 39 46 15 28 17 17 10 41 23 16 53 14 33 38 34 21 26 30 7 2 11 21 18 21 39 2 22 34 28 43 28 31 48 23 24 27 31 12 23 48 22 22 24 18 9 40 44 3 12 27 40 30 32 26 21 32 26 30 23 10 26 19 18 18 12 18 35 31 29 25 34 39 26 31
0 12 24 18 14 19 29 9 32 27 12 41 0 47 19 24 16 49 37 26 35 15 17 30 18 39 10 42 8 43 24 24 14 42 37 31 46 32 19 25 28 46 11 33 28 10 26 32 40 20 41 48 16 43 27 31 27 3 17 42 36 35 24 22 41 29 43 46 21 28 5 51 15 15 6 35 23 13 27 28 47 21 51 0 33 46 28 53 15 28 34 17 44 39 26 35 26 40 40 23 32
0 40 18 29 34 22 48 19 11 23 28 39 36 0 22 24 29 6 26 18 15 40 31 7 22 27 36 45 12 26 11 38 18 32 10 37 29 30 30 17 13 22 24 15 36 22 25 0 40 22 41 51 22 34 9 30 14 43 35 35 50 18 38 32 36 36 22 37 14 28 54 16 26 44 15 18 44 13 53 27 12 27 10 30 24 35 9 19 22 48 53 14 26 43 10 38 36 11 32 40 37
0 30 15 31 9 18 33 22 27 41 17 12 43 30 0 14 33 26 5 15 36 21 41 38 5 15 5 34 13 25 33 40 14 39 40 12 25 34 14 15 26 21 34 45 26 31 36 10 28 22 32 13 17 22 16 23 3 40 38 41 18 22 19 22 27 43 21 28 28 21 4 25 29 34 28 13 4 12 38 29 22 2 30 9 23 32 20 27 8 38 25 15 46 37 10 21 42 15 8 15 43
0 17 26 9 33 37 12 18 24 40 33 38 23 17 31 0 22 43 53 29 38 41 41 22 13 29 32 23 31 35 38 26 28 24 28 23 21 11 26 34 35 26 29 23 17 16 20 36 38 29 3 39 3 40 29 19 17 38 37 46 35 4 22 14 45 38 51 15 22 11 25 7 22 28 28 34 23 29 46 34 26 29 48 40 23 49 8 30 18 45 41 30 44 29 32 30 28 32 21 34 32
0 26 44 45 36 5 23 22 35 33 21 24 16 23 29 26 0 26 20 7 52 45 42 16 48 8 35 21 10 14 32 15 32 22 28 11 43 15 27 34 44 45 22 16 18 18 21 23 19 18 18 18 30 8 38 11 7 4 21 29 41 10 33 18 6 14 39 40 16 13 26 12 41 5 23 12 33 27 11 27 9 41 33 37 27 33 38 13 34 35 31 34 22 18 37 27 25 24 2 12 27
0 23 37 38 31 16 26 26 28 47 40 35 18 11 9 30 28 0 52 31 42 25 46 11 9 0 25 13 33 29 31 47 39 21 36 48 40 44 27 27 25 3 20 41 12 24 28 21 15 34 41 14 28 37 28 35 12 41 23 35 35 48 37 9 14 25 32 37 31 2 28 1 49 18 30 18 32 30 23 5 37 20 30 33 19 36 28 10 26 38 30 21 9 16 44 40 29 47 4 28 27
0 31 33 21 27 25 35 16 31 33 31 40 35 16 7 20 3 36 0 29 19 3 30 25 44 17 15 21 38 30 23 7 53 27 29 3 25 31 24 14 36 22 22 35 23 11 21 21 43 31 27 35 29 18 41 30 30 40 16 51 35 45 33 20 43 13 15 23 23 39 5 30 11 21 12 18 21 49 9 23 28 22 31 25 21 14 37 49 7 20 27 12 34 26 18 19 39 29 10 24 43
0 28 36 38 37 44 25 22 31 40 21 37 10 52 17 46 13 23 29 0 40 8 24 37 26 30 33 21 9 20 18 48 45 27 29 38 33 21 21 26 35 20 38 9 33 17 23 42 8 41 43 6 33 26 25 35 43 48 31 35 28 20 36 17 29 29 33 39 22 18 37 48 31 21 1 34 29 41 37 26 51 44 30 34 24 24 16 20 19 50 17 11 36 27 33 45 43 36 14 36 31
0 31 15 9 20 24 32 19 37 23 21 15 21 21 43 51 45 8 36 31 0 31 24 31 13 25 8 25 7 23 13 29 25 33 19 28 19 33 30 23 37 26 46 27 38 20 36 31 29 47 14 20 5 22 32 27 48 37 20 27 27 49 32 19 31 21 23 38 24 36 32 36 13 26 30 16 23 31 30 38 51 23 21 10 22 30 39 35 19 30 19 25 29 23 19 28 42 26 21 32 15
0 7 32 12 49 19 29 27 17 39 34 32 46 24 25 26 41 19 47 48 1 0 33 26 21 24 38 48 11 28 37 40 46 50 35 27 11 42 9 32 53 20 20 34 37 19 44 26 9 33 24 31 25 35 23 47 29 16 12 14 22 33 12 42 18 2 16 16 34 31 37 23 27 29 24 39 15 35 14 36 36 35 51 36 26 38 20 13 40 26 15 51 2 31 26 20 26 8 34 38 17
0 33 39 34 30 20 13 31 10 16 30 32 17 27 39 14 28 10 42 19 4 30 0 29 26 45 34 36 23 42 41 43 24 42 30 30 41 27 17 31 14 36 11 15 28 11 46 37 46 32 23 48 49 22 41 33 29 28 28 47 40 23 29 32 44 38 26 26 38 19 42 15 1 9 18 26 21 14 25 16 28 11 38 19 41 38 22 7 18 32 27 30 39 28 47 39 17 21 15 26 18
0 16 45 26 10 17 32 20 41 12 33 16 40 32 41 4 31 38 23 30 17 24 25 0 36 12 23 37 11 30 21 17 51 10 24 37 37 21 23 35 37 26 20 14 8 13 42 36 35 20 9 30 36 12 48 16 8 31 24 20 33 9 22 33 12 24 3 30 12 24 22 25 35 34 41 38 50 12 37 25 5 43 7 43 37 17 27 18 25 32 20 31 10 25 19 17 7 25 40 0 38
0 16 37 4 25 44 4 14 28 43 32 31 30 25 35 47 22 11 21 42 20 39 13 9 0 20 34 12 43 11 25 20 32 24 16 4 22 13 35 20 18 23 29 17 11 24 38 18 25 35 22 1 4 26 35 30 23 16 40 23 0 18 42 29 48 15 37 17 23 29 29 53 17 29 24 17 43 39 20 32 35 13 28 35 16 42 30 16 34 32 39 50 13 19 17 22 50 47 30 29 29
0 34 41 31 32 41 21 21 16 10 23 47 31 47 35 25 27 18 21 19 14 36 24 26 37 0 40 33 40 9 52 29 19 13 47 28 36 6 27 34 38 37 28 13 21 34 26 30 41 30 17 28 35 16 32 28 14 24 7 32 18 39 41 28 7 28 44 24 22 41 29 35 15 45 43 34 17 23 17 38 41 23 21 25 38 44 7 16 46 21 37 22 53 15 17 23 11 13 30 17 34
0 30 25 49 29 29 28 11 23 18 26 25 28 30 19 17 51 22 25 32 15 23 14 27 29 36 0 11 25 48 19 35 24 31 6 40 38 20 43 28 18 36 13 42 17 29 23 15 5 25 21 25 34 33 31 39 30 27 17 29 47 53 35 13 38 27 52 52 28 13 9 46 35 31 49 8 12 25 29 28 29 16 23 41 17 35 41 23 24 13 25 14 14 19 42 13 8 30 27 29 30
0 15 35 40 24 6 39 18 37 26 36 47 20 22 24 9 25 46 38 16 44 7 20 21 34 25 23 0 33 15 44 47 36 8 11 35 30 48 13 27 13 39 17 17 4 18 29 34 24 20 24 14 24 32 45 21 21 33 37 46 21 21 50 22 20 26 47 40 44 32 28 32 33 43 22 4 10 25 15 12 22 9 52 38 17 51 54 22 38 18 28 9 5 35 7 20 32 25 25 38 42
0 47 39 27 14 52 27 19 35 14 24 5 11 20 11 1 24 17 43 26 28 34 2 16 43 15 30 28 0 14 14 32 38 20 35 21 27 42 28 41 37 32 43 38 21 33 16 2 26 17 7 40 19 22 30 40 35 25 21 5 26 15 36 37 32 25 30 28 12 39 30 44 23 28 34 39 4 41 36 10 15 7 25 35 33 46 21 27 39 24 41 20 19 22 24 26 34 22 23 42 16
0 27 36 10 40 25 12 25 7 26 17 46 32 33 52 18 10 23 15 41 24 37 32 14 22 18 26 26 29 0 17 14 35 24 39 23 43 21 17 53 46 17 27 32 21 4 19 18 35 46 46 33 13 23 8 18 20 13 35 27 20 28 38 33 17 25 35 40 27 35 32 15 30 26 18 1 20 25 11 25 32 15 6 34 30 24 19 14 49 11 29 10 27 19 41 25 15 23 38 22 26
0 22 21 44 26 46 25 34 31 4 30 48 40 38 38 28 22 22 40 28 28 45 41 14 37 2 26 53 25 41 0 37 18 25 7 37 45 29 33 33 24 32 24 24 30 32 44 36 40 2 32 42 31 37 24 38 33 14 27 10 32 45 24 13 22 37 7 32 47 30 28 23 31 23 33 45 41 53 50 20 7 26 15 38 30 13 32 21 29 20 21 30 5 33 15 7 10 21 38 16 31
0 17 36 27 9 32 32 25 43 36 38 27 40 27 19 9 21 27 20 35 41 42 31 38 49 5 38 11 34 13 32 0 16 28 25 41 29 12 5 34 38 42 16 42 17 33 19 29 33 15 7 31 47 5 48 39 34 19 9 28 43 17 27 18 15 44 39 44 44 30 24 10 30 30 23 46 9 20 33 39 42 3 21 14 43 27 12 9 34 24 3 46 7 8 21 18 1 43 33 21 43
0 46 6 19 21 5 17 40 37 24 28 15 28 35 29 27 18 20 45 8 20 16 53 37 14 23 18 29 22 18 42 32 0 40 47 47 17 10 23 26 35 11 25 21 23 42 36 4 29 38 10 27 39 24 29 13 12 21 52 8 43 6 12 13 15 39 24 25 22 38 22 0 31 27 15 51 21 4 21 25 30 34 23 21 23 37 20 24 23 27 50 32 24 38 7 39 9 36 43 39 30
0 32 19 15 6 31 21 42 46 20 29 26 25 36 32 10 22 3 26 19 37 50 37 23 14 26 27 50 16 47 4 12 44 0 17 13 1 43 39 28 13 38 2 9 2 32 31 45 18 8 50 20 35 1 26 27 22 31 43 9 18 49 1 8 28 36 26 46 27 9 38 33 16 11 17 19 38 33 19 24 16 14 44 45 38 46 19 11 18 38 6 29 42 25 14 21 6 44 53 26 9
0 23 21 15 30 24 12 43 24 39 14 22 40 18 10 53 16 46 34 41 17 39 40 23 38 30 26 30 20 33 37 28 26 28 0 32 21 25 29 29 47 21 19 35 27 12 43 31 14 31 27 14 26 28 50 23 11 19 22 7 26 13 33 16 20 23 26 22 23 23 4 32 34 32 5 35 26 29 34 35 29 30 50 25 45 33 10 5 36 27 12 28 36 4 45 32 39 24 17 11 28
0 14 30 18 21 11 14 41 43 15 27 45 26 21 13 14 33 37 15 33 10 15 33 30 21 39 5 26 4 19 41 24 31 28 8 0 18 11 18 17 9 29 28 35 13 37 34 45 33 33 28 5 43 2 15 40 35 14 28 30 30 40 37 10 32 37 42 16 21 10 22 28 24 36 22 25 18 23 29 17 46 43 22 35 46 24 36 39 53 22 15 15 32 48 26 38 26 9 36 45 22
0 31 41 23 19 36 21 15 29 9 35 30 27 47 38 37 12 30 20 30 28 36 13 28 28 16 9 36 12 25 37 17 33 41 41 28 0 14 27 2 40 29 24 15 25 29 22 38 29 15 42 35 22 39 23 42 10 18 39 5 45 45 36 30 10 27 20 37 25 37 26 37 5 43 48 12 7 36 41 24 7 26 38 34 42 34 35 29 32 9 26 10 25 37 24 4 14 14 25 42 28
0 17 36 41 52 20 27 27 28 36 11 45 32 26 20 11 24 20 24 4 26 29 28 40 23 41 35 27 12 17 23 17 16 43 10 30 50 0 30 9 19 23 26 24 37 25 22 41 50 26 41 15 22 28 30 21 34 5 22 13 18 20 33 24 27 27 22 26 30 17 21 28 18 23 34 53 11 7 33 41 21 30 47 38 16 35 29 14 4 34 36 33 20 3 42 30 32 39 35 28 3
0 20 50 23 40 35 22 16 53 5 1 29 19 47 33 17 37 2 8 37 40 28 42 28 33 13 31 28 43 31 53 10 42 16 24 28 31 16 0 42 29 14 41 24 3 24 28 43 29 40 23 23 44 4 42 39 38 5 28 45 24 30 28 13 20 28 18 36 23 23 35 37 32 20 10 33 15 39 24 31 37 26 39 25 32 17 37 36 18 32 34 43 16 17 37 16 5 42 27 29 25
0 5 25 39 16 22 34 43 18 49 41 11 20 21 10 33 31 27 16 26 50 25 25 30 36 36 11 34 32 26 23 28 48 18 37 24 19 35 54 0 29 43 39 38 32 36 22 39 19 22 31 3 34 40 14 9 23 13 39 26 40 28 23 18 30 32 9 40 33 23 14 21 25 29 13 27 9 14 31 37 51 21 15 47 23 6 17 19 16 33 38 39 32 19 9 32 14 10 20 46 31
0 42 26 20 28 43 39 9 32 38 50 10 30 16 46 36 28 25 15 8 50 38 30 51 17 27 32 28 33 30 28 27 32 38 15 46 16 26 41 9 0 19 30 33 12 31 30 25 8 16 47 19 12 11 40 25 21 34 44 22 10 28 12 39 12 15 12 22 42 35 31 40 30 31 21 42 12 15 38 39 34 24 18 14 31 44 32 16 21 14 24 31 7 22 52 23 13 41 29 16 16
0 7 18 25 32 37 45 25 25 22 44 26 25 22 10 33 25 12 36 26 13 16 21 28 30 47 15 43 30 29 38 28 30 14 16 33 35 31 38 29 24 0 47 8 49 38 21 17 42 30 51 32 40 6 18 27 21 40 16 13 31 37 32 42 3 12 26 36 20 36 5 24 29 26 28 34 32 52 32 28 39 10 51 42 16 9 17 18 23 29 39 7 25 20 26 10 17 44 11 37 46
0 13 16 23 12 33 23 30 16 41 16 35 39 17 38 31 33 26 24 50 26 28 13 24 45 14 24 24 6 38 29 28 18 21 17 22 36 23 16 41 24 8 0 9 29 16 27 18 27 20 34 25 14 25 25 32 32 27 24 29 13 44 16 24 29 30 26 52 32 38 16 30 24 13 33 19 24 25 10 34 26 12 21 0 11 10 15 27 20 26 32 17 39 30 26 27 43 42 20 31 30
0 38 41 4 23 14 18 49 5 27 36 51 23 29 15 34 35 29 21 40 27 42 30 33 52 45 27 31 28 33 13 46 47 14 33 16 28 5 31 46 12 30 22 0 34 20 35 18 20 37 21 19 32 53 27 23 41 15 37 11 21 21 39 20 53 19 23 30 38 29 13 20 52 28 25 31 24 31 40 44 27 15 12 19 30 19 23 17 27 4 39 28 40 19 27 27 24 41 17 33 11
0 31 28 21 9 36 11 15 34 42 31 18 36 41 33 40 2 28 34 28 30 35 18 43 22 26 37 8 20 41 10 26 4 19 7 23 28 29 39 41 25 41 15 31 0 15 43 46 42 31 30 12 10 30 47 23 18 35 31 17 43 6 38 8 35 16 19 20 12 21 9 43 24 16 44 26 36 36 18 25 17 38 39 23 34 10 10 22 36 19 24 19 8 17 35 9 12 23 1 38 6
0 28 40 37 25 18 43 39 17 41 28 10 41 21 10 27 14 26 31 23 35 15 4 39 21 34 24 27 2 30 36 36 44 22 42 43 10 32 41 16 0 26 32 28 20 0 25 21 34 36 20 6 9 21 36 42 45 22 3 43 26 16 30 26 36 22 1 35 35 25 32 15 10 31 28 34 12 31 23 15 19 31 44 32 8 20 18 17 35 20 33 22 18 29 33 29 32 27 28 12 13
0 43 32 25 13 21 42 10 12 19 31 49 18 35 23 23 30 37 21 41 7 36 25 33 39 20 12 35 11 40 29 30 15 29 36 24 30 18 9 26 17 10 17 47 51 9 0 28 13 35 30 37 19 22 2 28 36 37 1 32 21 31 32 26 37 43 23 46 52 25 48 29 20 50 44 17 40 35 31 42 17 21 31 15 40 29 38 22 42 21 32 12 21 27 19 24 31 35 32 39 21
0 39 32 1 16 45 46 43 20 24 27 5 16 34 24 3 18 44 27 9 17 31 29 22 18 46 38 8 27 13 16 4 14 28 44 34 11 23 34 37 34 20 15 45 41 21 29 0 12 26 21 7 24 14 28 25 31 36 18 32 15 5 19 30 35 22 30 22 13 47 24 43 28 7 50 19 23 50 31 22 24 34 27 32 33 38 41 41 48 18 43 19 8 11 23 42 14 23 29 6 22
0 37 31 4 26 38 8 32 33 26 29 20 21 13 32 10 42 25 24 11 30 39 32 1 52 4 45 35 44 11 17 27 41 21 41 31 29 5 12 41 53 45 8 13 2 42 26 21 0 15 38 18 16 27 42 31 24 11 30 39 29 37 30 18 19 24 13 26 47 16 48 29 38 22 22 35 8 25 24 2 31 4 41 48 18 13 20 23 35 52 13 26 38 6 30 15 30 43 8 25 12
0 46 26 31 6 34 27 10 2 36 19 23 34 30 27 35 6 16 27 26 17 4 20 7 41 35 36 26 34 38 34 23 17 37 41 43 39 20 34 29 29 27 10 12 22 41 32 35 34 0 38 16 21 24 35 9 27 29 28 29 25 29 4 31 50 29 23 37 32 24 7 50 19 43 35 45 36 35 16 11 32 29 19 30 30 20 34 32 11 13 28 2 36 41 24 23 11 21 24 22 32
0 31 18 16 34 10 46 10 18 24 28 44 7 33 38 9 27 21 29 46 51 38 32 6 23 36 19 27 33 16 42 27 11 17 37 27 44 20 32 23 16 18 11 23 32 26 48 33 45 48 0 39 47 47 11 11 50 31 30 11 19 37 36 19 31 23 14 50 23 13 8 48 30 26 19 10 14 34 53 1 5 22 16 26 8 25 13 27 21 26 29 32 9 26 15 13 25 24 23 1 26
0 51 31 15 15 42 26 25 41 48 24 19 52 21 30 17 15 22 41 24 30 34 7 23 21 27 40 14 51 18 33 19 53 35 20 4 11 36 27 26 16 21 13 26 37 23 20 24 41 50 21 0 31 22 14 43 27 33 24 27 17 11 25 26 27 26 10 46 11 23 40 38 25 46 42 30 35 11 41 6 36 43 26 27 43 35 26 37 6 24 20 46 41 31 21 29 24 15 33 26 38
0 39 18 13 11 24 37 19 18 27 20 13 16 20 31 22 42 43 21 28 10 36 36 40 35 26 19 32 32 29 43 44 22 2 7 20 14 2 31 24 50 21 27 23 30 51 42 45 37 39 28 44 0 27 39 3 36 28 7 16 23 50 11 14 22 42 16 21 30 28 31 37 27 32 29 15 32 8 17 32 34 19 26 34 30 41 25 34 24 37 34 36 27 44 2 51 21 50 21 7 31
0 27 12 28 21 21 23 38 22 46 23 26 42 25 35 31 29 17 29 19 18 17 48 32 1 40 27 42 30 41 41 20 30 24 25 22 53 51 32 21 38 35 51 26 22 35 17 28 31 42 24 46 43 0 36 9 36 38 18 23 36 40 10 16 23 29 32 14 32 31 20 11 32 31 11 29 45 19 23 19 11 20 25 14 44 28 26 22 11 37 47 33 15 31 18 38 29 14 11 20 27
0 44 31 23 46 31 24 34 24 24 0 34 5 28 40 40 43 22 26 9 11 34 36 35 41 20 39 28 13 19 31 26 12 24 32 35 29 23 46 34 45 34 30 42 8 32 17 24 41 24 49 17 29 26 0 20 42 11 8 43 12 45 46 46 12 44 44 18 21 30 34 40 13 21 6 32 49 41 9 10 10 25 16 32 27 25 27 51 29 31 29 53 32 27 37 15 26 40 13 44 5
0 15 12 44 6 27 27 46 27 46 22 10 37 18 13 29 29 23 27 37 32 36 28 16 25 23 31 32 13 14 12 49 35 19 8 22 2 43 21 29 21 29 21 2 25 32 18 25 27 2 17 15 32 32 32 0 38 34 23 7 16 36 26 21 42 12 42 27 18 44 11 30 28 23 46 2 45 36 37 34 30 17 22 37 17 35 18 46 7 36 41 40 46 30 8 49 14 20 35 25 31
0 19 33 40 41 0 28 16 32 38 46 16 28 17 31 19 32 34 34 23 37 23 32 8 6 47 14 40 43 8 32 27 39 16 49 34 31 23 37 9 18 38 25 32 7 20 32 32 27 47 31 29 20 46 4 35 0 3 17 16 4 18 15 33 25 37 16 16 31 21 38 47 26 26 36 26 20 40 33 19 37 27 33 35 25 13 30 45 41 39 41 15 26 22 24 18 20 27 30 14 26
0 44 24 28 31 26 27 35 19 48 39 19 43 30 19 22 14 3 48 16 50 32 26 25 16 29 25 45 35 26 31 22 10 22 27 16 33 13 24 19 13 49 20 19 15 35 9 14 40 14 31 11 2 35 20 16 22 0 34 49 14 21 41 49 26 31 26 34 29 10 26 39 27 8 17 24 23 46 41 30 45 2 35 28 7 11 17 35 17 32 25 19 49 36 40 32 36 26 29 29 29
0 29 24 16 42 38 38 36 3 29 3 21 15 5 53 32 24 30 27 11 10 31 21 7 40 13 43 32 48 33 35 19 36 45 23 32 25 32 26 22 46 7 37 19 45 51 9 31 23 36 17 27 37 44 2 35 33 21 0 23 18 34 31 42 48 28 28 28 33 39 29 31 36 28 2 27 22 22 39 19 19 29 15 35 21 14 29 10 40 26 34 13 35 37 19 18 54 41 16 16 37
0 35 23 25 36 9 8 50 37 37 15 30 27 27 36 6 21 28 22 19 26 11 30 23 31 17 8 43 22 29 24 39 28 31 36 1 54 8 46 14 15 33 24 28 21 39 3 33 28 21 16 33 22 26 10 34 53 28 37 0 47 29 24 43 29 37 28 25 26 35 52 16 36 28 32 25 20 19 39 8 1 30 19 20 14 46 16 53 36 40 37 41 41 15 14 28 33 20 20 8 2
0 15 33 16 26 12 39 26 27 43 50 18 23 30 15 15 16 8 39 43 24 15 53 14 22 18 40 20 29 10 42 41 27 23 52 32 13 28 26 40 6 13 45 30 30 29 28 39 20 22 38 24 29 30 29 43 33 34 22 33 0 45 34 23 46 25 36 39 39 39 32 43 33 29 41 18 48 40 29 14 33 38 19 36 28 37 22 43 28 23 29 11 17 44 26 36 34 0 29 31 7
0 22 23 42 14 36 18 35 17 5 12 18 22 27 13 15 12 18 49 26 45 20 42 38 20 51 41 17 17 10 10 24 28 30 13 34 18 44 18 39 54 32 25 16 18 37 46 28 6 20 29 14 16 38 41 43 20 16 20 19 51 0 26 26 23 34 19 48 26 15 37 43 20 25 42 35 18 33 3 18 34 36 13 29 11 26 10 43 27 37 17 30 14 18 28 30 44 30 21 33 34
0 2 9 18 16 23 39 9 26 34 24 37 12 32 5 23 43 11 32 26 37 18 13 28 25 44 44 19 28 44 35 23 20 38 43 21 22 20 23 13 25 9 45 8 22 28 51 31 30 30 23 31 10 35 32 46 29 21 2 27 20 13 0 16 41 45 23 21 7 28 14 34 29 37 25 39 4 45 46 10 42 28 29 23 12 37 31 29 32 46 34 6 40 37 33 17 42 19 8 17 29
0 42 21 11 27 14 39 16 8 6 49 13 48 11 47 16 21 11 38 42 36 19 22 14 37 43 33 35 36 46 35 21 24 14 27 3 20 21 26 11 22 21 32 7 25 23 28 32 45 12 43 23 24 47 22 43 20 44 30 25 15 30 23 0 8 7 5 13 21 28 34 22 46 19 16 49 29 31 42 22 26 51 22 28 21 15 30 25 26 14 17 36 8 24 38 35 52 24 53 45 26
0 30 35 19 52 42 21 18 19 6 47 10 43 36 27 41 37 18 19 31 24 29 44 35 26 32 42 24 30 18 11 46 51 20 41 22 17 23 3 23 19 13 46 15 27 30 28 31 47 17 12 4 10 17 4 40 46 12 0 33 32 28 10 27 0 16 35 42 53 43 21 31 12 43 24 45 27 38 18 49 27 26 25 23 12 13 24 41 23 31 21 48 52 18 38 29 7 20 36 12 42
0 31 24 45 18 24 13 31 19 33 12 28 49 19 27 31 50 48 28 14 40 34 35 31 13 19 43 23 28 29 7 26 7 45 26 35 27 14 40 21 16 15 28 18 14 49 14 2 28 5 26 20 27 26 13 23 4 16 37 4 10 13 34 18 18 0 4 48 35 37 40 47 44 12 8 51 14 28 38 7 32 49 21 36 47 33 43 15 11 44 40 45 30 20 10 47 28 14 10 17 36
0 3 17 18 32 29 16 19 32 14 24 26 20 19 26 34 17 30 38 19 30 35 46 26 12 31 17 27 19 45 22 32 23 28 35 5 22 17 22 40 33 26 48 21 28 26 39 12 37 1 25 21 28 33 34 41 39 8 33 31 41 38 39 41 9 27 0 34 22 8 46 36 20 15 34 28 26 10 40 17 44 15 25 40 23 19 26 7 3 8 32 16 20 26 29 45 29 35 28 37 40
0 20 22 40 13 35 12 19 24 17 23 26 14 40 19 31 1 36 14 39 2 37 12 43 31 27 18 27 13 7 21 44 21 32 35 2 14 30 21 46 37 11 33 11 43 35 20 21 23 15 13 42 31 18 29 13 15 17 16 31 37 19 21 27 8 38 23 0 50 22 39 31 28 13 18 30 21 34 4 23 13 25 36 31 15 32 36 35 17 23 3 46 15 31 42 43 29 35 30 29 38
0 7 24 29 41 21 30 31 18 2 39 40 28 34 37 42 19 25 45 16 30 29 21 36 21 20 47 16 24 24 1 45 43 39 29 35 21 0 27 20 51 25 18 6 47 31 34 26 40 46 20 30 18 35 7 16 42 9 33 11 29 21 22 16 32 37 44 22 0 33 18 33 20 24 26 44 49 45 24 41 35 7 37 29 22 17 29 28 19 52 31 24 38 18 22 28 29 28 23 25 44
0 21 36 27 36 33 19 32 23 13 1 4 51 32 32 22 40 29 24 22 23 23 25 25 8 33 34 30 22 4 31 42 12 42 6 19 25 11 18 28 36 30 38 24 7 40 19 31 40 23 36 25 39 42 42 52 8 26 15 37 30 10 26 36 33 3 14 20 21 0 15 9 35 13 19 18 30 40 25 31 40 29 43 38 25 34 47 43 7 21 33 35 23 38 38 38 20 17 36 30 18
0 8 5 17 32 40 29 23 20 31 24 21 22 39 34 11 36 37 30 29 27 27 40 11 29 31 11 37 27 8 34 45 38 4 30 8 34 47 43 48 23 26 31 27 37 46 36 10 3 44 29 25 26 23 4 36 32 38 22 26 36 6 20 14 46 19 40 35 42 10 0 36 19 39 45 37 34 27 18 30 18 20 19 9 38 11 27 43 8 8 25 16 2 41 24 44 28 2 12 31 27
0 23 25 23 43 33 23 45 39 17 30 33 26 30 27 8 36 23 24 11 52 53 37 26 4 32 37 24 28 6 3 16 49 28 33 9 29 3 34 37 11 45 24 31 8 35 12 38 29 37 22 43 18 21 18 25 47 24 33 47 46 36 23 32 32 3 18 15 38 30 21 0 24 25 32 33 44 25 33 25 5 33 19 12 28 28 37 13 23 42 31 30 38 48 11 40 23 8 16 28 30
0 6 16 23 11 20 10 38 31 7 7 27 34 11 9 25 32 27 21 22 35 35 20 42 34 25 40 20 52 45 42 34 10 45 33 29 22 12 23 27 10 12 26 25 19 50 9 24 11 17 35 39 31 27 23 16 11 32 18 36 38 11 20 17 34 42 29 42 21 39 35 30 0 48 28 44 31 44 37 29 42 40 30 15 27 29 34 12 14 36 26 33 9 24 8 5 11 26 19 16 23
0 34 1 18 14 42 29 19 34 41 28 32 27 47 16 36 19 52 25 44 17 40 36 48 23 12 32 12 12 11 14 35 53 6 11 14 33 20 27 3 17 40 28 22 9 39 13 5 35 9 9 27 31 39 46 34 38 6 4 34 12 38 27 35 20 17 48 27 31 15 15 28 41 0 7 17 27 14 32 20 45 40 45 26 41 18 18 27 41 27 37 25 40 27 24 16 28 20 6 41 15
0 30 18 49 7 34 39 21 35 14 25 5 25 29 33 37 9 32 4 50 12 13 49 31 19 4 31 40 30 47 18 19 30 35 17 24 37 35 20 45 20 36 19 29 46 37 24 36 35 31 35 17 19 37 48 25 9 24 19 22 21 37 16 48 16 22 16 44 42 37 29 31 1 26 0 24 27 40 33 27 46 34 41 14 1 37 34 18 37 45 37 40 52 38 24 50 39 21 30 12 32
0 30 30 8 12 15 52 36 27 18 28 21 28 32 37 9 2 19 6 31 15 15 29 52 27 44 15 41 35 6 20 51 45 24 2 36 43 29 9 17 20 40 31 34 37 14 23 32 24 30 33 40 0 29 39 17 31 47 14 20 19 34 39 39 20 30 21 33 25 32 15 42 24 39 32 0 6 15 53 22 43 34 7 46 24 28 49 11 8 37 32 19 32 3 34 36 27 44 20 42 34
0 23 34 50 51 20 28 32 26 53 26 26 39 13 28 32 17 32 38 53 27 23 22 20 23 15 29 12 13 36 19 34 20 44 29 52 43 14 27 27 17 18 40 19 30 40 29 29 17 16 44 24 13 18 41 16 18 37 28 22 9 5 28 14 20 40 3 18 27 18 24 20 40 33 7 18 0 38 1 24 34 40 27 20 17 38 48 34 4 37 40 32 26 52 25 37 33 11 41 40 50
0 21 14 41 29 28 15 22 29 27 6 40 15 20 15 31 25 24 38 24 12 29 25 38 26 24 22 36 43 21 27 49 43 16 23 17 24 40 14 15 27 29 29 34 30 48 24 29 19 39 47 17 16 5 5 32 39 35 29 51 20 25 39 24 20 2 16 13 10 16 28 42 3 25 50 5 16 0 30 19 28 26 24 40 16 20 15 30 14 21 33 29 19 37 40 49 6 28 25 35 34
0 8 2 19 14 40 16 26 43 16 24 30 40 25 50 46 27 26 41 23 27 25 28 50 25 40 38 13 17 17 0 27 25 19 19 42 51 29 11 24 17 32 35 34 30 20 29 16 41 32 40 12 28 23 37 32 12 33 26 19 26 13 29 26 27 19 36 26 41 19 26 24 15 43 35 37 30 30 0 41 31 26 29 27 31 10 43 32 46 42 34 13 30 5 36 41 24 14 24 24 22
0 14 40 37 36 38 8 22 31 38 40 27 42 37 25 19 32 26 8 25 22 29 33 19 22 20 23 26 23 46 31 13 17 7 27 37 18 27 22 2 21 14 27 22 32 44 25 50 3 33 47 31 42 18 22 2 37 45 30 33 36 21 27 8 28 40 24 31 47 6 10 30 4 35 19 50 21 18 50 0 14 26 10 43 33 27 1 26 35 37 17 18 13 6 19 52 8 38 0 39 4
0 20 45 50 12 40 11 30 22 33 29 39 28 11 33 49 41 16 36 51 21 24 44 14 39 30 49 42 38 20 26 10 29 24 18 22 33 29 27 19 17 21 36 28 8 20 22 31 40 35 4 34 10 23 53 23 30 49 38 35 39 22 24 22 30 27 25 26 35 40 13 7 46 34 23 40 43 29 26 37 0 36 9 26 28 50 21 13 15 14 9 19 26 35 32 22 26 43 33 8 26
0 28 26 28 30 38 17 26 26 19 24 44 21 40 33 37 30 49 30 24 22 22 42 21 9 12 53 20 40 22 36 9 31 10 26 32 21 48 32 13 18 40 29 6 3 30 42 36 33 23 50 39 10 29 33 23 17 25 2 46 45 42 13 20 26 18 28 16 32 44 34 28 23 24 16 14 43 23 40 18 39 0 21 15 38 26 6 11 15 33 34 49 28 33 28 25 15 15 28 41 22
0 43 12 38 26 38 30 6 10 16 26 37 31 30 19 21 44 50 16 28 48 15 27 17 28 33 53 9 45 35 18 35 3 38 40 28 41 10 31 26 38 43 46 14 5 3 46 29 18 17 47 32 37 5 25 29 41 7 36 28 26 41 32 46 32 27 23 39 24 44 30 23 29 14 15 51 1 13 16 12 22 14 0 23 13 29 36 19 8 35 14 30 33 7 12 27 23 26 35 23 15
0 24 44 32 26 34 15 28 36 36 22 19 22 28 24 13 22 19 23 32 50 40 5 21 41 23 42 25 30 12 8 16 37 34 39 38 8 26 44 14 14 35 17 28 43 8 13 20 24 16 39 7 32 9 26 14 21 24 29 25 41 14 29 13 45 9 16 24 26 24 42 5 33 36 37 21 44 27 12 23 28 32 23 0 28 19 50 34 34 27 39 36 38 6 14 31 51 38 15 27 38
0 13 18 48 23 10 32 38 37 26 8 15 33 20 9 43 39 29 24 34 17 49 33 21 50 11 29 32 41 21 32 38 9 26 44 26 20 27 10 9 35 50 52 21 9 26 23 28 3 18 46 16 21 23 42 16 44 28 32 37 47 7 24 34 41 43 11 44 38 11 23 41 34 17 19 43 15 35 47 18 39 14 16 29 0 25 38 15 43 5 46 21 39 42 42 36 22 3 21 27 29
0 16 27 16 34 6 48 6 35 34 24 31 43 41 45 28 41 13 31 34 22 6 38 16 40 16 52 34 26 28 29 23 27 34 16 23 18 14 48 32 31 8 35 37 41 31 10 27 15 6 26 5 17 28 21 0 5 11 35 27 23 26 35 5 13 43 26 14 38 43 47 29 29 11 41 37 20 17 42 49 21 47 32 6 24 0 13 12 32 23 28 46 28 18 19 23 24 12 26 12 36
0 27 7 27 21 16 24 48 18 36 17 23 9 15 38 37 22 23 27 24 26 7 30 51 3 35 26 21 28 34 29 41 30 22 38 8 40 6 19 29 26 36 17 34 33 21 28 45 25 41 14 23 9 43 46 5 11 49 46 12 37 30 32 9 30 34 30 25 30 13 15 40 30 28 9 9 21 34 49 40 35 32 41 17 25 51 0 0 35 50 31 41 21 27 33 19 31 43 43 25 22
0 39 27 46 39 29 35 29 41 2 19 19 28 44 12 21 11 23 26 49 38 30 14 47 15 34 29 25 22 32 17 15 46 15 37 18 26 32 42 23 11 28 21 15 26 16 35 19 24 17 30 9 51 21 13 17 17 20 25 13 24 8 21 13 50 35 36 11 17 34 17 32 49 32 30 21 34 16 32 11 30 13 14 23 11 25 23 0 34 1 21 9 45 22 37 36 49 20 27 21 22
0 38 29 5 43 28 32 5 35 14 0 38 15 10 25 17 40 20 47 29 28 35 15 36 28 35 27 33 45 33 11 30 27 23 30 24 35 27 21 48 7 24 26 31 22 20 36 29 45 22 31 49 23 22 13 29 28 22 12 42 11 26 13 25 12 30 44 40 43 15 17 28 36 10 33 22 17 20 24 34 25 14 1 25 30 40 18 25 0 19 19 43 47 40 27 35 44 15 17 38 14
0 29 33 19 53 40 39 2 19 34 37 34 22 32 14 30 37 47 33 48 35 34 9 52 23 6 35 17 27 29 33 20 8 18 49 19 33 15 38 19 20 21 30 46 49 0 35 43 6 10 31 23 34 14 25 11 19 29 17 42 13 24 28 34 32 29 16 24 32 47 25 27 4 14 31 21 35 26 24 16 21 38 36 31 25 28 17 35 31 0 41 10 27 17 14 29 43 38 16 37 18
0 42 18 30 49 5 36 35 26 19 29 9 1 21 28 33 48 13 23 30 34 27 10 21 26 45 22 41 7 22 42 27 19 42 4 28 21 29 17 24 24 13 0 28 25 43 14 11 13 16 5 23 7 35 25 7 1 13 21 17 51 20 32 41 39 27 28 23 28 32 27 29 23 10 20 5 31 48 13 5 32 44 21 14 28 45 23 23 29 12 0 37 23 33 38 18 33 4 9 16 27
0 34 33 29 11 38 38 45 46 39 7 25 46 19 40 21 40 35 33 18 1 24 24 22 15 19 8 53 17 24 44 20 36 29 33 26 22 5 13 8 10 23 33 18 26 24 32 33 34 28 5 12 19 47 18 29 38 33 24 11 23 50 28 36 11 32 40 42 34 30 26 28 41 5 44 39 32 33 14 21 39 33 26 12 46 18 24 42 29 16 34 0 29 36 45 18 32 24 0 29 33
0 44 28 23 53 31 37 25 29 30 47 6 22 17 29 38 10 9 13 23 38 1 30 40 19 50 38 12 24 21 32 11 42 35 35 9 45 33 17 47 9 1 13 35 45 52 43 8 20 23 23 21 25 11 25 26 12 18 22 28 20 11 53 33 40 19 26 26 40 27 7 25 19 12 42 31 34 27 31 9 33 24 23 24 21 24 22 18 27 9 24 19 0 18 6 13 46 1 24 13 18
0 38 25 48 28 28 40 35 22 47 33 17 15 4 19 28 24 37 25 26 34 44 30 52 11 39 30 51 35 18 29 28 16 40 14 5 28 25 36 36 51 45 23 15 30 29 44 49 31 37 14 11 38 29 18 39 51 52 29 20 10 32 8 28 18 50 32 18 46 7 25 28 28 26 36 33 9 39 32 6 46 4 10 7 35 18 24 10 35 31 27 19 29 0 28 11 45 12 6 39 35
0 21 39 40 39 36 38 27 53 29 11 31 10 14 12 23 28 23 44 23 19 38 22 26 14 40 34 22 24 33 26 17 24 21 1 30 10 33 33 28 27 5 45 22 17 28 53 28 35 5 52 24 35 36 6 36 21 17 32 32 14 41 19 14 18 26 46 9 16 33 18 13 32 37 26 28 25 23 30 23 47 44 8 33 52 30 34 21 7 15 33 31 37 36 0 36 19 20 17 22 30
0 9 47 20 38 48 43 45 12 31 13 53 11 35 20 23 32 16 32 27 38 23 43 44 19 16 26 38 16 48 15 15 38 34 33 23 45 38 27 26 33 18 47 35 29 17 33 15 39 15 6 28 44 33 19 49 38 27 30 32 45 26 32 16 23 17 18 31 40 14 8 14 28 24 12 16 14 24 29 24 25 21 18 4 16 47 8 25 25 11 27 4 25 15 35 0 19 31 47 41 41
0 45 33 26 10 21 19 26 19 53 8 10 16 37 37 13 33 43 28 39 36 25 36 28 33 13 36 32 27 39 16 28 29 12 22 34 35 27 17 34 34 20 20 29 23 17 43 17 12 19 22 24 12 14 33 15 23 31 12 30 38 31 37 14 18 20 35 26 14 20 21 26 30 6 40 33 20 19 29 11 29 32 41 11 34 18 3 43 32 5 23 24 17 27 24 27 0 18 25 22 32
0 45 27 24 36 38 36 31 42 46 15 17 24 38 37 26 4 24 33 35 13 33 26 28 12 35 29 33 38 19 27 50 35 39 3 10 19 29 37 16 26 32 51 40 4 28 21 44 34 29 7 21 26 35 35 22 29 18 25 26 43 41 47 38 23 30 44 18 23 45 31 33 42 48 36 20 37 41 41 37 18 36 41 34 31 19 35 18 38 31 22 43 6 51 47 18 12 0 17 6 12
0 19 27 35 15 40 32 18 30 26 24 23 30 44 33 24 2 16 43 22 14 30 40 21 38 35 30 34 26 25 34 13 14 9 22 20 29 29 28 38 3 43 24 20 30 15 33 41 19 9 41 27 5 18 25 42 22 38 34 26 26 18 19 42 28 40 29 30 40 28 30 24 28 39 24 22 21 19 50 35 34 37 24 26 0 28 16 23 7 20 25 20 11 33 36 10 39 31 0 17 20
0 35 1 41 48 30 26 10 45 29 42 44 12 15 10 28 40 25 27 30 29 23 26 31 0 32 16 30 29 13 23 33 28 24 17 3 22 7 36 45 36 28 28 44 22 41 33 10 37 24 48 10 37 11 38 30 27 31 41 44 13 31 27 34 20 24 36 50 7 28 32 17 48 22 26 21 23 37 22 19 32 9 30 29 26 24 34 39 39 24 33 17 32 23 30 31 16 23 26 0 1
0 2 32 22 33 3 16 26 24 18 15 36 32 33 30 38 28 16 36 31 14 23 22 29 21 17 17 14 7 42 39 23 40 36 41 20 33 51 20 49 35 16 52 43 25 31 15 27 43 19 16 39 24 44 42 27 29 24 35 31 23 13 13 12 31 13 38 9 32 35 14 37 6 15 23 15 4 31 18 34 50 33 23 21 29 17 44 36 52 30 45 30 27 27 36 24 5 34 20 49 0
