100 4
1 696 1 9
6 673 1 10
3 683 3 5
6 686 7 10
4 751 5 5
9 868 3 6
17 826 7 9
12 903 10 6
11 698 6 5
15 745 7 6
24 859 5 9
22 828 4 7
35 836 4 9
28 762 10 7
20 665 3 5
37 835 10 9
13 727 9 3
18 703 1 4
27 854 9 6
39 780 9 8
15 722 8 3
50 660 3 10
54 740 6 10
28 743 10 5
57 904 5 9
45 698 5 7
26 745 4 4
66 716 7 10
35 718 9 5
57 861 10 8
57 812 9 8
65 755 9 9
65 844 3 9
66 796 1 9
44 774 6 6
67 833 9 9
60 696 5 8
24 654 4 3
8 698 10 1
17 807 1 2
85 909 1 10
61 752 4 7
35 844 6 4
44 902 6 5
89 856 6 10
27 849 1 3
66 781 5 7
19 700 4 2
86 758 1 9
58 888 5 6
78 882 4 8
49 806 9 5
59 831 10 6
99 889 9 10
91 897 8 9
82 810 4 8
52 673 3 5
85 687 4 8
64 661 1 6
64 848 4 6
86 677 5 8
68 910 1 6
92 881 2 8
49 680 7 4
49 874 3 4
74 771 9 6
25 851 7 2
66 757 8 5
14 750 3 1
14 666 6 1
87 863 10 6
76 869 5 5
96 832 2 6
66 893 5 4
68 770 10 4
69 696 7 4
96 797 7 5
61 799 6 3
82 814 10 4
43 759 8 2
67 780 10 3
46 908 6 2
71 695 8 3
72 871 9 3
76 691 4 3
77 660 7 3
78 829 3 3
58 857 9 2
90 701 10 3
94 674 5 3
64 839 2 2
32 739 7 1
65 679 7 2
34 680 3 1
40 803 5 1
89 668 9 2
91 820 4 2
92 815 2 2
77 744 8 1
81 670 6 1
SETUP
0 24 40 19 4 42 10 10 34 16 42 5 18 22 8 34 27 7 9 27 33 30 22 22 34 20 16 22 28 29 26 36 20 31 32 35 32 34 30 38 41 44 21 6 9 20 6 36 10 22 23 9 14 13 19 22 27 50 34 8 30 32 41 35 39 11 24 21 12 49 24 25 24 52 28 1 23 36 36 30 26 8 26 26 15 22 32 22 18 34 3 10 20 21 23 21 34 36 21 25 34
0 0 37 22 35 16 26 31 8 42 50 40 23 17 15 49 24 11 26 25 18 40 29 20 23 24 31 11 3 35 21 3 26 28 38 5 7 18 13 23 14 21 15 35 37 15 38 27 30 33 21 24 12 33 29 8 22 39 52 21 48 25 36 52 27 35 17 10 39 20 19 33 10 31 3 6 3 44 30 45 26 8 28 16 16 27 17 30 12 29 32 31 28 27 17 19 26 34 16 14 42
0 31 0 13 13 16 23 28 34 36 23 3 27 17 27 31 16 12 43 39 37 22 15 32 7 7 20 14 19 27 14 21 27 15 42 12 30 23 50 40 35 45 24 39 30 16 32 41 24 39 21 21 31 34 9 27 24 45 31 31 35 31 24 14 34 20 21 38 34 40 43 44 5 1 25 25 26 29 36 37 20 30 36 24 26 25 43 49 11 29 23 14 32 50 11 26 12 42 38 24 28
0 26 25 0 45 33 16 37 16 16 36 10 32 13 25 18 33 39 34 29 33 42 43 34 27 35 37 15 3 18 19 27 11 49 29 45 19 24 28 34 42 27 43 12 30 30 29 30 26 28 5 26 27 5 30 29 13 14 32 26 25 0 18 50 33 29 15 21 26 17 31 8 30 37 27 13 17 10 36 36 51 22 18 25 45 8 50 4 10 30 27 39 42 27 15 29 45 14 42 27 21
0 16 39 31 0 52 35 17 40 49 24 28 28 35 24 21 31 44 18 46 50 33 43 42 25 38 25 20 34 5 21 17 36 20 8 14 24 16 25 36 28 16 51 35 34 1 20 24 9 19 29 27 38 22 16 15 39 46 18 39 45 16 28 22 34 30 47 16 18 27 38 29 1 24 33 43 34 11 30 26 27 35 46 1 2 24 23 13 36 21 18 18 14 15 51 21 8 13 47 22 32
0 34 45 16 9 0 17 31 30 28 39 34 24 12 11 47 22 24 28 25 33 23 28 20 29 37 37 29 23 22 20 33 40 13 16 13 42 23 37 0 36 25 24 30 27 17 20 17 37 39 25 29 40 46 24 38 29 42 14 28 18 6 33 47 31 43 37 24 23 18 18 37 23 34 23 33 42 10 3 28 33 50 27 30 29 25 24 37 23 26 22 14 18 38 12 51 28 23 27 36 42
0 21 34 21 30 22 0 50 33 24 20 33 23 36 31 14 28 28 29 24 35 18 48 22 16 23 14 42 24 24 21 30 40 31 39 43 11 19 40 20 19 34 33 9 28 28 27 2 4 39 9 32 23 10 13 5 38 17 16 41 35 40 24 14 36 11 15 52 26 45 52 28 41 35 10 9 36 15 29 25 25 15 16 14 46 48 29 31 36 46 14 19 15 11 28 28 22 34 37 36 29
0 14 13 28 38 34 41 0 24 41 45 23 29 25 47 39 23 0 7 15 41 33 7 32 18 35 28 40 8 17 12 38 30 22 47 26 22 26 33 35 32 19 24 44 20 15 26 22 13 33 45 15 23 28 17 36 13 23 20 42 41 14 30 30 18 50 19 1 18 21 28 29 21 10 20 50 19 34 29 39 21 5 28 25 52 28 25 15 32 39 31 26 25 23 21 39 40 33 25 22 21
0 46 6 31 14 32 33 17 0 13 24 19 43 30 25 47 37 16 31 37 6 11 33 48 29 17 37 34 41 26 34 24 24 30 41 2 28 44 39 16 17 8 20 21 27 25 10 14 20 39 13 24 21 26 22 19 33 8 46 17 28 33 29 37 22 25 25 31 31 25 39 35 29 29 39 24 22 33 3 44 16 44 9 21 29 29 31 28 13 6 31 28 24 17 18 41 34 32 13 28 24
0 48 31 26 14 32 17 29 33 0 43 29 11 21 24 31 32 18 40 36 10 12 4 30 4 21 36 18 26 43 35 13 16 35 26 52 18 33 19 12 25 23 14 25 22 7 47 16 24 35 26 26 39 45 37 25 30 51 21 32 19 34 9 28 12 41 11 38 19 21 15 15 23 21 30 24 38 34 40 45 26 15 20 39 6 26 19 47 33 21 21 40 44 22 18 21 24 40 20 26 32
0 14 21 16 4 7 32 25 11 25 0 13 15 28 30 13 34 14 34 33 37 43 31 19 33 36 23 20 28 22 17 17 27 4 18 42 23 7 18 30 22 24 27 52 33 42 17 23 33 19 23 3 41 39 38 27 26 14 21 20 26 18 37 20 13 48 22 38 29 39 21 20 18 18 40 32 20 28 46 40 18 1 29 2 19 44 21 28 16 35 3 31 40 18 35 44 31 16 31 18 43
0 14 21 19 38 31 21 24 41 18 28 0 46 31 29 37 8 26 32 25 21 23 31 15 24 26 5 19 13 30 52 9 17 37 24 28 7 26 27 40 35 21 13 27 30 45 37 25 25 51 45 16 15 30 38 44 52 22 23 48 41 34 38 47 36 21 51 24 33 9 33 45 43 39 25 43 35 21 25 21 5 33 21 11 12 17 38 34 5 36 35 16 23 20 42 32 25 10 23 30 13
0 26 18 38 15 32 29 34 29 42 47 18 0 21 23 23 7 42 21 33 42 42 12 31 41 37 33 22 16 35 30 16 35 34 31 38 35 37 27 15 20 16 7 1 40 29 36 25 35 32 18 9 33 0 42 4 21 22 32 30 39 21 19 44 21 33 39 51 20 47 37 1 45 44 18 29 40 39 26 30 27 21 13 33 25 3 12 21 20 28 51 27 49 28 27 38 32 16 4 18 24
0 47 17 30 49 27 51 13 34 36 13 34 33 0 11 12 21 26 51 27 20 17 18 31 29 8 44 32 2 16 7 28 36 28 25 17 33 41 3 16 44 43 19 43 27 30 44 47 16 26 21 4 11 16 43 21 33 42 36 24 29 16 31 51 16 12 42 25 24 21 23 15 19 29 42 46 35 12 24 14 30 35 15 42 15 9 33 33 31 32 30 6 26 16 29 43 22 40 19 46 27
0 20 13 33 42 33 15 34 20 44 33 14 44 35 0 20 6 35 22 31 24 37 34 38 21 29 49 35 51 10 11 32 31 10 43 13 29 30 38 23 31 6 46 22 32 30 40 32 21 33 30 42 11 36 31 35 21 8 23 39 22 27 17 40 23 4 37 28 33 22 16 22 5 22 42 3 20 28 17 48 2 13 36 32 15 22 39 34 25 30 31 23 27 33 26 41 33 39 2 30 32
0 26 36 30 28 24 16 21 24 32 17 10 17 30 33 0 19 50 22 34 17 14 43 17 34 28 37 18 17 27 27 17 31 23 31 11 26 32 29 50 0 13 21 40 2 7 34 30 47 25 26 31 35 15 40 11 28 14 34 25 48 36 12 12 14 48 18 8 37 29 26 34 14 38 19 32 34 16 35 35 50 40 14 41 20 19 5 10 21 33 39 47 17 16 42 35 21 22 42 5 40
0 28 29 24 21 30 15 28 31 34 31 27 5 18 8 40 0 17 31 20 1 34 49 15 47 31 19 31 42 17 14 29 46 12 5 30 38 14 41 6 36 11 42 34 25 46 8 20 17 17 15 35 19 11 21 4 12 27 20 30 36 48 32 28 44 24 31 35 35 31 38 43 37 29 7 29 19 31 41 31 31 45 39 16 25 5 45 25 26 19 10 41 13 10 37 20 7 18 8 36 14
0 39 20 42 37 7 24 29 34 32 27 44 31 24 32 23 26 0 33 22 19 15 41 31 8 15 40 13 17 18 2 14 22 4 12 39 23 16 1 21 29 42 11 26 23 33 31 8 15 42 32 27 29 30 18 18 10 31 21 45 13 23 33 26 29 41 25 43 18 20 29 34 25 16 24 11 45 32 20 32 34 38 38 7 22 46 28 40 11 34 45 29 39 22 7 12 18 31 24 22 43
0 40 19 20 20 18 8 34 24 13 25 13 38 30 22 15 31 41 0 25 45 23 25 35 43 17 36 33 45 32 16 50 20 50 25 10 31 35 18 12 14 39 14 46 22 16 4 31 1 14 21 17 35 48 27 10 33 20 39 49 26 29 8 13 13 8 37 19 21 22 46 44 31 18 35 17 41 36 3 16 36 25 30 38 24 30 47 30 25 32 38 26 24 40 43 15 22 42 39 35 52
0 48 24 7 12 30 10 18 13 28 35 19 24 45 20 15 8 23 36 0 12 31 26 32 27 6 24 27 38 47 36 32 30 20 9 28 9 5 42 26 16 30 44 30 33 42 26 25 18 17 23 29 15 12 38 42 35 42 30 25 23 22 23 19 47 40 33 44 26 10 15 39 24 20 39 24 29 31 26 39 29 41 33 42 20 44 39 12 16 19 40 23 35 7 45 28 14 31 39 18 30
0 23 11 21 51 27 37 45 45 20 22 30 9 37 49 50 6 38 48 33 0 20 36 37 9 20 32 43 24 22 13 24 13 25 19 27 28 39 30 22 36 13 48 37 15 6 4 52 29 27 28 18 49 27 23 42 45 25 29 15 32 30 28 19 19 40 21 16 27 19 39 30 10 24 16 29 15 31 43 17 13 28 41 7 27 31 31 38 20 23 40 30 5 21 45 33 47 33 27 16 34
0 12 21 27 7 25 44 33 24 31 26 35 18 39 39 18 17 32 33 32 6 0 29 18 9 24 12 44 24 38 17 23 32 27 36 47 28 22 30 31 28 15 36 5 15 19 18 21 43 50 14 19 21 24 31 12 45 37 22 42 43 42 15 18 20 1 3 39 35 17 42 32 32 22 31 35 25 35 36 45 20 9 16 42 19 14 43 38 20 26 32 46 41 46 19 3 26 6 29 23 16
0 19 25 31 33 6 42 15 35 33 30 15 32 22 25 7 13 46 27 36 16 25 0 38 23 40 2 45 21 16 35 11 28 22 13 27 29 51 8 35 17 28 12 37 45 11 6 15 30 36 8 34 25 26 12 23 7 32 15 0 32 29 38 34 44 12 24 35 27 23 40 24 33 34 32 23 33 46 24 37 33 48 7 6 28 13 15 31 36 31 12 17 43 32 28 12 15 42 48 37 18
0 15 42 29 45 9 37 6 32 36 31 24 28 12 9 17 21 26 28 17 0 15 30 0 35 9 16 22 31 22 6 21 43 17 8 22 37 48 49 36 23 22 35 28 23 41 22 35 29 18 7 4 30 38 21 28 34 41 18 16 17 36 4 24 27 28 21 34 33 44 15 23 33 18 5 15 17 30 32 24 12 34 38 26 17 29 33 20 16 32 46 3 25 12 22 27 20 4 35 5 31
0 26 35 32 8 8 11 26 28 5 46 12 15 9 35 36 6 10 19 43 51 32 26 7 0 44 22 43 35 24 10 32 2 25 21 45 21 33 29 33 10 37 29 21 36 13 23 28 34 45 38 10 27 38 33 22 43 42 10 26 29 40 21 19 39 9 21 27 42 26 35 31 11 11 6 11 13 30 43 23 23 32 43 23 11 17 46 32 12 3 9 23 29 0 14 13 21 22 8 40 32
0 48 33 12 19 24 31 37 19 27 9 39 13 12 30 28 37 18 12 1 32 28 49 34 36 0 27 23 28 31 32 17 39 27 23 19 34 10 15 26 2 31 22 29 38 48 28 19 23 36 40 35 21 5 29 15 49 9 33 30 28 15 33 19 10 22 17 47 33 10 35 22 37 18 23 19 39 35 37 15 31 4 24 41 35 23 10 32 31 13 17 30 26 42 10 31 41 13 20 25 44
0 45 16 16 29 20 9 25 13 31 30 38 19 42 26 30 26 21 24 31 33 34 41 32 42 31 0 46 33 15 27 43 44 9 23 18 32 21 37 5 25 37 8 35 22 30 35 31 48 32 47 31 45 21 38 31 23 19 1 13 20 17 14 23 26 19 40 20 32 46 4 31 18 24 40 37 26 10 33 20 37 27 35 3 12 40 39 6 22 7 29 27 38 21 26 8 13 29 25 22 14
0 1 52 20 35 19 36 44 31 20 6 26 25 16 23 11 31 25 39 33 34 31 22 45 34 24 35 0 22 35 9 9 15 13 31 25 38 12 28 33 17 41 46 46 24 3 38 7 47 30 29 24 40 20 49 11 34 34 35 19 20 42 15 28 47 25 27 20 6 30 47 32 13 25 10 8 35 9 19 34 28 7 37 37 29 15 27 44 12 12 6 38 22 30 23 31 24 8 13 36 24
0 47 10 32 4 36 23 10 31 12 11 30 20 27 4 16 41 29 30 33 34 32 31 7 32 52 29 10 0 1 39 23 25 8 29 7 27 13 9 31 30 31 8 41 25 35 11 34 26 23 25 20 22 23 11 23 22 18 41 9 23 35 7 31 30 18 41 15 20 12 22 21 38 49 41 25 5 13 27 15 36 45 38 45 37 50 28 35 12 25 15 39 23 51 52 19 33 26 22 48 28
0 28 14 34 17 43 44 19 23 32 8 29 28 9 13 31 22 40 39 50 29 24 34 31 5 11 34 27 32 0 34 30 13 22 24 18 34 26 26 15 28 33 19 14 28 22 29 27 24 21 38 20 14 39 11 12 15 27 20 27 14 16 15 39 20 14 37 42 38 29 29 37 38 35 7 31 26 28 44 8 32 40 45 22 45 23 34 19 13 16 37 35 29 30 43 42 22 48 26 24 31
0 20 29 23 28 24 24 41 34 0 36 31 31 32 29 18 13 17 17 25 27 13 24 13 28 2 47 24 22 23 0 38 38 16 12 32 38 34 8 19 38 5 36 18 29 12 29 4 12 20 15 25 13 12 17 32 37 29 2 25 30 24 20 11 17 11 37 23 22 41 25 4 36 46 32 21 31 30 49 23 17 23 17 32 19 25 23 37 10 37 9 12 49 44 33 37 15 28 8 42 26
0 41 48 33 13 42 25 41 25 26 9 36 27 29 19 19 41 18 41 50 35 19 29 17 26 15 20 8 21 43 43 0 46 9 32 45 4 26 21 49 18 21 27 37 22 45 18 24 42 32 25 38 5 23 35 15 26 16 5 42 32 21 9 14 25 17 17 24 32 13 9 31 32 27 17 30 4 4 21 23 40 20 6 18 44 21 24 39 10 17 37 27 43 13 26 16 26 15 34 41 18
0 19 41 29 28 30 15 45 36 46 28 10 6 22 7 17 29 25 21 21 1 19 25 11 48 20 28 18 31 15 11 9 0 46 29 43 31 13 22 33 47 15 27 9 35 44 24 13 24 47 34 33 7 26 18 39 22 23 36 16 22 10 30 44 18 17 9 10 45 22 33 25 27 20 27 27 19 7 11 12 22 27 43 12 49 23 33 17 17 26 21 6 20 35 45 28 29 29 49 45 15
0 32 35 22 21 17 25 28 20 28 21 35 29 19 12 6 17 25 29 18 30 14 24 41 31 6 13 29 24 34 20 11 30 0 16 28 39 22 48 40 36 1 23 38 21 37 22 44 17 29 26 13 21 11 41 31 25 30 46 26 38 41 33 30 26 27 15 25 42 44 19 26 16 26 37 16 28 19 29 23 31 20 19 22 18 40 36 45 11 46 18 17 20 31 30 13 44 35 25 38 11
0 14 42 39 25 20 15 24 23 18 30 17 21 26 22 32 37 26 28 33 22 20 8 13 26 8 10 33 38 18 30 26 25 19 0 31 17 29 17 16 15 46 9 24 46 23 39 12 16 38 34 41 18 39 17 14 24 33 34 23 26 39 17 39 48 39 12 4 20 37 38 18 47 42 34 17 34 26 20 30 23 24 20 30 27 16 32 24 14 19 33 24 23 37 26 44 11 31 23 15 13
0 35 3 23 17 5 22 22 20 13 37 13 24 47 37 22 21 11 46 41 21 14 19 18 46 26 14 49 23 21 42 16 44 3 33 0 25 14 43 4 22 21 10 19 43 28 20 21 12 14 13 10 13 25 19 24 41 21 50 15 22 22 22 30 6 9 5 31 28 37 24 41 15 33 48 7 15 19 27 5 1 29 47 30 26 44 23 26 42 16 32 31 43 41 18 18 24 43 38 16 14
0 30 24 1 28 17 18 28 15 43 30 37 6 42 27 26 3 41 35 43 7 36 17 17 10 28 17 1 41 40 16 39 10 36 13 34 0 28 24 16 21 44 25 27 34 36 43 19 29 8 38 28 28 39 17 45 28 23 25 52 35 41 30 22 21 6 21 26 25 19 13 31 14 32 43 36 25 8 15 26 14 29 48 31 26 29 42 37 40 33 16 35 22 38 23 28 30 40 20 23 3
0 16 45 25 33 23 4 36 5 20 21 8 24 40 34 27 43 46 7 31 43 12 25 17 24 23 31 39 22 32 10 33 23 35 26 50 19 0 24 16 42 18 25 12 42 15 23 30 26 17 22 29 51 25 10 11 16 21 46 22 34 26 14 14 31 17 41 37 20 14 24 3 28 41 31 51 52 40 21 28 24 2 28 24 8 43 22 19 37 2 28 25 30 7 40 45 26 8 51 44 32
0 28 11 46 21 38 21 29 9 5 38 35 47 8 31 27 48 38 14 33 15 19 17 37 23 28 31 24 29 10 23 7 24 39 20 39 31 25 0 5 45 27 30 12 28 22 39 30 35 25 27 39 22 14 27 30 24 11 22 17 17 34 10 22 45 30 15 23 21 35 23 30 31 32 12 30 27 5 34 48 41 4 10 49 0 2 33 32 21 44 26 20 33 18 12 28 38 14 42 0 27
0 47 25 26 20 25 21 29 39 8 31 36 19 17 31 17 33 15 14 25 6 34 0 16 34 24 34 25 15 27 29 22 17 42 4 9 18 34 24 0 32 17 39 3 46 23 25 14 18 26 31 29 5 27 34 30 31 13 52 9 8 6 29 18 31 29 31 40 18 6 27 21 25 11 17 34 32 30 30 23 46 26 30 30 26 29 30 41 24 9 15 22 34 14 16 31 10 35 27 11 23
0 23 48 25 32 39 41 52 34 51 30 27 17 26 26 27 29 35 30 9 25 20 45 30 31 44 23 40 25 39 21 21 23 26 48 14 15 28 28 25 0 11 11 31 2 9 44 38 35 23 33 43 25 15 24 21 24 9 37 19 26 11 11 32 41 34 13 50 25 33 17 19 34 12 17 40 16 26 29 26 21 14 23 38 18 14 11 16 26 30 15 35 28 30 40 24 37 20 28 26 12
0 29 12 22 43 42 24 32 45 23 8 25 24 9 39 37 46 16 14 18 24 24 27 20 25 11 24 35 19 42 20 6 42 15 30 48 36 43 49 27 20 0 25 50 41 47 35 31 46 30 33 37 34 31 18 36 37 27 20 6 17 4 34 26 25 28 31 32 15 8 48 1 26 27 17 33 42 17 32 30 29 6 11 38 42 25 35 35 41 33 52 4 15 17 36 29 21 6 43 27 17
0 21 29 31 14 35 30 45 41 48 15 44 10 9 36 14 31 13 19 43 34 36 1 29 35 14 12 16 3 36 34 34 9 12 52 33 15 33 41 15 26 39 0 44 10 36 40 27 37 28 41 22 40 25 19 32 34 26 10 17 35 38 42 10 20 30 38 21 36 24 19 24 52 42 13 30 34 34 29 38 28 38 29 30 7 37 21 30 47 23 44 7 14 48 42 23 26 13 30 35 21
0 30 17 20 1 19 26 34 36 23 51 28 21 20 46 18 21 22 11 23 26 6 39 27 9 9 10 30 52 36 31 15 48 33 4 32 23 35 19 29 15 31 23 0 30 50 40 17 42 31 9 29 8 28 36 30 38 44 20 35 40 24 26 13 38 35 36 19 17 30 41 38 19 36 31 15 18 39 30 2 23 26 20 38 20 28 40 16 38 22 29 26 41 11 34 24 30 17 35 27 35
0 10 49 14 12 24 12 22 29 27 12 31 27 14 20 38 33 7 33 19 20 24 43 39 16 24 14 23 25 10 5 19 46 33 2 2 32 25 27 36 17 43 47 21 0 30 38 32 35 13 20 40 32 3 10 9 18 31 32 31 22 48 28 6 42 35 24 21 34 27 14 7 23 3 17 38 15 22 27 22 39 25 14 29 18 36 19 40 47 50 15 19 15 37 30 36 31 20 39 37 10
0 42 49 28 24 2 18 43 29 25 18 16 40 28 18 37 19 44 4 26 42 3 22 28 42 25 25 23 34 18 48 31 26 18 31 17 31 44 6 17 28 9 37 38 34 0 9 19 29 18 23 19 48 34 50 35 21 10 7 29 32 19 12 30 15 12 20 40 33 16 31 19 19 1 31 25 33 45 46 35 29 23 37 42 21 10 19 29 46 23 17 11 35 23 29 11 34 52 16 32 27
0 34 6 26 15 23 11 7 33 37 9 31 29 30 36 32 23 24 40 25 10 27 34 32 12 13 15 32 5 33 13 22 26 31 23 52 33 41 23 12 32 37 40 13 47 16 0 25 22 12 34 26 34 46 30 35 27 34 12 25 38 23 19 8 16 26 37 22 17 13 40 31 25 38 36 42 31 47 26 37 6 14 8 39 22 35 49 22 34 16 16 11 30 39 20 14 32 32 18 11 5
0 13 25 20 22 18 36 2 20 18 31 14 15 35 38 13 17 22 46 31 43 35 32 8 42 15 25 39 30 31 24 18 38 26 13 36 39 36 23 34 28 26 17 37 13 46 31 0 14 29 17 40 36 31 33 25 32 32 34 17 34 42 40 36 23 30 29 38 44 35 47 43 19 19 30 36 33 29 28 39 2 20 29 33 8 42 10 20 44 48 27 32 34 11 33 16 9 28 27 22 35
0 13 29 17 39 24 25 22 14 14 44 31 18 28 28 18 24 26 31 29 25 12 38 15 29 39 28 22 6 49 37 28 25 39 31 32 24 29 19 28 15 36 19 47 41 22 11 31 0 22 24 8 49 15 40 22 16 23 37 17 16 14 3 28 40 38 32 12 38 45 8 27 12 26 26 33 20 35 24 26 41 32 10 39 42 7 30 28 14 28 18 19 22 16 25 31 26 38 20 16 17
0 42 19 6 15 31 42 19 39 5 24 31 16 29 37 21 31 33 31 37 24 28 23 12 22 23 17 10 30 18 29 31 22 27 25 13 16 24 20 4 35 45 27 30 25 27 40 21 15 0 32 51 20 39 7 22 51 40 31 10 20 38 36 35 18 42 21 19 20 9 15 33 21 19 39 10 31 26 1 20 21 47 22 2 27 21 35 35 4 42 33 39 16 35 45 3 34 15 32 4 26
0 15 25 35 43 29 16 7 9 39 47 10 45 31 45 46 19 12 34 30 19 29 27 43 48 20 28 12 43 51 27 37 49 17 36 7 10 15 34 46 31 39 12 20 23 42 46 26 34 36 0 31 40 21 31 17 23 17 11 15 21 39 26 26 40 14 29 26 27 24 37 24 25 12 25 19 46 44 47 1 35 35 18 35 21 34 23 26 16 13 28 27 43 24 33 41 15 37 14 29 37
0 21 9 34 9 26 19 31 19 32 30 26 34 24 34 39 25 28 32 16 33 30 16 27 28 27 35 33 18 18 21 12 23 10 12 42 32 45 27 19 12 42 32 6 5 3 21 16 39 17 7 0 21 15 36 17 20 40 21 30 34 31 22 18 15 10 19 42 29 40 33 18 18 11 12 19 25 36 21 39 14 45 21 21 28 24 24 26 24 41 32 37 0 21 15 48 19 26 41 26 19
0 11 18 21 36 29 41 10 28 34 15 40 25 35 15 16 24 4 3 11 52 16 41 16 29 28 20 19 7 25 28 29 46 34 39 49 27 22 27 51 31 8 12 4 29 13 26 18 30 37 38 17 0 29 31 7 27 31 22 11 25 19 9 38 35 37 14 21 38 18 30 30 32 30 37 30 14 18 13 39 9 20 40 25 19 33 33 22 42 30 32 27 32 40 16 34 15 34 42 30 7
0 43 44 12 1 30 46 34 29 48 13 29 32 31 22 5 29 19 42 15 34 17 22 7 8 12 18 37 18 30 32 23 15 10 29 13 20 25 14 21 7 27 23 16 30 19 17 31 40 36 27 51 31 0 26 30 20 46 37 8 27 37 19 39 33 30 15 45 10 17 32 42 38 14 25 24 33 3 24 16 45 32 21 36 28 18 27 35 26 30 33 31 21 41 36 18 8 38 26 32 3
0 29 9 48 20 20 26 29 26 28 11 33 41 36 44 45 27 8 17 35 20 29 21 17 21 42 27 40 15 9 51 28 9 15 36 35 44 35 33 47 27 34 15 12 6 21 44 48 12 45 5 38 6 22 0 12 31 20 24 18 29 21 36 34 6 33 34 38 9 50 34 27 15 31 28 32 12 28 2 47 31 4 29 49 16 52 26 23 20 38 11 33 15 26 21 15 38 45 43 22 12
0 30 44 12 47 31 33 22 1 17 42 25 38 23 38 32 25 40 32 34 37 23 27 38 21 17 13 13 29 22 36 31 19 16 28 45 32 49 20 10 36 21 9 24 40 30 26 40 47 44 27 14 37 24 42 0 37 19 28 9 43 22 22 32 23 5 37 12 28 24 26 7 47 49 12 21 9 13 4 32 7 20 5 8 38 22 19 33 19 4 24 37 41 22 23 12 17 32 32 38 41
0 26 34 29 22 47 14 32 41 43 46 29 22 36 19 31 24 14 45 34 13 22 26 32 28 16 40 13 35 33 40 28 27 27 47 30 24 25 10 5 41 15 27 32 32 22 23 11 46 17 12 19 40 27 27 24 0 16 11 32 20 22 44 13 44 9 33 27 16 40 23 8 31 20 26 21 19 25 33 32 19 43 32 36 47 8 49 12 29 48 23 8 40 23 45 33 35 19 16 21 25
0 23 43 32 12 29 30 37 22 20 30 28 23 51 25 31 22 49 21 51 29 21 27 35 32 18 45 33 7 1 14 4 20 26 11 14 17 19 15 27 21 26 30 28 28 22 16 16 46 8 32 21 13 31 29 34 32 0 47 19 37 18 36 26 31 14 14 44 25 17 19 25 18 30 19 28 30 38 28 23 17 29 12 39 32 28 12 38 32 25 28 40 27 16 16 21 26 48 24 41 45
0 3 20 49 24 30 10 30 17 27 18 2 6 22 36 30 41 24 4 22 9 35 33 25 16 29 25 10 32 48 48 12 36 24 14 26 40 17 19 23 24 23 20 26 52 34 28 51 37 31 17 12 26 29 18 32 39 19 0 10 19 34 33 2 17 5 24 30 49 38 5 28 13 41 23 35 31 26 21 38 36 29 33 30 13 51 46 35 17 13 2 28 24 23 20 37 37 20 10 17 3
0 36 23 33 33 19 26 11 22 20 29 29 26 11 9 34 13 41 37 27 22 30 20 25 29 38 42 44 16 30 32 25 13 38 34 21 25 26 15 27 6 38 40 30 42 5 31 35 12 9 28 42 18 42 32 16 51 42 19 0 19 26 51 21 13 42 47 25 11 26 27 48 37 17 34 38 26 15 16 43 30 18 42 18 30 25 37 34 27 12 30 48 12 12 26 12 11 25 47 22 9
0 36 26 33 49 52 41 15 41 24 18 31 29 42 31 6 7 46 42 35 14 14 23 16 29 30 49 19 17 18 22 16 15 21 35 27 45 24 28 43 30 9 23 37 36 25 40 26 32 19 19 36 7 37 17 43 16 27 47 11 0 22 26 21 11 44 20 17 24 32 12 37 29 30 10 22 33 41 20 14 22 31 21 21 29 26 25 25 27 17 20 33 24 25 10 18 27 38 28 12 23
0 34 17 23 18 24 31 48 19 10 7 20 22 21 23 34 29 46 22 42 21 39 17 25 21 26 25 19 16 25 34 32 49 34 44 31 21 13 29 19 29 19 29 45 1 23 50 3 13 16 24 26 15 14 46 45 50 36 32 20 33 0 36 27 24 29 30 17 51 34 40 23 45 12 10 32 44 18 32 35 24 36 16 25 22 36 16 18 29 41 25 20 7 27 4 12 29 46 34 20 37
0 5 32 4 34 28 51 47 33 5 14 13 14 36 17 50 13 28 42 26 13 34 40 19 50 38 14 30 8 22 16 33 49 31 33 17 29 17 37 36 29 26 49 32 32 40 6 41 17 21 27 32 39 30 24 36 28 39 38 19 22 35 0 15 20 28 32 6 26 25 18 52 24 18 43 21 21 31 41 36 21 16 16 8 42 38 12 8 3 32 46 9 25 1 24 40 25 30 18 7 35
0 43 19 14 37 6 29 34 38 40 39 9 23 24 9 32 42 19 27 16 15 17 49 45 16 25 16 39 37 29 37 33 36 37 30 24 36 38 31 37 21 30 6 48 13 46 18 39 33 26 34 22 33 38 16 6 30 8 22 18 16 39 39 0 26 36 44 41 43 46 10 29 34 17 38 35 12 13 33 9 15 37 51 30 38 12 37 37 9 33 15 40 18 1 25 45 27 13 32 40 21
0 23 19 34 31 33 36 24 9 29 31 17 14 7 36 11 13 24 51 29 13 30 4 35 27 30 12 12 33 21 38 25 30 17 14 38 1 1 18 25 31 39 51 19 12 35 38 20 28 37 19 26 10 18 25 39 26 21 29 23 46 28 31 33 0 37 10 15 22 26 13 41 35 33 27 38 21 16 43 41 20 27 19 30 34 29 5 1 20 37 32 35 25 25 22 35 14 30 18 22 11
0 22 38 28 8 26 19 23 25 1 36 38 44 24 23 3 17 36 24 33 51 39 38 50 30 10 3 48 10 18 23 12 45 25 44 35 29 29 16 25 13 17 45 37 35 8 40 28 30 11 40 22 30 24 17 13 25 38 8 18 23 49 28 8 35 0 27 27 11 13 50 24 22 27 51 9 39 37 32 35 32 25 29 11 32 27 20 35 30 8 18 18 24 34 45 33 13 41 19 27 12
0 42 30 11 31 25 20 27 9 25 24 38 11 26 34 23 39 25 26 21 34 43 28 47 28 35 28 25 52 8 18 20 18 30 38 38 26 11 37 26 25 29 17 34 32 18 34 17 35 28 50 25 6 39 13 12 23 16 8 44 12 19 18 39 35 43 0 32 31 21 25 49 27 29 43 4 19 22 12 26 9 6 14 11 31 25 34 37 21 49 12 49 26 1 17 40 28 19 23 39 24
0 1 28 30 23 27 45 28 27 36 45 45 32 21 32 16 22 33 11 21 44 30 13 49 22 25 41 19 35 35 16 27 38 27 46 16 21 38 41 33 36 50 18 32 24 40 22 4 36 23 31 3 38 46 14 33 10 40 49 28 24 32 22 18 28 10 1 0 34 21 23 6 17 15 10 25 16 6 25 36 18 19 20 24 13 27 22 24 5 10 34 28 14 21 27 18 11 22 36 45 14
0 6 29 20 34 27 25 23 7 20 43 32 31 29 32 43 24 45 34 46 21 33 41 18 42 15 20 14 31 25 40 51 29 16 23 18 36 20 47 24 20 38 25 3 32 13 25 45 33 24 21 23 16 52 2 34 15 14 16 9 22 40 31 29 9 45 13 18 0 1 25 1 16 25 25 47 38 37 29 23 40 32 12 39 17 25 20 27 23 10 11 25 41 11 17 27 35 22 13 11 14
0 33 40 9 15 29 21 15 33 32 34 45 37 19 41 12 37 7 19 4 35 20 19 31 30 16 23 32 24 45 21 5 25 17 26 2 29 10 39 40 12 30 17 36 27 39 28 23 41 35 18 31 43 11 6 42 19 22 27 25 10 21 26 30 12 33 36 8 25 0 13 4 34 16 38 24 15 37 24 4 46 28 43 26 19 35 29 20 30 24 37 45 23 41 48 45 12 25 45 21 9
0 24 19 33 40 32 10 43 25 30 34 7 11 38 23 19 27 7 16 15 15 23 15 15 3 34 11 31 21 33 32 20 37 29 31 50 38 22 42 15 21 25 18 28 11 21 10 29 40 38 25 8 36 34 6 4 30 14 31 50 2 14 46 9 50 2 24 38 42 13 0 42 36 28 21 23 38 1 39 13 47 15 17 20 9 39 26 15 15 25 34 21 36 22 38 18 19 38 35 23 4
0 19 19 42 9 40 29 25 12 24 18 4 36 18 38 19 30 23 39 21 19 30 26 18 29 35 48 10 35 52 29 38 28 28 44 19 34 12 34 44 38 39 16 19 38 43 34 37 18 44 39 18 32 24 30 39 15 7 52 52 34 23 27 36 39 29 21 33 7 28 13 0 26 24 26 18 7 12 16 15 21 26 25 21 19 31 24 26 41 23 25 36 22 28 50 26 49 11 17 19 35
0 31 1 21 25 26 17 24 25 27 19 45 20 21 20 34 30 36 25 34 36 11 25 8 26 13 18 20 36 22 31 28 22 31 2 44 30 44 45 34 46 35 26 44 37 15 23 23 2 37 19 43 30 26 41 49 27 20 26 50 26 42 20 14 5 22 31 39 15 19 27 20 0 41 35 22 11 30 35 35 38 35 31 47 25 27 21 15 34 33 29 50 0 27 30 5 28 11 36 46 46
0 40 32 30 37 31 42 36 30 25 34 29 10 11 18 28 8 22 9 27 35 10 30 14 24 22 45 23 39 23 14 16 4 36 45 30 38 17 39 33 26 40 22 20 43 3 25 38 49 28 16 40 29 26 21 50 27 29 35 29 20 36 21 24 44 14 20 25 32 18 35 31 12 0 18 34 35 16 37 20 2 31 20 33 24 44 17 19 17 29 29 13 42 9 27 20 31 19 20 32 42
0 44 30 15 23 24 41 45 24 24 22 13 14 32 46 9 30 18 5 28 15 30 43 16 28 21 13 16 23 13 32 13 44 41 26 22 37 2 49 42 34 13 39 20 36 22 19 1 21 10 36 29 29 40 39 26 36 29 41 36 16 5 46 16 36 25 40 7 47 37 33 40 36 38 0 42 22 31 17 24 12 28 49 25 20 26 18 27 38 18 22 26 28 39 35 18 7 7 31 17 21
0 21 28 29 18 23 34 28 38 10 13 25 44 24 20 44 17 22 23 27 45 31 27 36 16 16 25 42 29 22 24 18 48 11 26 24 26 37 18 17 23 15 38 20 11 48 19 46 25 7 26 47 10 40 33 28 11 45 46 11 21 31 24 27 31 21 14 27 19 23 19 1 38 12 25 0 9 29 49 36 31 19 31 2 11 41 31 39 42 22 36 41 38 16 18 7 24 2 25 18 17
0 22 27 17 26 33 29 33 33 35 11 33 24 28 29 30 13 31 16 31 23 16 34 43 33 12 6 19 46 29 18 19 37 47 19 30 28 22 21 31 22 21 12 28 1 11 24 40 11 15 19 32 27 34 31 30 27 38 28 17 23 33 22 30 32 45 6 8 39 19 13 25 21 33 6 7 0 32 6 26 27 4 14 12 17 14 33 45 28 4 0 12 15 12 30 18 16 31 9 5 27
0 32 12 21 42 1 43 26 34 25 35 34 7 13 19 27 12 3 39 39 36 29 16 26 4 36 20 27 28 27 23 34 43 18 21 49 35 31 14 25 8 46 21 35 36 24 38 20 34 32 45 21 13 23 29 34 20 19 18 41 14 19 27 50 15 15 9 17 3 30 25 21 21 26 40 30 21 0 26 9 17 26 33 39 25 9 15 13 42 8 36 25 33 13 40 37 22 32 35 15 21
0 29 40 23 37 14 28 32 37 20 18 10 33 24 28 39 21 6 29 20 21 28 37 10 23 19 27 14 23 30 0 33 28 25 28 31 23 18 36 28 17 9 23 15 11 24 31 27 27 26 11 18 27 32 24 7 16 13 19 35 30 24 29 44 18 9 41 33 11 38 22 34 5 43 28 13 21 40 0 27 45 10 34 7 22 30 33 28 37 34 19 25 42 25 33 46 33 33 34 8 18
0 19 30 46 29 20 18 32 2 39 32 44 42 50 18 27 39 1 29 1 34 27 7 20 11 22 26 39 4 14 31 41 20 42 42 42 18 50 51 37 33 12 30 7 6 23 19 43 20 34 5 29 26 26 25 6 24 30 38 6 29 5 41 14 24 48 13 32 16 49 42 26 10 23 20 6 28 18 11 0 16 20 27 43 5 14 34 16 26 15 24 35 41 33 24 4 32 17 35 32 30
0 10 21 11 42 21 33 31 18 29 33 45 40 36 32 1 40 23 1 19 4 34 46 17 32 23 10 28 22 29 30 44 34 40 22 24 31 35 14 19 25 28 25 19 31 13 35 9 19 17 18 25 17 34 21 29 27 42 24 13 31 34 36 29 25 8 21 45 0 36 26 20 11 36 33 22 22 6 29 37 0 12 20 13 40 18 20 17 25 37 41 10 16 27 28 19 26 25 22 29 27
0 29 30 24 7 6 32 44 31 24 45 24 25 20 18 27 38 31 23 11 15 24 33 2 29 13 6 28 1 24 51 22 29 15 31 8 20 29 18 17 8 20 44 16 19 21 10 29 28 1 21 32 35 18 38 24 15 13 22 21 20 15 45 37 33 17 10 46 44 31 21 37 38 46 26 40 18 46 15 21 11 0 8 29 49 39 25 40 15 5 46 47 13 31 21 22 28 26 24 38 36
0 26 13 25 31 49 32 33 19 12 42 18 46 50 26 16 15 21 29 28 27 21 23 41 19 33 22 15 27 16 4 23 9 24 34 47 22 43 12 33 21 31 43 10 35 31 25 20 29 32 33 45 18 44 14 26 43 35 35 32 16 49 37 39 45 47 51 26 26 28 18 14 51 18 28 32 36 16 39 38 10 5 0 14 30 44 3 28 26 19 15 25 36 35 10 28 41 38 25 31 22
0 43 24 14 21 19 32 27 7 50 20 30 34 30 31 50 44 37 28 29 39 23 32 5 18 35 3 3 48 15 47 41 26 22 38 31 12 37 21 23 25 22 46 21 14 37 23 36 16 20 32 26 19 21 38 24 23 43 35 26 19 41 24 19 14 32 24 50 26 33 31 47 24 39 20 23 19 51 20 22 22 9 25 0 4 25 39 20 32 30 12 26 24 9 29 34 33 6 34 15 19
0 41 17 18 32 9 34 35 23 14 25 33 28 8 44 29 30 14 23 36 24 21 7 30 35 17 29 26 21 22 19 29 43 43 22 37 43 34 7 20 50 24 12 35 5 21 18 13 22 25 29 27 20 36 37 10 18 15 12 17 11 16 45 26 16 23 37 44 48 6 49 36 26 28 29 16 26 12 47 37 15 21 24 35 0 24 19 43 27 38 33 41 37 27 40 33 45 22 14 14 3
0 31 41 28 22 14 26 30 16 17 41 29 21 40 27 35 44 14 31 43 21 24 20 2 47 35 30 45 12 27 12 45 7 6 12 18 25 22 26 31 25 46 31 38 21 10 26 32 31 36 24 27 19 35 21 19 26 36 8 37 34 30 23 49 28 18 26 26 17 23 23 39 47 27 9 16 27 33 32 19 1 29 23 16 22 0 26 38 33 22 4 22 22 20 51 10 16 18 20 13 25
0 20 39 32 31 18 39 21 21 22 42 10 39 18 18 12 37 35 25 20 36 36 34 30 24 21 28 26 45 27 21 32 18 26 46 28 15 27 36 36 43 25 6 51 24 10 19 45 25 24 17 34 33 21 50 34 24 38 45 24 36 12 30 35 10 45 23 37 29 20 22 39 22 48 29 42 32 44 34 37 27 21 38 24 14 34 0 33 21 23 44 17 27 45 12 28 21 4 25 52 18
0 12 28 28 19 24 26 38 36 20 27 14 43 23 14 32 34 40 12 25 13 38 20 37 26 24 19 32 19 30 31 25 48 28 25 30 13 22 13 12 14 24 36 45 39 29 35 44 24 35 18 1 47 23 46 31 12 33 28 13 19 37 28 34 21 34 17 12 51 28 21 14 14 35 38 34 35 20 29 31 33 39 30 11 19 33 22 0 33 35 4 28 17 36 17 25 24 16 29 38 23
0 44 38 36 38 29 32 23 23 22 17 36 24 33 44 43 31 15 14 14 29 31 35 26 9 37 31 8 21 29 10 32 23 25 43 21 35 29 25 30 44 24 14 44 40 0 25 16 25 34 40 31 17 13 18 20 30 23 6 28 18 4 17 33 33 34 20 10 39 20 1 22 25 41 34 33 32 34 34 28 33 21 12 13 34 13 17 6 0 34 13 17 16 29 25 23 21 46 27 25 23
0 29 13 37 34 39 34 45 33 37 6 33 11 19 51 35 5 23 33 15 24 14 40 36 36 27 44 30 42 14 21 36 26 26 7 22 16 25 15 28 35 39 31 28 32 25 22 31 22 42 8 37 33 37 48 10 42 30 20 26 49 49 20 27 25 35 30 14 38 23 39 27 30 5 17 26 33 31 23 37 27 38 3 21 27 36 8 33 24 0 20 13 38 21 15 25 19 39 11 37 27
0 11 34 30 41 48 34 43 32 33 32 6 20 32 11 21 39 28 40 7 25 26 14 44 33 28 38 47 37 17 34 36 39 31 46 29 32 13 27 8 36 31 18 44 13 11 22 50 19 26 26 39 43 28 17 28 15 12 26 13 21 19 42 47 8 13 20 0 5 13 8 23 42 39 31 18 39 41 34 33 25 31 24 36 39 39 24 34 38 15 0 34 28 15 27 25 39 21 15 47 21
0 48 34 48 13 32 19 0 6 8 13 32 20 16 26 39 9 27 48 12 22 44 19 15 38 24 38 43 5 34 48 15 40 13 49 16 25 22 40 12 31 35 46 29 7 5 32 38 38 26 14 29 26 7 23 4 39 26 7 45 24 20 14 12 10 11 27 32 5 39 33 31 50 7 17 21 26 14 24 5 6 20 23 38 41 36 33 23 28 7 27 0 23 13 23 18 12 22 20 15 12
0 30 20 46 50 41 31 33 44 21 24 15 7 15 25 42 41 32 30 41 16 20 33 16 37 26 20 22 36 31 35 21 13 20 29 4 35 25 26 19 36 27 27 25 28 29 40 26 31 39 21 30 20 29 25 3 31 24 25 41 23 19 52 17 20 18 37 29 33 21 28 23 44 20 30 31 44 20 18 25 6 30 34 31 31 28 20 24 17 23 31 39 0 13 20 49 16 30 40 17 28
0 44 29 42 43 22 18 3 23 32 21 24 22 32 45 24 30 44 38 15 25 32 25 34 35 52 15 22 34 22 31 32 31 41 11 26 38 23 16 28 21 28 13 41 19 21 22 40 12 22 16 47 41 7 39 22 24 16 22 15 29 5 26 11 36 18 20 9 6 49 35 30 28 31 6 16 12 34 46 10 24 33 23 32 5 9 37 15 30 22 10 9 44 0 22 25 43 32 29 46 45
0 8 39 16 42 30 25 37 7 42 12 34 34 48 15 38 7 32 19 2 9 49 15 10 36 22 42 33 50 13 17 1 21 38 18 10 17 23 39 13 30 35 34 17 33 16 0 37 12 30 20 16 41 15 37 34 38 21 23 42 20 39 28 29 11 35 44 36 17 49 5 11 44 17 19 30 28 25 31 34 18 22 14 5 24 22 15 15 18 25 39 14 18 11 0 26 20 44 18 29 25
0 34 20 37 40 30 11 22 36 22 18 15 51 36 15 26 19 23 23 36 23 45 18 42 47 11 9 22 46 10 28 34 39 22 7 36 31 22 31 24 28 46 17 38 14 32 22 45 47 37 41 49 31 31 38 22 41 29 38 36 40 21 23 47 29 30 33 35 20 10 17 33 19 22 29 18 40 22 33 43 21 34 49 20 10 19 28 29 37 36 5 17 22 23 19 0 26 35 38 52 33
0 35 20 33 17 25 33 28 32 5 50 40 49 36 26 21 32 25 34 36 50 7 27 31 38 25 39 31 37 48 28 26 31 24 41 1 10 29 30 32 25 11 16 2 30 24 42 33 24 21 18 38 26 38 48 19 40 45 21 21 4 27 30 20 32 24 5 17 23 23 8 30 25 2 34 44 42 16 17 21 14 46 37 30 39 16 19 15 29 22 27 43 11 47 8 35 0 13 38 14 24
0 49 13 37 17 36 34 31 25 31 19 31 33 32 37 49 33 34 39 22 17 20 23 36 12 25 22 25 24 23 15 8 14 36 36 20 21 43 11 46 25 22 25 36 22 24 33 20 1 15 13 20 28 35 23 10 19 41 17 25 17 30 46 10 18 7 21 16 44 29 29 28 19 11 36 35 29 51 11 39 30 2 47 34 14 8 40 30 26 22 27 17 23 29 29 26 47 0 40 34 15
0 26 15 27 45 39 30 9 22 28 26 41 30 45 20 29 28 6 16 28 33 10 31 49 25 24 30 25 21 36 26 35 20 47 24 29 36 42 35 2 23 18 31 33 47 47 12 28 14 46 35 28 35 16 42 34 41 12 15 32 17 31 19 23 28 21 17 29 15 29 15 41 45 41 30 26 31 14 43 40 4 23 25 42 50 15 36 34 18 39 35 8 40 39 15 27 44 16 0 12 26
0 26 26 51 15 38 29 37 7 15 36 52 34 30 25 29 29 0 13 32 49 25 38 15 8 44 24 23 25 33 30 31 24 12 11 27 6 22 1 27 37 25 27 48 33 17 33 22 13 50 22 26 26 18 46 35 22 35 15 24 15 31 30 12 27 1 40 35 45 21 32 32 24 14 3 23 19 42 20 43 52 19 10 8 38 32 8 36 15 38 30 23 8 30 39 28 37 27 25 0 37
0 36 29 34 34 13 12 31 30 13 30 49 41 50 22 45 28 6 36 21 25 19 37 23 25 29 9 19 31 30 19 26 24 32 39 10 13 37 24 32 30 4 30 26 1 26 36 25 19 29 16 35 27 36 17 21 20 34 34 47 30 28 37 15 36 13 21 40 33 25 20 42 19 31 34 21 35 37 17 46 45 14 23 25 38 42 26 43 35 27 22 32 32 23 23 28 14 42 21 11 0
