100 4
1 941 5 10
1 551 10 7
2 671 3 9
3 708 2 9
4 860 4 10
3 722 2 7
8 962 7 9
4 833 5 3
15 952 5 9
5 539 2 3
11 1035 4 6
16 1024 8 8
13 950 8 6
11 648 9 5
22 977 5 8
23 1029 8 8
29 605 5 10
12 983 5 4
33 572 4 10
31 771 4 9
37 607 4 10
35 871 2 9
40 770 5 10
40 680 6 9
22 634 2 4
45 594 9 8
17 764 3 3
35 989 3 6
41 846 10 7
18 1034 8 3
24 1003 6 4
44 692 4 7
38 1031 7 6
39 758 10 6
53 634 5 8
27 611 2 4
62 765 3 9
30 988 4 4
39 1039 8 5
81 741 7 10
65 925 7 8
77 622 1 9
35 737 6 4
44 880 7 5
88 574 1 10
82 874 10 9
47 819 4 5
87 1065 6 9
79 661 7 8
72 618 7 7
83 868 1 8
42 600 10 4
64 984 10 6
77 814 7 7
44 961 5 4
56 727 1 5
57 962 5 5
93 582 9 8
71 549 3 6
83 698 4 7
95 880 6 8
25 804 10 2
13 881 10 1
96 888 4 7
70 1033 9 5
58 601 6 4
93 962 5 6
63 744 3 4
64 893 1 4
98 824 2 6
99 676 9 6
86 812 8 5
69 808 5 4
35 692 5 2
88 1029 4 5
92 630 5 5
58 638 6 3
58 712 9 3
98 955 2 5
81 612 2 4
81 590 8 4
44 1053 4 2
66 617 3 3
45 701 7 2
92 544 1 4
94 891 10 4
80 604 10 3
59 855 7 2
97 599 8 3
76 964 4 2
80 654 3 2
82 1031 4 2
94 849 4 2
96 877 2 2
53 981 9 1
54 640 4 1
63 911 7 1
86 804 4 1
93 592 9 1
99 1042 8 1
SETUP
0 3 37 34 45 40 36 39 26 12 26 51 14 5 4 41 35 25 12 30 2 33 39 17 32 41 38 9 50 41 33 21 18 8 35 30 7 22 40 3 7 47 12 19 6 9 33 23 12 12 27 28 28 40 18 37 13 21 17 41 8 29 23 34 26 21 5 16 24 40 34 18 2 43 53 31 33 8 9 39 10 39 45 45 28 12 14 32 29 26 18 11 30 35 24 43 13 36 29 32 33
0 0 37 11 38 36 38 14 24 23 34 39 12 32 39 31 21 14 20 16 37 22 23 13 43 25 50 30 21 30 19 35 52 40 42 20 27 39 36 4 20 18 28 13 11 33 43 30 30 23 42 19 19 22 40 30 37 33 18 35 38 12 37 37 33 28 21 22 31 37 16 22 45 30 27 33 30 26 13 9 35 43 10 32 24 3 36 26 23 29 36 28 16 22 37 30 42 18 31 33 24
0 36 0 48 18 21 17 40 31 28 18 47 22 17 38 27 43 14 31 12 50 36 30 47 29 42 29 29 23 13 45 35 48 17 28 21 32 25 5 35 19 47 36 4 31 35 41 24 9 43 8 21 1 22 35 23 21 22 28 33 46 13 31 23 29 22 14 23 29 5 34 32 38 48 30 30 30 0 3 34 9 17 14 22 34 22 24 13 29 43 34 28 23 45 32 13 19 39 25 36 31
0 29 35 0 16 43 38 23 5 19 40 12 29 23 26 14 27 5 27 53 40 47 38 25 48 5 36 11 42 22 21 24 2 27 22 14 10 15 5 23 27 42 35 32 47 11 17 19 7 4 29 39 17 8 38 15 30 50 6 23 18 35 33 34 28 33 48 33 20 22 46 26 29 3 47 28 20 47 31 5 27 41 38 32 3 3 22 34 12 23 34 14 21 18 47 36 19 26 45 43 6
0 15 37 30 0 26 33 8 33 2 25 15 31 31 29 22 47 40 25 22 41 32 53 36 32 30 46 51 19 5 24 12 21 2 10 8 19 17 11 35 49 10 24 14 15 40 35 14 14 14 31 51 29 21 33 39 41 10 14 31 24 47 34 22 19 30 9 25 18 23 47 24 27 39 35 41 32 8 9 22 37 30 38 33 21 5 27 26 18 46 36 9 44 6 30 23 19 31 31 37 20
0 44 53 26 36 0 27 37 36 34 11 42 33 28 17 18 50 21 11 27 25 21 36 26 32 33 28 19 19 29 28 36 14 24 37 39 34 14 35 28 29 30 14 39 22 27 17 32 31 35 42 32 15 18 6 44 30 34 11 24 6 23 24 47 15 21 15 21 17 28 18 52 5 38 13 45 30 17 18 13 19 5 52 33 28 18 51 24 24 13 24 33 15 31 20 25 17 19 20 32 43
0 12 40 18 23 36 0 26 21 33 14 18 25 32 20 33 31 47 25 24 34 36 10 32 18 36 2 12 21 0 33 28 17 5 39 25 41 26 20 25 27 24 25 18 17 45 43 46 31 32 14 50 24 27 10 35 46 39 35 38 18 17 16 33 20 25 38 12 31 47 30 17 27 29 16 24 7 35 7 44 22 24 20 37 35 30 26 29 15 32 19 20 14 31 25 19 26 42 39 46 32
0 14 14 14 28 11 21 0 40 22 15 4 35 42 23 36 45 18 45 30 49 29 26 26 6 30 12 39 20 43 11 19 8 45 31 41 12 40 39 19 13 31 32 12 42 40 13 24 20 41 28 50 8 19 29 14 25 23 29 8 32 53 31 23 15 38 32 1 41 45 46 12 21 11 31 8 26 6 38 37 32 23 51 6 26 21 42 31 35 32 36 31 24 33 31 15 27 26 41 20 24
0 33 27 20 39 41 13 28 0 48 48 15 31 34 39 31 24 36 39 17 17 36 27 27 8 43 30 52 41 44 34 15 37 30 30 13 45 21 43 20 38 30 24 41 29 36 14 30 22 19 25 32 18 42 32 4 23 49 25 27 28 34 20 11 21 21 37 21 29 5 30 37 26 17 44 45 44 25 15 23 51 15 29 40 47 29 32 26 50 15 28 10 21 21 41 39 33 31 37 24 12
0 29 32 25 31 33 23 27 30 0 25 18 43 17 28 24 34 28 29 22 29 25 28 22 18 37 33 28 44 38 17 31 34 30 24 52 19 27 43 20 12 11 19 44 9 45 24 28 45 37 26 41 8 8 11 29 48 26 49 36 32 22 42 35 53 37 20 17 30 15 33 20 19 24 46 32 0 35 26 22 25 17 20 11 16 9 25 32 48 24 20 31 32 16 23 7 32 30 21 45 28
0 17 25 31 14 11 12 10 40 47 0 14 45 43 29 23 40 41 33 32 26 25 23 29 7 29 35 21 39 18 40 11 21 25 3 19 26 42 10 30 3 44 38 17 34 3 22 33 16 47 22 38 10 43 15 18 38 9 45 22 27 16 25 16 24 23 17 25 40 28 21 38 12 27 27 30 19 18 34 36 27 48 12 17 28 2 23 17 26 14 30 40 22 28 30 23 23 20 52 16 41
0 16 13 25 28 47 9 25 28 39 41 0 28 41 27 30 40 25 44 21 31 26 39 25 24 34 31 23 39 45 35 12 33 27 14 24 31 28 13 47 16 32 27 26 41 24 39 34 21 29 21 26 13 36 32 31 32 39 28 39 34 12 29 32 41 4 40 18 35 27 25 41 38 29 43 6 40 19 31 25 27 46 11 47 23 38 32 4 18 21 44 14 15 9 0 43 23 37 31 12 18
0 47 15 25 48 27 45 26 29 28 24 33 0 19 34 12 11 15 37 43 26 49 46 30 15 23 34 16 41 30 30 9 30 30 14 19 42 33 35 43 38 25 13 8 20 23 24 46 20 20 13 27 49 26 39 2 32 32 37 9 9 30 20 41 5 30 24 23 39 24 8 34 35 34 19 24 16 18 16 22 33 6 27 36 43 35 47 2 14 23 14 27 33 23 23 25 43 47 15 22 32
0 48 31 40 22 44 29 14 28 45 41 5 15 0 53 28 35 20 38 26 14 32 38 23 33 27 30 14 45 9 34 27 20 27 46 26 25 34 31 20 13 15 34 39 19 35 15 36 12 11 6 43 26 20 33 13 34 28 37 24 34 49 12 4 31 20 19 37 23 4 14 46 13 22 45 30 22 34 31 50 18 20 43 14 21 23 44 26 47 20 10 5 20 44 22 29 2 40 10 24 42
0 44 37 35 17 37 27 3 14 12 12 18 23 47 0 38 19 32 25 37 31 38 28 31 22 34 19 48 24 34 23 29 45 47 36 35 15 27 26 41 38 26 48 21 15 13 19 26 17 41 26 26 44 35 8 52 33 41 30 40 43 20 33 35 45 7 16 32 12 16 35 6 31 2 19 24 16 18 36 40 32 19 22 20 46 16 47 28 50 17 15 20 27 26 29 15 30 13 30 41 7
0 12 1 33 22 17 35 23 41 23 6 31 12 41 32 0 49 38 45 25 28 45 19 28 4 28 2 24 30 15 30 29 21 49 29 17 48 32 20 31 21 50 34 35 18 24 20 32 12 3 25 29 32 22 41 49 13 21 5 34 36 32 36 27 50 6 44 25 29 16 34 27 28 28 21 41 32 26 20 33 32 27 40 10 26 39 45 11 20 39 26 4 21 24 42 49 21 39 21 7 34
0 12 39 51 45 31 27 33 14 31 9 21 32 24 22 27 0 49 4 9 16 29 49 33 15 35 26 28 36 22 24 25 34 33 27 23 12 10 39 22 22 29 9 13 14 13 9 34 20 33 18 25 50 39 17 32 19 13 23 5 28 28 16 6 26 32 33 14 48 19 35 17 40 27 28 38 25 24 46 32 37 18 30 39 28 14 21 25 47 19 14 17 35 19 10 24 17 30 29 25 42
0 12 24 29 31 33 29 41 40 17 20 30 41 33 20 23 37 0 43 30 46 21 17 27 32 12 30 23 39 25 22 27 40 42 31 33 27 2 10 17 16 24 23 42 27 21 2 22 25 26 49 38 17 26 1 14 24 24 17 45 14 35 40 25 13 22 36 27 9 30 28 32 17 50 32 36 1 22 32 39 36 34 38 45 29 53 13 35 22 15 23 36 28 53 15 39 31 15 42 13 47
0 27 3 20 29 44 21 28 24 32 13 35 24 8 42 43 14 29 0 25 26 32 33 13 15 38 41 16 20 27 9 38 31 43 26 22 33 39 29 32 6 8 44 21 19 5 24 39 39 34 20 26 42 16 27 42 28 35 37 29 17 29 27 25 12 28 17 29 23 33 40 25 18 29 32 34 24 40 34 47 17 2 29 12 41 14 26 48 8 16 37 31 22 39 37 41 28 22 8 14 7
0 23 19 17 45 15 9 17 14 41 19 37 26 27 28 27 25 29 24 0 38 24 47 17 20 40 37 21 36 30 16 40 25 41 41 17 47 39 11 23 45 23 30 42 42 24 34 37 6 35 1 24 34 26 29 41 31 19 47 36 21 32 37 34 12 24 17 41 17 39 35 16 11 35 33 49 30 23 18 17 32 48 26 22 23 21 16 11 7 51 15 32 20 24 25 5 41 47 41 45 12
0 40 8 30 28 14 6 23 14 19 14 9 25 27 17 24 35 43 7 28 0 26 5 19 39 30 12 26 34 39 18 35 8 45 14 3 10 6 43 34 41 43 16 17 38 17 24 25 33 23 14 18 26 31 14 37 21 20 21 5 30 25 36 9 43 11 6 14 34 32 44 18 46 42 38 42 7 18 16 30 49 21 34 16 26 22 21 26 18 1 40 30 18 28 39 11 47 35 35 19 29
0 30 20 45 36 48 31 17 39 35 27 49 45 44 42 33 44 30 12 22 34 0 13 2 15 37 44 30 31 11 32 34 10 36 32 16 44 36 21 25 36 28 26 25 19 28 47 42 35 36 11 10 43 33 39 24 42 22 19 33 21 33 29 37 30 22 14 33 34 18 34 11 27 13 32 24 30 28 22 29 24 25 26 27 38 24 34 25 47 46 20 28 36 34 24 25 7 30 50 42 11
0 13 34 51 30 30 13 9 37 39 42 19 15 38 40 35 32 31 40 22 22 29 0 16 37 31 38 31 25 35 15 14 52 32 42 37 23 25 43 33 25 32 41 21 48 33 20 17 31 2 35 24 24 28 32 14 7 20 38 27 41 47 30 30 46 25 39 13 12 26 20 11 8 16 26 29 40 25 39 33 37 20 44 25 11 22 38 32 28 30 52 33 5 34 41 19 10 24 15 35 33
0 42 12 12 30 12 20 15 51 17 16 42 11 29 24 25 15 13 28 23 30 7 26 0 29 35 10 9 14 33 25 4 47 21 35 13 23 41 43 35 16 31 37 31 32 10 18 22 46 46 12 29 13 14 21 12 11 41 24 37 39 2 14 26 16 26 21 19 45 24 38 45 44 39 40 25 28 22 26 15 27 13 51 47 23 41 19 18 25 37 35 22 39 30 21 38 33 38 29 10 47
0 6 51 18 33 34 8 52 35 36 28 16 26 17 18 41 26 33 29 42 31 13 26 30 0 16 38 16 4 19 17 17 16 42 18 15 38 22 34 35 23 25 26 52 37 16 26 21 11 32 15 44 33 41 41 31 19 28 16 24 39 38 9 5 26 35 14 13 20 34 24 30 34 13 30 11 40 37 27 39 26 27 30 5 35 18 23 31 51 27 14 39 35 19 34 22 39 22 6 26 15
0 35 1 27 28 52 9 14 17 17 35 39 44 17 34 47 51 37 26 27 17 30 32 38 9 0 27 12 20 20 21 49 13 20 6 23 28 31 24 45 43 30 17 18 24 20 15 19 29 1 19 50 47 45 47 25 36 10 43 41 32 1 24 39 5 17 22 33 6 34 20 18 8 42 13 19 18 36 29 8 40 28 29 24 28 6 25 27 30 19 19 11 10 51 25 35 32 11 38 22 21
0 36 18 26 15 19 10 27 16 19 48 7 39 16 27 41 46 23 30 9 50 45 14 34 27 28 0 42 37 18 39 29 14 27 15 16 29 11 32 8 34 31 22 41 20 23 22 13 24 8 30 3 20 18 12 48 7 29 36 29 36 40 23 32 37 14 18 20 21 10 22 21 25 22 35 36 24 7 24 28 6 30 21 32 13 35 27 36 18 23 7 25 16 18 7 3 32 40 22 23 5
0 31 35 29 30 36 32 11 37 14 29 28 34 12 25 30 18 27 31 27 13 44 7 34 28 38 11 0 29 40 18 29 21 27 43 29 22 18 25 24 15 36 12 13 33 23 8 47 28 7 26 34 21 12 22 32 24 26 50 18 23 27 33 16 16 37 16 33 41 7 11 34 10 19 27 42 23 22 30 45 30 28 24 28 1 33 16 24 17 18 14 37 28 21 17 3 16 12 12 32 31
0 27 33 16 5 20 50 9 13 41 40 21 29 14 44 41 41 42 51 29 18 40 20 34 18 47 30 15 0 1 38 35 28 25 3 38 31 40 28 37 26 0 15 26 27 22 24 26 16 14 28 40 36 14 14 30 43 33 20 38 25 29 29 34 51 39 20 37 26 12 15 32 25 16 44 5 29 43 32 15 23 33 16 28 30 35 25 30 13 33 12 0 38 27 25 34 23 11 27 32 27
0 41 25 31 36 38 26 39 36 10 26 36 8 21 23 31 30 20 26 39 8 27 27 33 44 31 22 47 35 0 36 10 21 19 43 37 21 27 32 11 24 47 27 13 19 34 42 37 26 48 29 26 40 30 37 47 45 18 48 26 15 49 33 20 19 28 44 10 45 39 48 29 27 29 15 35 11 26 20 1 28 19 16 15 39 9 53 11 6 30 21 31 15 25 21 46 8 39 29 9 26
0 24 33 36 40 27 26 18 17 32 31 16 38 17 13 39 28 1 20 40 17 23 26 13 5 34 3 20 34 31 0 31 22 27 44 49 17 17 44 19 16 7 22 44 24 22 33 46 33 29 48 17 22 49 20 8 4 12 9 12 30 25 27 48 39 12 31 33 17 31 20 25 24 30 26 37 27 47 17 29 42 37 3 15 42 11 13 19 35 42 12 19 47 19 39 23 35 50 31 28 30
0 8 52 30 18 46 21 4 18 42 13 29 22 19 26 33 5 35 32 19 4 10 42 31 34 31 37 28 22 27 33 0 37 15 44 44 12 31 16 47 47 30 48 12 24 35 38 36 19 32 48 53 33 11 23 27 30 11 31 18 49 18 10 32 50 22 14 32 15 20 37 29 22 4 18 11 19 25 27 29 12 21 16 42 26 38 32 10 36 7 22 19 10 34 17 21 44 24 33 34 39
0 16 38 48 18 45 11 20 4 33 31 20 47 20 17 39 45 4 16 26 25 13 20 42 16 36 6 12 48 15 13 7 0 29 40 30 30 16 42 22 20 35 24 45 48 20 32 2 41 22 43 27 22 29 38 14 29 39 27 39 30 36 26 20 20 32 29 23 28 27 23 2 36 36 6 35 30 25 22 17 22 19 53 47 7 37 28 28 29 23 21 31 20 50 36 32 26 24 22 36 40
0 25 24 22 41 16 0 39 35 37 10 37 21 21 30 4 30 21 29 31 29 16 13 22 48 11 37 31 20 23 48 27 21 0 24 39 31 46 19 11 10 34 43 31 20 16 30 17 12 42 33 8 25 7 13 14 4 27 26 27 47 10 40 22 7 13 52 34 4 19 43 36 21 35 31 17 11 41 18 19 20 38 43 44 25 35 46 26 23 28 10 42 21 30 20 23 8 33 42 30 18
0 0 16 25 39 17 14 36 18 30 36 17 48 23 26 30 15 19 23 35 30 36 39 20 12 25 43 12 40 16 17 27 32 22 0 33 22 20 8 14 24 10 11 31 15 29 25 33 35 33 13 48 18 14 27 5 26 42 43 44 27 40 19 28 42 3 50 32 28 21 31 9 23 14 15 27 34 40 25 41 25 31 15 25 25 35 17 12 25 15 20 21 52 48 26 10 43 17 21 31 24
0 33 23 40 37 41 48 35 19 26 30 16 20 40 18 27 42 28 21 21 4 18 32 42 34 36 18 31 42 10 13 34 44 10 33 0 12 13 0 14 17 48 36 42 49 40 36 7 1 24 37 37 36 13 46 31 20 45 25 17 34 10 51 26 29 40 8 20 12 51 30 30 8 15 39 40 17 30 11 12 30 11 6 47 43 33 37 53 19 34 29 31 25 24 41 47 13 39 25 47 36
0 6 29 29 19 31 27 20 29 26 19 23 52 30 33 35 15 17 9 28 31 23 13 34 15 11 35 38 28 15 38 18 39 24 7 22 0 44 19 34 18 25 33 17 33 14 16 53 35 36 40 51 31 23 22 53 34 30 16 24 23 41 8 12 24 35 14 23 36 9 24 7 42 34 34 19 15 39 11 32 32 41 35 45 35 20 23 18 11 20 23 36 43 22 4 50 28 32 32 16 35
0 33 23 39 33 31 10 16 26 29 34 36 18 18 11 23 27 31 14 44 22 17 32 38 28 20 31 12 25 24 1 35 23 42 36 28 23 0 22 18 38 15 15 12 14 39 43 8 11 45 37 53 14 43 35 26 39 19 32 34 29 16 28 10 22 37 33 26 19 30 31 41 20 21 15 22 25 43 13 39 29 9 23 27 37 8 25 29 48 31 30 37 3 21 27 25 22 33 49 15 23
0 12 25 16 16 16 20 43 14 18 15 16 22 27 35 40 25 32 4 17 29 13 11 4 21 37 39 53 34 34 45 19 5 22 30 25 15 16 0 26 7 34 19 41 10 29 19 12 29 18 24 39 34 36 51 34 41 29 40 46 48 32 28 40 20 26 15 10 37 51 11 31 44 8 16 29 31 17 35 19 10 27 39 17 37 8 10 45 37 19 16 12 38 2 13 34 17 6 43 50 10
0 21 24 18 22 13 28 27 23 23 16 31 37 22 30 26 28 51 10 22 21 32 40 34 21 34 24 20 21 17 10 24 18 23 33 37 19 30 42 0 27 22 14 46 27 32 28 43 30 20 11 28 39 2 34 32 28 48 17 35 39 30 37 36 18 35 26 22 32 28 24 39 33 32 28 13 32 26 27 38 39 15 19 36 11 42 20 21 44 51 13 25 17 22 16 24 35 49 30 32 35
0 9 19 29 23 11 23 35 38 1 27 33 38 42 40 25 26 21 42 10 27 28 3 26 27 23 5 11 17 23 47 14 40 32 31 14 28 33 27 24 0 21 28 18 12 47 39 23 42 22 38 47 41 32 22 27 7 19 18 39 29 27 40 18 18 24 42 27 44 50 23 7 39 19 49 37 26 21 35 42 20 38 19 27 20 13 9 23 17 27 24 42 35 7 24 31 46 10 26 30 42
0 37 24 23 37 9 18 30 24 22 35 18 9 30 21 28 18 29 30 17 19 5 32 37 16 27 19 21 1 15 33 20 28 17 30 44 4 24 36 40 34 0 11 12 11 23 38 46 25 33 34 21 19 29 8 41 18 26 19 38 18 38 23 17 22 36 16 9 19 23 11 25 25 13 10 16 28 32 0 22 48 27 25 47 20 25 10 13 23 7 22 25 19 24 21 25 30 33 13 21 21
0 23 38 41 24 13 14 48 36 31 30 30 26 21 33 10 13 35 42 12 19 2 33 21 42 32 36 43 32 43 26 34 30 15 33 22 17 10 33 51 23 43 0 3 39 29 32 52 1 12 22 25 40 22 29 50 4 9 20 26 24 18 9 24 44 18 46 2 25 14 30 18 28 35 23 21 26 40 36 45 27 51 10 42 32 34 42 38 18 40 23 9 49 25 33 26 19 16 25 22 21
0 25 29 11 12 4 35 15 17 33 24 41 6 38 41 50 30 19 24 29 28 26 28 33 40 26 22 19 21 24 36 41 25 36 30 10 38 4 18 45 9 25 19 0 40 34 18 12 25 29 34 37 12 23 15 40 22 31 3 44 16 16 12 31 26 41 27 20 19 15 25 6 41 24 39 35 27 30 50 22 12 31 23 31 22 19 18 49 23 31 24 41 23 38 22 17 13 33 22 47 39
0 15 27 31 39 14 43 15 20 38 6 21 16 12 41 53 10 35 43 17 7 22 46 20 11 27 29 29 43 30 29 25 8 32 14 16 6 28 33 18 34 36 47 18 0 43 46 35 41 33 35 48 44 23 41 24 28 1 38 34 25 25 11 9 26 1 29 36 18 35 39 37 25 37 29 11 39 45 5 27 34 29 25 30 25 19 36 18 28 17 26 18 39 44 51 20 28 25 23 19 24
0 26 25 22 16 19 21 13 24 25 23 49 8 2 23 41 26 23 40 37 25 37 19 17 5 21 50 21 37 11 51 7 10 27 20 45 8 35 11 18 27 15 27 32 36 0 53 8 37 50 5 31 25 31 12 21 38 37 17 38 15 27 34 42 37 9 8 25 36 41 12 41 34 14 18 31 20 35 28 23 13 37 43 26 12 30 13 20 26 47 43 10 4 4 25 32 22 37 48 10 10
0 6 18 46 38 34 36 46 45 12 30 42 27 18 53 15 51 25 24 27 3 15 10 43 6 34 3 21 20 25 26 24 45 20 39 28 23 16 20 47 22 19 43 48 8 11 0 18 15 25 28 7 22 40 33 23 38 4 25 18 24 22 22 24 23 41 22 21 31 37 27 19 45 22 28 36 26 20 47 28 23 5 26 42 35 38 43 46 14 39 29 23 5 34 3 21 32 9 19 36 22
0 4 1 19 35 42 15 19 30 32 16 36 34 11 32 14 19 28 26 13 38 31 26 33 33 26 20 35 20 30 32 34 32 25 45 15 39 11 23 18 21 49 23 27 2 34 30 0 13 25 19 23 31 6 42 39 44 26 11 40 24 47 22 26 33 21 17 36 18 26 26 20 5 46 43 38 45 34 26 39 7 24 27 14 20 30 19 18 3 24 8 43 35 20 32 18 32 0 45 13 32
0 15 18 6 8 10 23 3 41 2 11 24 26 16 31 30 21 25 48 28 33 45 19 20 26 11 46 50 41 21 8 10 30 51 14 17 23 35 25 48 29 8 22 31 34 48 29 36 0 45 44 29 22 12 41 28 42 51 30 14 17 5 32 2 31 23 29 45 38 37 26 16 22 37 34 31 36 26 40 18 41 31 13 45 32 50 35 19 36 27 48 14 1 41 8 21 23 39 26 31 10
0 19 11 3 29 28 2 19 30 48 22 38 37 41 37 13 14 25 23 16 19 37 31 24 20 18 38 24 12 30 38 47 29 21 26 23 32 21 15 48 40 15 26 23 39 37 30 44 26 0 12 29 24 22 43 46 33 22 25 21 27 35 25 49 20 44 13 15 35 19 28 44 43 29 19 27 25 33 19 25 23 16 24 24 33 27 40 22 34 36 17 42 42 34 24 7 12 22 38 24 20
0 42 11 27 42 48 19 1 18 29 22 28 17 50 24 25 23 19 25 26 26 7 47 37 42 18 10 43 13 20 15 37 27 19 42 43 4 23 17 34 0 29 22 24 16 46 45 26 33 28 0 29 22 17 30 20 7 1 39 24 11 32 38 35 37 6 41 28 37 35 33 36 31 19 3 2 23 14 14 27 24 28 19 38 37 19 18 14 35 13 24 23 19 40 42 5 21 14 45 47 14
0 29 45 37 1 37 15 24 20 13 3 12 4 29 33 38 26 22 9 42 21 13 14 16 38 36 24 33 26 23 32 36 43 35 35 49 25 16 38 21 25 28 17 20 26 18 18 23 29 17 15 0 15 28 43 39 18 5 23 31 37 14 22 34 21 24 18 22 10 9 4 46 20 34 29 22 21 23 23 23 44 34 43 28 48 21 15 27 4 25 22 27 26 48 21 31 22 29 23 28 31
0 28 23 26 25 11 24 18 42 34 31 17 40 38 16 19 38 26 38 13 28 23 21 15 16 24 53 6 18 23 41 18 37 19 44 34 22 33 35 18 49 15 25 40 8 44 9 35 36 35 32 26 0 19 28 40 11 15 51 37 16 19 21 7 41 36 14 28 12 8 11 36 48 19 38 44 36 31 20 32 37 13 50 38 7 51 14 51 1 20 30 17 28 44 11 21 8 28 20 35 17
0 36 24 16 31 17 4 37 32 31 47 16 28 28 39 30 44 5 32 11 19 11 30 13 22 38 14 26 25 14 18 31 23 21 43 34 43 11 19 42 19 35 14 37 20 26 15 25 38 15 33 13 32 0 38 24 26 8 18 27 45 31 44 21 46 46 18 30 11 23 17 32 39 19 14 36 34 42 13 31 10 32 16 15 24 28 30 11 41 9 13 22 22 28 22 37 11 6 45 28 25
0 22 24 41 18 28 25 32 23 30 16 22 39 39 40 19 36 17 7 36 15 17 41 19 22 23 35 27 11 35 29 21 47 26 31 20 43 41 42 20 29 32 28 33 3 44 23 24 19 21 21 16 32 29 0 36 53 12 43 33 35 52 32 33 8 8 23 7 25 14 32 32 29 28 23 32 29 16 26 15 34 41 26 21 28 19 38 52 44 9 28 37 39 3 11 37 22 33 26 42 32
0 42 26 23 26 32 28 51 39 38 19 11 18 14 15 32 24 15 15 13 24 26 21 40 22 22 45 36 18 29 15 42 28 1 18 22 33 10 51 5 20 22 21 27 34 24 12 39 28 34 31 32 52 22 13 0 50 16 42 30 28 9 53 18 42 19 2 17 14 22 5 9 17 36 27 41 47 52 38 41 31 47 13 13 8 31 13 20 39 46 27 33 34 26 28 20 16 35 24 26 25
0 6 21 37 30 44 37 15 29 37 27 19 25 32 12 19 26 29 12 51 20 27 28 22 24 12 34 34 26 48 3 17 24 30 29 16 35 28 15 36 47 34 28 27 21 31 49 22 14 24 16 36 25 10 52 9 0 7 46 21 13 15 52 27 13 25 43 27 41 19 34 23 33 28 19 29 5 30 15 5 41 25 11 20 51 24 21 31 38 41 19 16 15 48 30 11 17 31 32 51 35
0 33 21 3 45 33 14 21 35 19 17 41 23 23 32 41 12 18 18 26 35 28 19 37 20 35 18 38 26 46 36 15 25 34 22 38 36 21 39 11 48 10 45 14 22 23 20 35 23 24 37 22 19 43 46 45 34 0 23 32 22 29 17 27 24 36 21 23 44 31 25 28 28 28 16 25 26 13 36 27 29 44 30 40 46 23 22 23 34 28 23 45 26 32 22 31 18 26 21 11 38
0 22 31 13 27 20 36 39 25 26 22 40 16 34 21 25 26 40 32 22 22 36 17 7 38 47 26 31 33 34 36 20 43 32 24 23 19 14 42 7 33 1 24 30 14 39 50 18 1 32 46 27 31 9 23 49 18 8 0 38 16 27 24 10 29 48 33 18 45 42 48 36 17 5 41 34 30 48 34 9 13 11 13 28 8 6 52 38 10 34 23 14 28 33 31 32 48 43 4 35 41
0 25 26 13 18 36 9 29 33 43 32 28 42 24 16 24 20 24 25 16 36 22 28 32 32 49 44 35 29 13 42 28 6 53 21 26 4 23 34 52 22 27 25 32 11 37 30 14 34 22 30 18 21 20 22 26 7 34 18 0 25 29 32 52 17 24 30 18 22 27 12 22 21 22 31 14 22 34 51 27 14 7 24 27 26 24 22 5 32 47 43 19 31 17 38 21 10 24 19 29 27
0 36 48 37 16 14 19 21 24 29 35 34 33 38 21 24 44 32 36 25 44 34 40 30 36 20 31 35 30 45 26 22 16 29 48 43 30 34 31 16 18 40 40 40 25 14 46 23 20 26 9 6 32 12 2 27 23 22 34 34 0 23 16 36 49 14 11 36 30 32 40 19 43 18 11 37 3 36 18 24 19 17 25 40 40 3 23 20 44 3 34 10 19 10 39 42 26 25 19 21 11
0 50 9 4 34 6 0 53 46 42 26 27 14 26 33 37 24 36 33 17 28 15 10 23 47 29 25 35 31 41 25 14 29 14 40 42 44 36 33 24 21 40 25 33 17 14 24 27 1 25 19 11 44 20 33 14 29 31 26 11 22 0 31 14 32 28 34 35 18 33 36 26 14 19 37 11 18 19 26 31 25 35 38 33 46 31 32 37 10 40 9 4 25 18 28 23 7 29 26 18 36
0 28 24 38 23 12 26 43 11 17 28 33 11 9 31 29 30 4 17 4 15 33 9 36 13 19 42 27 16 29 42 16 42 33 33 28 5 24 40 43 31 21 43 43 27 40 18 34 21 11 24 24 19 12 39 24 7 28 41 27 37 34 0 26 44 40 17 23 30 32 17 29 27 31 46 29 12 20 13 26 19 20 39 42 19 31 0 39 22 29 29 22 9 19 38 48 22 24 6 52 38
0 19 34 36 18 33 37 9 26 6 30 16 13 27 25 21 41 38 40 22 43 14 27 43 32 35 23 14 31 53 10 37 37 23 40 28 9 40 40 16 26 48 8 27 23 30 22 27 52 19 39 9 25 13 24 28 13 31 45 36 38 36 22 0 8 37 30 18 39 45 31 29 42 25 28 12 33 40 30 0 17 16 29 24 20 47 41 42 28 38 47 21 1 37 35 21 6 51 22 29 1
0 9 15 44 18 24 15 7 16 18 22 39 2 40 33 9 12 43 29 24 30 7 38 28 26 45 46 30 8 39 31 26 23 32 49 16 47 18 8 19 28 11 41 7 35 20 30 14 30 38 22 12 37 45 4 17 26 46 31 48 24 14 28 28 0 5 41 40 24 35 23 18 18 42 22 21 25 5 37 29 14 18 46 40 27 35 50 35 17 16 22 25 16 32 18 38 23 17 18 38 20
0 16 11 30 35 31 25 21 20 42 20 49 14 38 39 8 11 21 28 17 24 13 43 30 26 29 25 14 15 34 24 18 34 21 46 10 41 40 40 25 41 16 13 13 26 7 49 29 24 25 9 9 24 40 17 35 29 48 10 32 28 33 32 12 20 0 37 9 3 28 53 8 36 19 15 12 43 39 25 21 30 41 30 30 26 33 28 26 37 24 17 36 37 25 28 28 23 11 29 7 17
0 42 44 24 24 25 24 37 19 44 16 34 23 11 23 34 24 33 30 19 26 34 11 13 9 40 41 51 45 18 6 36 10 13 19 35 40 46 39 12 34 1 39 45 23 4 19 29 20 26 34 19 38 29 26 16 24 31 38 42 19 25 11 45 39 11 0 29 30 8 16 14 42 37 2 7 13 36 12 21 20 15 47 19 37 42 34 1 31 31 26 16 5 18 16 31 21 11 34 13 27
0 21 27 43 17 27 45 22 48 25 28 29 52 19 23 18 47 30 25 43 28 21 16 42 33 32 14 37 23 22 40 31 28 37 25 15 20 36 47 17 6 34 12 25 21 34 18 42 45 13 1 11 12 40 51 19 52 42 40 26 23 36 33 4 15 27 49 0 26 37 19 24 26 20 21 34 11 2 31 34 3 18 5 36 36 44 17 12 16 12 21 13 21 31 20 23 26 39 26 23 14
0 39 19 22 46 28 43 14 27 17 39 20 24 23 16 15 41 11 21 32 28 6 24 37 1 19 20 11 46 22 13 10 10 38 43 14 38 46 30 45 32 31 4 24 23 22 19 37 44 0 27 10 42 29 40 19 45 29 38 27 17 32 14 46 16 15 19 20 0 7 34 26 45 32 0 17 15 10 19 8 0 27 19 24 5 31 45 41 33 28 17 6 12 5 38 3 39 26 18 53 15
0 26 18 40 28 50 5 11 37 40 32 11 35 45 20 33 28 17 33 25 22 23 39 41 44 15 16 27 12 45 25 15 32 41 17 28 17 15 21 17 19 21 41 41 24 29 14 29 20 15 25 23 36 21 36 11 13 16 11 39 18 46 32 28 41 2 38 36 49 0 14 5 21 11 26 23 33 43 20 34 25 43 39 33 11 21 38 6 27 30 28 17 41 46 21 14 19 43 23 21 34
0 22 52 15 22 9 30 10 26 28 38 15 20 24 14 18 53 51 18 26 29 21 53 30 33 30 28 21 29 34 6 34 39 12 39 17 26 14 3 22 44 22 23 22 51 32 27 35 39 28 12 31 42 26 20 28 17 34 35 31 44 22 38 31 36 40 30 4 15 33 0 26 11 38 12 20 21 25 19 42 6 37 5 30 4 40 45 33 39 3 27 22 7 8 31 30 31 25 19 34 18
0 40 35 46 34 26 17 25 20 45 32 13 10 11 41 13 16 48 30 42 25 28 32 24 25 22 18 27 34 19 21 23 38 33 45 38 27 14 30 38 41 17 11 16 34 21 38 37 15 33 36 30 30 45 47 27 17 45 52 26 12 48 11 33 24 38 22 28 23 5 11 0 45 3 26 11 47 29 49 36 39 34 48 35 26 13 40 15 36 13 17 13 18 20 36 24 27 37 27 46 26
0 30 30 36 26 23 2 31 7 43 33 47 10 11 41 42 33 23 16 20 15 37 10 14 12 33 46 28 24 16 37 25 35 17 12 16 16 10 25 28 26 36 26 48 18 37 27 45 45 23 41 35 18 8 20 22 24 27 15 12 31 38 12 18 49 34 34 5 25 27 37 22 0 21 39 30 29 14 35 28 24 16 46 45 22 25 19 15 38 26 17 11 47 5 11 36 20 16 31 20 22
0 37 20 23 20 17 31 10 34 27 1 33 19 22 15 29 38 18 14 42 38 28 25 36 24 26 1 35 45 20 30 47 29 29 23 17 52 48 35 19 22 9 25 27 17 32 31 16 38 1 27 21 2 12 30 19 33 36 28 41 20 32 15 27 29 21 26 23 18 13 36 26 28 0 35 26 20 20 33 22 20 29 20 20 19 32 25 22 14 7 38 27 40 37 15 33 14 13 31 30 8
0 16 29 49 1 25 23 14 39 24 20 13 23 44 22 26 36 31 29 15 44 32 35 27 28 24 22 32 27 9 32 23 8 23 33 35 50 29 52 38 38 38 19 25 5 3 6 42 43 32 31 21 37 45 32 0 34 23 36 24 47 26 12 37 19 11 17 24 31 16 26 51 37 13 0 14 45 30 37 35 42 45 10 16 4 39 9 31 33 19 47 32 29 5 29 12 12 24 16 40 29
0 8 29 40 27 26 9 34 23 32 18 37 27 37 22 39 45 11 32 34 22 6 30 19 14 33 37 27 33 47 21 24 4 40 26 25 52 43 26 43 11 28 16 7 31 21 18 53 34 36 16 28 28 38 0 9 49 8 15 16 13 34 38 22 8 37 18 37 29 48 13 32 19 31 13 0 33 39 26 22 31 45 15 31 42 25 32 21 21 0 28 22 17 49 8 44 27 19 28 40 40
0 46 34 25 4 31 23 24 37 33 41 41 26 13 42 18 9 25 18 31 34 18 23 32 14 14 32 12 29 21 52 28 21 13 31 14 28 17 27 35 33 42 28 31 41 40 35 16 36 32 46 28 23 30 10 9 22 50 30 6 23 25 22 20 31 42 47 46 19 16 12 40 43 20 28 33 0 31 22 44 38 35 14 28 16 34 7 37 35 31 36 40 51 46 12 25 8 34 26 21 8
0 17 29 9 22 29 22 26 25 47 20 36 25 19 30 36 39 33 11 32 40 19 30 31 30 18 39 39 50 23 42 29 31 16 38 34 35 20 26 18 39 22 19 18 19 33 30 5 30 18 21 16 28 26 19 29 27 44 24 14 26 7 48 28 34 21 38 33 34 22 22 34 17 35 47 27 29 0 34 41 41 51 18 14 22 24 27 24 35 39 38 26 13 32 43 12 29 8 17 48 50
0 42 47 19 21 37 39 36 42 13 10 6 26 13 18 27 36 19 15 24 34 33 24 31 27 50 11 16 30 43 40 25 52 2 18 39 18 17 41 6 38 44 39 31 13 10 14 20 31 15 35 38 44 19 25 33 32 45 18 32 42 15 18 44 3 17 12 32 29 35 36 24 52 33 11 23 43 28 0 21 19 43 29 15 53 8 23 27 31 33 46 30 34 38 29 34 16 19 41 25 27
0 34 23 26 21 13 22 35 52 12 33 14 20 20 43 20 36 18 30 33 30 35 38 33 11 44 40 30 26 51 48 36 24 12 21 8 24 38 44 23 24 34 22 26 6 40 28 33 3 34 38 52 19 33 18 22 43 18 14 35 37 35 27 41 19 36 19 24 26 36 29 6 21 7 13 14 22 33 29 0 23 36 40 7 23 22 22 17 16 26 20 29 37 33 10 11 20 23 29 30 28
0 43 53 34 36 11 35 5 14 18 36 14 35 16 20 31 7 16 37 41 10 32 35 21 36 28 33 13 12 22 42 14 34 14 29 31 28 18 33 13 34 6 52 17 21 39 22 20 9 22 29 36 53 21 50 16 30 15 30 16 19 36 41 26 13 30 31 25 21 30 13 16 12 36 29 24 35 27 48 18 0 4 16 24 28 18 17 35 35 32 34 8 30 18 19 21 35 1 37 27 36
0 32 31 15 43 27 19 4 12 40 10 3 50 10 10 32 28 16 26 33 8 13 33 16 46 48 10 39 45 25 29 27 20 24 44 32 23 27 49 38 32 9 45 39 14 17 16 11 28 34 31 37 23 24 30 25 17 30 35 18 9 21 20 28 35 20 40 36 45 25 12 12 35 25 25 47 39 25 22 38 23 0 15 42 28 24 30 21 21 11 21 19 40 16 12 28 18 26 21 31 42
0 39 23 12 22 24 31 34 32 30 37 1 29 11 34 46 0 44 29 10 20 25 31 16 20 52 9 17 30 22 19 43 29 20 29 41 38 16 22 12 24 13 18 20 29 21 25 21 26 50 21 21 34 18 13 12 49 17 18 25 37 18 35 25 22 35 14 41 10 9 21 28 20 30 15 3 45 37 19 12 22 29 0 18 20 22 40 3 26 13 23 24 12 34 21 39 22 39 29 32 35
0 52 28 39 10 39 19 39 15 10 21 21 8 30 21 30 38 40 35 44 32 30 23 20 47 37 50 22 36 40 25 20 26 9 11 40 24 34 42 22 10 32 10 43 8 39 43 22 11 30 6 5 19 14 33 51 32 27 18 34 19 19 18 27 37 42 35 15 44 4 38 1 7 32 29 43 28 28 22 21 52 33 3 0 46 43 12 18 39 24 32 23 22 27 49 19 30 19 36 29 21
0 1 32 36 15 19 21 35 18 14 28 37 19 22 39 23 25 11 28 38 35 38 13 45 37 36 8 21 26 25 20 37 15 25 24 21 21 11 49 17 23 36 6 28 10 36 39 19 18 24 23 21 26 29 40 15 40 27 49 50 47 37 36 23 40 5 41 19 38 20 40 35 45 36 37 34 40 14 18 31 45 29 38 28 0 49 30 38 0 20 43 17 32 16 24 26 32 50 12 19 26
0 13 48 24 46 50 9 16 35 30 32 39 24 23 40 43 41 38 19 38 35 40 28 15 18 10 19 13 32 46 11 13 22 22 14 23 19 40 23 9 42 36 29 52 22 48 18 7 35 19 45 14 10 40 4 13 38 2 28 24 22 31 25 29 32 18 8 36 30 28 24 16 27 19 22 31 29 43 30 46 6 40 37 42 48 0 29 1 13 46 52 34 25 27 11 17 33 22 6 27 17
0 52 46 40 26 13 51 27 35 39 48 21 31 14 22 45 1 33 35 27 43 3 29 26 23 22 33 24 27 17 41 16 48 41 7 22 11 9 45 29 30 28 15 6 23 17 45 17 32 27 14 24 27 23 43 41 13 16 19 41 23 21 37 45 20 36 40 21 23 30 7 25 13 21 18 22 4 38 22 8 10 36 29 30 26 49 0 4 51 26 31 30 25 44 43 8 7 23 49 21 20
0 19 32 39 37 30 47 43 41 37 23 33 12 45 31 48 18 30 23 50 22 10 26 10 9 13 28 24 37 18 37 24 19 30 29 20 14 29 7 25 20 32 21 29 15 16 20 15 32 21 23 30 32 16 16 28 29 39 7 24 15 14 23 14 45 26 39 21 39 35 23 46 15 5 2 24 5 17 12 30 22 4 31 19 21 23 51 0 7 13 29 22 38 24 36 13 27 29 42 50 51
0 26 43 18 12 39 27 27 10 37 50 45 9 20 20 32 25 39 52 9 22 16 38 41 16 15 18 20 37 41 23 30 49 26 19 22 29 35 18 11 22 36 20 6 17 27 0 13 12 37 16 35 23 21 37 26 40 32 32 17 24 19 5 28 11 52 20 43 10 12 16 24 16 47 18 14 37 9 41 25 39 33 52 18 5 39 31 10 0 10 38 23 44 37 31 16 53 8 25 41 39
0 31 44 28 32 22 32 27 50 34 32 21 20 30 3 16 15 23 31 49 10 26 17 5 49 36 21 45 47 40 39 32 30 31 42 28 5 34 36 24 34 36 28 29 33 43 42 34 24 16 26 29 36 39 27 35 25 10 33 31 5 35 20 26 17 42 35 31 46 8 37 15 4 29 49 2 19 31 14 22 31 16 19 36 12 28 27 23 37 0 24 43 15 22 39 26 28 3 31 26 12
0 5 32 14 43 40 39 20 43 15 21 12 31 43 21 22 24 48 38 20 24 7 15 31 1 43 39 44 6 38 44 28 34 15 27 20 34 22 38 14 34 8 7 22 16 33 18 33 29 44 30 35 22 17 11 23 27 22 29 33 47 17 37 46 37 34 29 22 13 21 35 32 36 42 9 24 23 2 33 14 14 16 31 21 9 37 38 40 32 28 0 31 30 32 13 25 38 16 11 21 20
0 13 32 40 25 7 43 20 22 23 31 27 34 36 7 34 8 8 9 46 15 23 13 36 29 43 16 5 41 38 33 35 27 22 52 18 29 17 33 30 38 24 33 50 32 43 36 31 42 14 27 21 33 28 51 25 14 6 26 35 41 16 35 30 22 37 36 19 12 37 28 9 12 30 23 33 50 18 9 43 35 12 1 27 36 24 43 33 9 7 26 0 26 20 31 30 22 26 40 22 35
0 45 51 29 26 40 2 36 40 30 44 33 13 35 41 37 7 21 33 31 26 43 35 37 14 15 25 14 37 21 33 25 18 18 32 14 18 7 22 19 37 49 3 33 24 16 52 39 44 17 32 23 6 12 23 31 20 27 36 26 35 42 24 27 16 42 33 23 26 37 34 50 21 38 35 28 29 19 33 17 22 46 14 6 41 32 17 1 35 8 19 23 0 11 10 41 16 14 37 27 16
0 6 2 29 27 14 30 21 26 32 31 33 27 10 6 27 12 30 20 38 24 24 32 41 5 29 28 34 52 48 11 33 29 19 21 20 18 40 33 30 27 47 18 13 24 1 10 30 35 40 22 37 19 14 18 32 24 31 32 14 53 6 31 34 9 24 7 13 29 40 22 4 32 19 25 32 27 19 25 27 39 37 43 37 25 11 36 29 12 9 26 13 35 0 16 19 39 27 17 25 19
0 21 28 31 31 44 23 51 34 28 43 4 2 26 35 23 40 28 35 25 26 33 33 1 49 19 47 47 16 25 50 27 24 12 47 24 15 23 21 9 27 18 31 14 41 44 26 23 10 17 8 19 33 21 25 23 22 50 50 36 22 5 43 27 18 11 17 26 33 20 34 46 41 26 42 33 30 38 12 24 29 24 8 12 41 28 21 20 27 26 27 21 35 30 0 7 25 14 15 30 30
0 31 32 48 17 13 23 50 49 8 11 45 27 25 23 18 41 21 25 28 30 4 16 33 37 16 31 20 26 25 49 29 27 23 31 30 27 26 28 42 36 35 26 20 17 33 37 22 20 3 4 19 25 33 24 22 22 24 26 39 13 20 30 35 44 35 21 42 12 14 23 24 40 8 23 36 30 14 40 30 37 21 46 14 33 1 31 24 12 26 26 21 42 18 6 0 28 4 2 22 28
0 36 35 26 41 52 39 24 43 31 6 11 17 25 22 39 41 37 9 38 47 16 32 12 25 22 11 34 28 20 23 35 33 33 25 42 20 50 22 41 14 14 26 48 38 19 19 18 19 41 42 38 43 26 14 24 32 41 34 35 11 20 31 12 22 12 33 19 9 30 16 11 25 26 27 28 4 38 24 24 39 37 25 48 25 21 52 38 51 27 26 13 29 35 16 19 0 19 10 39 26
0 27 45 1 13 12 33 17 11 12 43 10 45 26 26 39 22 37 51 38 32 31 14 30 13 24 23 41 22 2 49 40 23 45 42 27 31 8 19 18 7 23 40 34 22 45 39 35 34 7 50 14 0 29 32 18 16 29 25 38 21 0 16 8 19 47 12 16 41 3 28 24 32 41 12 29 15 24 36 32 30 32 1 27 36 9 18 30 43 30 30 40 22 18 20 22 24 0 6 48 41
0 17 32 38 19 36 17 35 25 25 41 6 41 22 9 22 21 38 9 20 32 31 24 36 3 29 13 41 23 24 29 16 11 25 47 40 25 37 31 27 16 48 8 18 28 18 23 32 20 19 16 10 36 23 36 35 34 36 14 42 26 15 1 12 23 13 32 24 20 35 31 5 22 39 16 25 23 21 31 16 19 10 37 48 34 12 16 49 13 33 45 43 45 20 13 9 36 40 0 28 40
0 24 10 38 42 23 32 28 28 13 15 22 37 29 22 34 27 16 34 9 23 27 34 41 33 34 32 32 3 23 32 13 28 22 30 37 18 38 40 27 37 30 14 35 29 9 38 26 2 28 36 25 40 33 13 23 25 41 21 43 34 17 39 18 45 15 21 29 39 29 40 46 25 10 46 37 29 19 29 28 30 36 27 20 30 18 39 38 15 21 40 11 30 30 32 8 30 35 15 0 20
0 37 8 19 20 29 23 9 17 29 32 51 2 38 10 27 26 30 51 34 22 38 14 44 34 40 31 13 49 43 23 21 45 22 26 20 30 44 50 34 40 43 31 15 17 20 13 8 28 40 27 18 14 36 15 20 3 26 31 36 10 32 19 46 48 13 12 17 30 16 37 33 16 32 35 17 35 23 13 37 23 20 3 9 43 20 30 10 16 36 36 26 45 30 36 26 43 45 48 9 0
