100 4
1 108 2 8
2 0 3 10
3 81 8 6
3 39 4 5
6 0 7 9
8 16 8 8
6 0 4 6
5 77 5 5
10 60 6 9
6 0 8 5
12 0 6 10
13 0 3 10
14 25 10 10
7 0 10 5
15 0 1 10
11 0 1 6
6 0 2 3
22 6 9 10
16 107 9 7
7 0 2 3
21 0 10 9
26 43 4 9
29 0 8 10
24 0 8 8
30 0 10 10
26 0 5 8
7 75 6 2
30 0 2 8
35 0 6 8
18 55 2 4
9 50 2 2
32 86 7 7
19 65 7 4
39 0 1 8
50 0 10 10
26 114 3 5
47 0 8 9
38 99 3 7
55 0 10 10
24 0 3 4
56 97 3 9
13 0 7 2
48 0 8 7
62 23 4 9
69 44 7 10
75 32 10 10
69 0 5 9
62 99 10 8
71 14 8 9
65 0 3 8
83 3 4 10
34 0 9 4
52 0 6 6
88 0 3 10
81 0 8 9
9 7 7 1
84 0 7 9
19 0 5 2
58 0 1 6
60 0 5 6
41 0 7 4
31 0 4 3
52 55 1 5
99 117 3 9
56 107 4 5
69 0 3 6
72 98 7 6
88 41 1 7
91 59 7 7
27 3 8 2
83 0 6 6
99 0 1 7
71 41 5 5
46 24 3 3
93 66 5 6
79 72 3 5
54 62 4 3
39 109 9 2
92 0 4 4
23 107 1 1
71 85 3 3
51 0 7 2
88 95 1 3
98 0 10 3
99 102 10 3
66 49 10 2
75 54 9 2
79 36 8 2
40 89 4 1
86 83 9 2
88 0 2 2
48 4 2 1
96 0 2 2
50 27 5 1
51 0 6 1
53 31 5 1
70 0 7 1
71 108 5 1
82 0 7 1
86 0 5 1
SETUP
0 22 15 8 30 26 17 33 32 22 17 25 12 41 28 15 39 16 33 22 12 32 26 12 22 30 27 26 20 29 40 13 36 16 34 22 25 23 15 35 13 32 8 17 11 1 36 37 18 40 30 8 23 28 31 34 37 20 35 24 11 38 4 14 21 25 7 16 16 46 31 21 25 17 8 30 25 23 44 25 46 31 18 23 31 21 32 15 32 28 42 27 18 24 9 15 26 28 30 26 14
0 0 36 24 14 33 11 16 10 12 26 40 10 8 13 10 5 22 25 32 25 31 16 43 26 32 7 30 25 34 15 22 28 25 45 20 19 36 39 30 24 32 33 35 19 35 2 35 34 15 14 21 33 21 9 11 20 32 45 7 16 25 25 41 39 5 30 15 45 17 20 14 31 22 14 29 24 23 20 38 27 36 41 19 26 37 23 13 8 14 22 28 18 27 33 0 21 32 18 27 30
0 17 0 16 15 21 30 28 24 18 28 20 24 43 32 28 17 43 21 21 11 11 20 7 17 1 35 16 11 34 23 38 16 21 27 19 38 36 12 33 26 16 19 21 35 9 25 36 26 23 32 11 28 37 26 35 25 14 26 16 16 39 39 19 31 37 18 33 32 38 17 36 5 32 36 25 18 16 11 15 26 25 19 12 15 27 34 47 46 0 21 41 19 20 35 17 12 21 32 13 27
0 23 27 0 11 10 22 27 37 24 32 4 25 36 22 25 13 31 33 9 38 26 31 28 22 30 11 40 21 32 33 7 23 46 5 38 27 35 30 29 28 43 24 27 29 25 10 26 37 19 15 43 18 9 40 14 29 20 18 13 16 38 12 37 26 35 18 18 17 12 13 10 17 39 40 15 22 6 13 17 34 30 26 29 23 5 18 26 23 31 12 27 35 13 22 17 32 11 36 21 31
0 40 6 38 0 35 36 25 23 17 23 36 18 18 21 21 23 17 21 14 20 26 35 15 29 8 40 4 16 30 4 26 36 20 18 33 10 21 17 4 21 7 32 9 21 14 9 2 4 23 38 22 22 8 37 26 24 28 31 9 14 28 19 43 28 27 33 39 30 37 31 10 26 26 23 40 0 23 21 7 28 31 32 10 8 17 25 22 18 44 29 41 13 23 15 37 26 22 23 27 15
0 27 13 38 24 0 23 28 34 22 20 37 24 32 36 15 20 16 4 34 12 43 35 12 16 34 18 9 13 24 21 18 24 45 41 12 31 12 18 8 22 17 31 30 23 13 23 16 42 45 29 8 18 15 26 37 23 21 24 19 13 19 33 36 18 21 3 8 23 26 28 16 36 16 11 32 23 30 25 35 14 39 24 28 36 47 21 47 23 32 17 27 45 36 24 41 34 33 16 41 43
0 37 27 27 21 29 0 3 30 2 13 23 25 30 42 39 25 30 19 17 12 23 29 29 9 22 30 29 30 20 43 33 17 36 29 25 12 16 2 9 38 14 21 15 17 30 24 24 33 12 8 17 21 31 28 21 43 38 22 35 36 10 29 2 43 21 22 34 12 37 37 6 32 27 12 14 36 6 22 35 30 11 35 21 29 1 21 25 14 38 18 43 7 30 39 6 17 27 32 29 24
0 23 35 7 40 34 27 0 13 33 13 23 33 25 22 33 21 7 25 26 2 37 27 19 24 36 28 40 32 44 4 20 38 29 6 8 17 16 16 22 26 17 18 18 27 10 29 33 35 33 32 19 22 41 1 17 27 18 33 19 28 27 22 3 26 37 33 17 26 39 18 16 13 1 34 29 23 19 14 2 9 18 33 10 10 46 41 20 8 19 8 29 32 39 21 26 27 14 15 24 21
0 11 20 26 46 17 43 39 0 15 11 36 24 14 25 31 18 9 27 15 33 38 33 32 18 32 27 23 30 16 44 5 24 37 25 18 24 21 23 33 13 30 6 41 22 17 27 23 22 19 25 6 14 3 6 35 28 12 22 18 28 27 26 14 15 24 33 23 37 27 35 5 9 39 21 4 20 24 17 18 14 9 29 32 20 25 13 32 35 8 16 6 25 17 36 8 10 26 9 31 1
0 11 12 13 32 3 41 23 9 0 3 23 18 24 31 42 16 28 23 26 39 30 12 40 31 35 43 22 27 23 45 15 33 41 23 22 14 22 21 26 27 40 11 36 20 37 32 9 45 46 17 18 19 2 19 31 22 10 41 10 15 18 39 15 26 14 26 17 32 43 20 47 40 30 32 37 22 33 32 25 27 13 8 21 11 42 14 25 24 26 29 29 22 23 22 14 18 13 24 15 22
0 11 23 28 9 13 14 21 16 19 0 41 23 28 19 23 32 29 7 12 18 37 19 32 31 23 16 30 9 4 28 23 30 39 26 4 30 33 31 5 12 33 16 2 28 3 33 10 29 19 32 21 20 14 22 24 18 18 18 8 14 20 42 30 34 29 19 19 46 17 44 16 39 14 42 26 11 17 33 19 43 43 25 9 7 34 14 5 26 35 31 2 1 12 14 20 36 39 44 20 33
0 14 13 33 19 26 7 23 14 25 21 0 13 34 33 25 35 26 28 24 28 39 17 16 23 13 33 20 21 15 25 35 26 22 35 26 20 22 20 20 4 42 22 25 43 21 15 29 13 9 22 15 16 14 4 27 41 33 35 24 33 38 23 45 21 29 24 16 26 27 47 43 32 43 7 4 37 22 26 19 23 20 25 12 26 28 23 15 39 7 34 15 22 42 5 24 12 19 34 45 1
0 11 1 34 19 14 35 10 4 20 15 20 0 36 32 25 30 16 21 13 19 6 10 32 39 30 25 7 23 34 7 15 6 16 16 15 34 42 23 39 29 26 36 34 22 32 25 23 22 13 21 20 21 37 24 11 28 20 18 7 21 18 37 32 26 26 22 33 4 24 33 16 14 26 10 29 14 22 24 20 32 46 43 15 14 18 11 34 13 38 24 12 33 28 35 23 24 43 32 24 1
0 19 32 15 35 18 13 10 19 28 25 20 30 0 30 7 30 21 11 32 12 3 27 19 18 12 26 16 28 23 18 14 32 36 26 17 8 4 38 19 40 7 8 20 25 35 20 17 24 26 32 23 14 20 8 10 19 44 26 28 15 26 28 33 40 22 26 16 31 18 22 26 31 27 40 21 23 31 16 15 11 13 30 32 6 37 19 34 2 24 21 27 21 25 39 13 24 39 27 34 17
0 17 30 19 33 32 24 40 20 11 36 27 15 22 0 29 33 21 25 20 31 21 21 33 15 15 9 28 28 26 29 35 30 18 16 38 13 28 21 44 42 28 25 39 34 36 18 25 34 3 35 12 17 22 12 24 27 25 44 37 10 21 10 0 23 25 17 24 8 24 29 19 30 22 14 45 11 29 15 16 40 13 18 2 21 44 12 38 35 32 38 18 29 14 25 15 35 28 33 33 36
0 32 6 12 26 27 16 9 32 21 34 28 42 23 11 0 26 23 20 25 33 24 18 27 18 21 31 14 7 28 20 31 16 29 34 31 17 23 35 23 11 27 25 38 19 24 12 34 22 6 39 14 34 23 14 41 34 12 20 14 12 41 44 25 10 16 9 20 25 44 26 30 17 19 28 43 11 25 19 34 21 34 27 20 46 34 23 0 34 17 11 20 4 28 25 39 38 8 9 23 10
0 34 22 42 18 42 26 5 15 44 14 33 23 32 24 1 0 31 16 22 10 29 25 30 10 25 14 36 9 8 32 22 28 29 4 38 31 39 42 17 22 15 36 21 31 23 17 13 36 30 15 13 32 20 14 14 34 26 19 34 16 10 40 35 43 41 26 9 36 31 34 38 34 35 23 5 26 28 16 8 26 26 14 26 3 30 34 28 31 23 35 33 26 25 28 12 44 45 22 33 25
0 34 8 37 8 15 11 16 23 31 39 34 23 20 26 17 17 0 24 23 30 38 17 26 23 25 17 24 21 14 42 29 11 19 27 36 24 12 29 33 2 15 26 20 24 42 9 38 28 17 13 25 39 40 34 25 43 18 40 6 13 22 31 15 8 20 18 36 26 40 6 28 40 13 13 31 40 25 0 30 24 22 8 28 16 8 45 32 11 39 24 34 5 43 21 31 24 25 15 16 16
0 22 11 6 25 31 22 20 9 12 45 16 16 32 30 12 24 6 0 17 15 23 14 16 24 28 24 41 5 37 15 28 32 35 30 29 24 39 21 6 36 19 22 24 19 24 17 32 45 32 45 21 9 19 18 12 19 35 5 17 14 19 12 24 26 22 26 20 22 24 21 38 17 27 32 23 29 6 26 21 23 35 26 16 11 27 15 37 33 22 22 37 23 43 27 17 10 20 39 33 41
0 22 32 35 31 13 33 12 19 7 4 25 42 40 4 26 17 20 25 0 21 28 21 32 24 21 6 12 25 17 42 26 44 39 30 25 45 15 23 11 22 34 29 30 22 24 33 20 36 36 7 24 32 26 8 30 29 34 37 30 6 15 26 22 34 25 29 24 31 23 32 27 24 23 16 17 46 29 42 16 34 19 23 9 23 10 20 29 28 16 17 3 46 19 8 24 24 37 25 12 13
0 40 38 45 27 18 33 20 16 18 37 32 3 13 35 18 34 24 24 13 0 28 32 7 7 23 20 17 41 36 33 14 40 28 16 21 12 41 12 37 16 22 31 32 26 26 22 28 34 21 20 17 22 31 28 17 8 16 16 15 25 39 25 29 12 21 38 11 37 37 23 13 28 29 37 24 35 38 26 31 15 35 25 29 39 28 19 24 33 25 23 19 9 28 14 17 16 29 4 29 22
0 19 21 19 21 29 19 30 23 29 28 26 17 13 15 5 13 38 10 2 32 0 14 25 23 44 9 24 40 20 18 26 20 28 20 25 23 34 36 39 12 42 23 34 24 19 24 25 19 16 8 18 46 35 18 31 31 18 22 12 32 17 19 17 29 33 10 30 17 16 30 26 30 24 21 28 26 20 38 31 11 14 37 26 26 28 41 40 31 27 18 14 36 45 41 15 14 29 43 33 22
0 39 28 33 25 14 34 33 27 11 38 31 13 44 41 17 20 14 18 37 21 12 0 22 25 27 13 27 24 22 23 20 27 17 18 18 35 36 19 12 7 36 9 35 33 22 17 16 43 15 25 30 20 3 31 20 22 15 34 3 11 17 16 33 37 27 34 26 3 17 30 19 13 24 19 12 12 11 5 29 37 11 28 22 34 14 35 5 12 19 3 23 31 43 4 31 17 31 38 12 16
0 30 24 26 18 10 32 35 8 21 20 31 25 19 19 30 43 17 22 18 37 9 17 0 18 13 14 17 10 22 31 22 36 22 46 19 19 18 41 15 19 26 8 31 16 21 4 18 25 29 24 2 44 34 31 22 17 17 12 10 13 12 33 15 34 23 25 31 27 35 9 26 22 40 15 35 19 34 16 14 23 36 24 40 12 37 25 8 26 21 27 19 17 7 34 13 28 26 22 22 11
0 16 24 21 36 6 18 32 38 38 4 28 41 19 13 27 17 28 8 27 25 9 7 17 0 33 33 3 17 28 15 13 29 28 22 23 13 1 19 43 28 29 16 9 25 18 32 30 17 22 7 36 36 13 16 27 46 30 19 26 32 26 39 20 30 34 29 25 20 26 29 31 19 33 24 17 25 26 38 31 14 40 17 31 25 30 21 18 20 20 20 12 20 17 34 21 25 9 20 18 16
0 3 7 1 12 13 27 40 9 31 18 26 12 33 12 41 26 21 10 45 42 40 24 38 22 0 36 22 25 6 32 29 12 30 28 14 31 16 44 10 31 30 15 23 24 21 13 33 21 24 42 28 29 26 25 43 14 10 21 19 24 8 37 25 13 25 19 10 3 28 19 21 22 26 42 37 32 14 33 28 16 29 31 39 13 10 3 3 34 12 18 15 10 24 27 35 33 25 39 11 29
0 7 17 29 35 19 15 40 28 27 20 23 23 30 27 26 24 12 40 28 35 29 26 25 29 25 0 25 33 22 34 29 20 30 8 18 29 22 27 38 21 8 28 29 36 5 13 21 37 39 22 21 15 18 39 20 24 28 26 13 34 17 29 25 22 37 26 41 14 26 33 37 25 21 32 32 30 33 23 8 18 23 7 31 35 14 11 28 20 33 18 18 6 34 29 5 24 39 23 23 35
0 31 28 38 11 25 21 25 16 41 5 11 34 28 35 13 36 13 18 17 17 7 30 28 9 32 23 0 14 13 25 27 22 28 23 33 36 38 41 11 21 29 18 41 40 29 28 27 28 6 39 7 20 39 29 19 22 32 18 17 19 33 37 36 22 34 39 46 36 17 20 25 35 30 23 24 28 8 5 16 33 25 22 29 10 7 1 16 26 9 17 25 29 16 28 28 25 19 11 30 30
0 31 8 13 34 6 27 15 14 21 10 40 21 27 34 30 25 30 5 10 27 20 46 29 19 15 27 38 0 23 20 41 14 39 25 19 20 9 20 26 6 30 33 14 10 23 25 18 37 8 23 40 29 19 39 18 28 26 23 4 44 19 27 37 20 24 21 21 1 19 30 6 31 26 19 13 35 41 17 26 15 16 21 44 27 21 6 27 46 9 20 28 22 28 34 32 32 45 17 24 36
0 20 43 27 2 40 10 21 16 19 19 38 25 16 22 24 36 24 11 25 16 35 13 16 29 27 26 28 19 0 30 19 11 5 3 19 12 35 32 22 32 30 9 18 20 16 17 31 25 22 19 23 23 16 34 33 2 20 24 16 14 26 25 32 35 32 13 26 23 10 34 25 12 15 33 17 34 18 24 24 41 29 15 26 30 22 31 13 9 9 35 24 21 23 31 39 28 43 6 42 20
0 11 17 11 18 43 40 21 25 23 17 15 23 21 22 27 31 22 22 27 3 38 34 31 26 8 30 27 22 22 0 19 11 29 22 17 10 16 42 18 14 25 3 26 10 0 35 21 32 20 25 22 12 24 15 23 21 23 38 22 36 41 22 32 31 26 25 45 27 32 31 12 15 32 19 2 16 25 30 14 26 24 9 1 15 24 39 31 31 11 40 33 38 24 20 11 37 21 14 4 18
0 23 28 19 22 23 31 18 12 27 27 23 24 39 27 8 29 15 2 26 22 5 32 28 19 33 27 34 22 19 23 0 25 28 42 41 22 24 42 40 38 24 41 33 19 40 24 17 25 21 15 30 3 31 26 6 37 16 27 22 39 24 10 18 19 23 16 2 11 31 16 2 29 23 32 21 14 19 29 14 28 12 14 29 2 10 36 13 9 24 23 30 24 30 43 19 26 0 8 25 8
0 34 17 41 5 25 22 32 41 13 43 27 41 20 37 35 42 30 23 8 9 37 18 30 30 20 21 12 15 22 21 16 0 21 26 13 26 26 36 1 23 30 14 38 26 20 12 20 18 16 13 39 25 29 36 24 8 43 15 45 36 18 33 10 6 22 13 42 21 26 34 28 22 16 20 37 29 10 11 35 17 23 37 19 6 26 26 37 22 22 22 31 10 40 10 29 13 26 28 22 36
0 8 28 33 27 21 14 22 34 42 27 26 23 30 24 26 22 16 37 24 33 20 30 28 15 36 24 21 26 28 25 24 29 0 24 12 17 42 41 33 20 32 17 40 30 44 14 36 19 16 39 0 12 26 32 13 19 20 29 14 21 23 36 17 32 27 21 12 6 11 18 23 16 24 19 17 11 17 32 31 28 9 34 26 30 18 36 5 45 36 44 28 27 22 37 30 18 6 33 42 17
0 17 26 20 27 26 4 34 17 27 35 27 19 24 20 29 43 19 32 13 36 26 8 16 33 40 29 35 33 37 9 18 34 19 0 14 7 23 15 20 33 14 35 35 35 44 17 26 20 45 20 19 41 16 24 25 31 21 13 17 38 2 5 23 27 24 35 13 30 24 27 16 28 27 17 24 16 26 22 8 23 15 18 18 32 8 13 8 26 19 28 29 13 21 35 23 17 13 22 45 43
0 45 18 25 32 21 23 14 21 24 37 9 39 26 46 23 26 31 11 21 25 7 19 28 17 35 28 20 22 31 34 29 40 4 22 0 30 20 24 28 18 25 36 3 5 28 20 25 12 25 25 36 24 16 36 43 41 26 22 35 34 22 24 13 9 25 2 43 28 15 40 21 12 27 7 11 37 27 23 28 12 32 36 34 36 21 36 17 8 23 19 9 39 21 23 27 25 18 13 12 44
0 22 29 6 31 38 33 15 11 23 25 24 11 44 18 11 18 21 15 20 18 36 18 20 14 32 10 29 38 16 30 34 8 32 13 40 0 37 27 32 25 9 28 23 8 30 10 14 21 27 16 11 23 26 22 39 18 22 31 19 5 25 24 26 20 28 22 19 15 22 13 9 30 24 20 20 14 38 4 15 22 9 13 19 35 13 30 25 24 6 26 20 12 13 7 42 11 15 32 1 7
0 15 23 13 23 40 26 12 27 45 37 29 40 36 20 18 26 24 38 27 36 10 19 12 24 18 12 13 30 25 7 36 17 25 33 11 25 0 9 31 30 34 15 20 24 22 32 12 5 5 17 13 39 32 23 10 31 24 26 19 36 15 18 26 22 29 12 30 30 29 36 43 30 9 17 3 5 34 13 20 42 15 19 32 5 26 10 10 28 16 23 28 14 17 19 35 24 12 25 12 26
0 43 31 28 20 27 4 26 34 21 35 5 44 29 31 19 20 26 32 23 20 28 23 10 22 23 28 20 32 19 39 13 11 18 2 34 14 3 0 26 19 9 6 46 37 13 32 26 1 38 3 23 18 9 27 12 12 24 15 29 24 26 44 29 20 5 9 29 28 30 27 20 32 40 17 18 12 17 8 18 4 30 41 13 32 24 32 13 46 23 32 16 22 28 33 34 10 20 21 20 31
0 22 4 33 8 33 22 4 16 25 10 34 23 20 39 11 17 20 38 12 32 12 32 22 17 20 23 21 15 26 42 45 23 25 16 13 11 23 41 0 11 4 35 7 31 6 19 18 7 5 37 21 16 21 16 22 12 4 39 12 26 41 32 30 30 25 12 32 30 22 22 16 34 21 14 37 15 30 9 41 19 13 13 25 45 15 34 29 28 16 22 25 24 10 13 18 18 12 5 26 13
0 38 16 29 16 12 20 32 29 36 22 23 28 23 16 42 26 20 8 31 37 16 8 6 2 3 32 8 21 34 7 29 7 31 22 36 28 6 28 15 0 30 34 5 22 7 28 3 35 37 18 26 26 31 25 20 33 5 35 16 19 30 24 32 17 6 21 29 20 7 44 35 22 31 31 30 38 18 9 26 15 28 1 18 39 32 34 11 14 19 36 25 36 17 15 21 15 12 32 22 40
0 32 31 22 38 23 17 31 8 26 13 36 38 10 27 33 18 38 42 16 34 15 26 20 24 19 26 21 9 32 25 25 9 3 23 26 22 23 9 13 23 0 20 35 16 25 27 46 19 15 42 28 20 23 39 13 17 40 30 37 32 2 21 10 16 4 24 29 18 26 8 34 17 22 10 13 20 3 31 14 16 36 35 18 13 17 2 21 17 5 12 15 15 9 26 18 11 16 26 33 15
0 33 24 35 22 5 17 15 39 19 24 26 16 24 4 16 21 13 26 10 42 32 17 10 18 30 14 6 36 17 33 39 33 23 17 6 24 25 29 42 30 13 0 29 40 7 20 8 7 34 19 38 5 37 25 24 28 29 18 26 31 29 27 25 14 22 14 15 25 29 38 24 21 23 24 38 40 24 19 13 20 34 29 0 30 11 25 17 16 15 33 24 25 29 27 33 32 8 9 12 13
0 32 37 3 28 19 31 7 40 13 22 43 24 11 30 12 36 26 24 27 28 30 29 24 18 13 37 26 24 36 25 16 36 13 13 25 25 19 16 25 22 37 31 0 8 34 14 21 40 12 13 6 28 28 17 11 34 24 14 24 30 25 43 31 22 13 21 25 39 27 34 41 21 28 40 25 21 15 25 15 23 21 22 30 15 35 38 28 27 30 17 11 2 2 37 16 9 11 11 30 19
0 29 31 3 4 8 34 19 31 43 16 24 17 40 21 8 20 20 38 21 34 15 23 14 25 37 18 4 14 18 7 27 22 25 5 25 21 17 29 32 22 33 25 20 0 13 33 36 31 31 44 26 36 25 24 35 21 16 7 19 39 28 21 22 38 1 10 27 28 34 31 15 25 22 12 24 25 22 11 7 40 27 39 21 18 29 7 21 12 25 43 28 26 34 11 4 17 42 26 20 21
0 25 20 39 35 26 31 12 22 21 39 18 44 22 34 11 1 34 13 23 15 18 15 3 19 41 40 36 31 30 20 25 25 44 33 14 28 11 21 28 16 28 42 4 5 0 33 25 19 7 20 21 29 13 31 22 17 31 12 22 37 29 6 25 20 22 30 11 17 27 25 42 29 17 17 28 8 31 36 13 20 29 34 35 27 29 3 37 29 24 13 27 6 11 18 17 28 43 34 2 31
0 8 3 5 12 27 30 31 16 19 9 37 22 31 41 19 32 32 26 7 9 18 3 35 23 29 32 21 16 45 23 46 19 1 43 15 29 9 31 34 22 27 27 7 24 21 0 12 17 16 20 23 32 17 25 24 32 13 14 23 31 0 26 32 34 20 27 27 24 15 23 6 34 21 1 1 29 24 26 19 29 27 31 9 22 35 17 22 11 43 40 36 31 14 18 8 39 26 1 16 33
0 11 21 28 28 16 19 20 10 35 34 20 19 25 22 23 32 17 24 41 23 10 27 9 15 26 31 35 17 26 14 7 41 43 31 26 30 28 18 35 41 43 15 16 32 12 34 0 44 7 41 33 46 15 16 21 34 26 27 15 30 39 28 38 39 1 37 23 27 27 10 22 13 23 20 30 39 25 17 5 15 26 35 23 17 29 12 33 15 16 16 17 38 16 8 20 20 23 5 24 28
0 40 9 17 28 26 21 27 18 11 21 32 34 15 10 21 18 14 27 25 37 27 34 29 31 32 14 23 28 43 39 15 28 19 17 34 40 16 25 30 13 30 17 19 21 12 12 7 0 14 45 32 21 34 28 22 14 32 19 20 36 26 37 28 27 0 32 24 32 21 29 25 26 21 15 10 10 19 27 16 36 12 19 10 5 35 1 20 43 30 10 34 23 21 42 14 26 20 33 33 19
0 37 35 39 29 34 18 41 18 29 26 11 20 25 17 36 8 27 47 35 24 23 13 7 38 15 25 20 33 31 15 14 10 36 30 14 29 34 26 43 22 30 34 27 21 16 20 18 21 0 23 30 16 37 21 17 15 39 31 8 33 28 12 25 15 34 23 44 10 8 31 29 40 34 25 23 39 36 30 41 23 41 4 31 19 33 14 31 14 11 27 26 42 23 12 43 18 40 40 31 35
0 29 28 30 38 22 19 6 46 33 7 34 11 21 22 39 21 17 35 23 15 21 13 46 34 16 26 0 37 21 18 36 29 17 32 22 20 26 12 42 14 30 41 43 27 12 31 16 18 8 0 25 34 20 37 20 23 12 18 35 41 21 25 10 21 31 22 19 27 41 28 25 30 17 44 20 3 22 12 23 21 36 23 22 45 8 17 18 26 29 6 22 19 30 16 30 21 22 29 46 38
0 28 22 28 36 8 29 26 29 21 36 35 21 2 33 28 16 29 10 20 30 25 30 10 15 44 35 34 23 14 21 10 19 3 15 30 38 37 17 20 16 33 18 20 27 46 25 14 41 18 28 0 23 11 37 25 31 6 29 16 25 22 12 32 39 30 18 13 38 22 5 14 35 4 16 10 9 17 20 6 13 10 28 23 28 22 25 3 32 12 10 38 26 19 36 15 23 27 12 30 3
0 23 36 32 41 25 19 16 12 13 17 11 5 34 10 27 44 30 19 39 33 35 17 37 21 18 46 23 16 41 31 27 25 19 13 40 25 25 36 23 42 8 17 26 20 38 3 20 27 31 29 15 0 26 15 15 36 40 19 36 33 33 4 19 11 15 11 8 11 33 15 34 24 19 43 11 26 0 41 16 42 34 24 23 31 37 11 23 35 22 40 36 24 16 44 35 11 26 22 26 38
0 19 22 43 34 21 28 37 35 26 16 24 38 3 7 7 38 11 24 21 29 10 22 7 36 29 23 15 21 22 29 27 23 17 27 31 17 21 28 24 33 19 41 28 10 23 34 19 6 39 19 24 16 0 25 15 21 38 27 21 28 40 21 43 26 25 24 18 34 42 24 20 33 26 5 23 30 32 22 42 4 33 25 15 16 30 22 24 27 36 30 12 33 16 29 14 26 26 30 26 22
0 34 33 30 10 21 22 24 10 22 24 26 26 16 17 18 24 22 24 37 27 21 27 23 10 22 21 33 19 36 35 16 15 24 38 25 17 7 18 13 18 23 11 22 24 14 36 25 21 35 13 26 23 24 0 14 0 29 9 22 21 13 18 12 15 26 19 35 27 20 10 21 41 35 20 33 18 22 19 4 34 24 33 30 11 24 39 22 14 16 31 29 27 31 27 19 46 26 18 38 16
0 8 30 17 9 14 10 13 26 26 32 32 14 25 15 27 28 17 29 22 8 9 20 13 24 18 44 30 30 0 25 27 23 19 19 5 22 22 30 43 25 45 25 22 14 43 21 24 13 6 14 37 18 14 18 0 25 6 26 15 28 3 26 20 19 36 21 30 41 17 27 42 33 25 21 23 21 10 30 21 20 44 23 35 25 24 8 31 10 20 7 32 21 17 19 39 26 16 38 36 14
0 21 18 6 27 27 25 40 18 17 27 21 19 2 29 34 29 31 8 37 27 35 11 32 31 24 21 25 24 30 25 0 40 22 26 21 40 43 11 11 21 27 16 35 21 12 25 15 35 35 18 27 8 21 33 28 0 31 17 32 38 5 20 31 21 35 39 15 31 22 23 42 9 23 20 18 14 23 20 34 20 22 3 10 31 37 3 8 43 15 6 31 27 13 15 18 32 17 20 31 30
0 17 39 30 24 17 42 8 20 22 30 33 16 46 18 19 16 4 39 28 38 31 31 16 37 31 29 23 15 20 31 13 38 27 29 22 18 21 16 20 19 12 26 7 28 3 29 17 28 29 15 30 30 41 27 26 32 0 41 21 27 9 46 21 18 17 27 34 13 9 41 43 38 17 44 34 9 4 6 30 1 38 25 27 27 23 24 28 16 33 26 14 21 6 20 23 16 28 37 26 25
0 22 16 6 6 19 9 22 38 20 16 13 40 23 32 21 8 21 35 14 15 31 26 12 28 25 39 37 6 24 9 28 31 31 22 1 15 2 8 30 15 6 16 28 34 39 30 16 7 23 37 19 11 36 29 20 25 17 0 18 36 8 7 40 11 33 22 37 22 19 38 23 4 28 33 19 27 27 32 22 23 36 23 23 15 29 7 27 4 43 22 10 31 28 24 26 30 42 18 35 19
0 33 40 18 17 35 21 4 39 40 33 3 14 13 13 14 36 29 32 17 4 4 15 22 46 30 9 16 20 7 33 5 19 41 38 37 33 21 27 15 29 19 24 25 29 19 20 43 34 18 17 25 24 25 29 15 14 23 34 0 12 43 24 13 16 10 22 20 31 12 32 24 32 29 12 26 26 22 14 19 23 19 12 15 20 7 16 3 33 35 25 17 22 35 10 35 14 22 6 17 23
0 29 26 31 18 21 28 35 12 17 40 17 23 20 2 11 13 37 17 17 30 36 18 37 5 19 20 36 43 36 42 25 11 21 28 37 24 21 33 40 28 15 34 20 16 22 17 32 36 36 36 27 37 31 20 39 3 19 31 32 0 7 21 38 33 19 18 20 17 23 22 30 19 29 20 26 14 33 28 4 17 20 23 35 32 25 47 36 16 33 16 15 17 30 12 32 15 30 22 44 28
0 13 32 25 28 8 13 31 25 16 16 46 45 4 23 28 40 15 36 30 6 44 28 29 16 8 17 24 30 15 27 23 25 25 7 39 3 30 17 20 6 28 23 41 36 23 35 16 12 23 32 39 7 16 26 21 20 38 21 28 31 0 20 8 13 27 36 24 19 35 29 17 28 29 16 23 34 21 36 20 20 11 30 24 20 13 24 24 46 25 12 27 14 20 19 24 14 29 30 13 45
0 23 26 17 28 27 17 10 30 34 9 21 35 4 10 2 19 8 9 20 36 35 33 41 45 19 35 27 28 26 17 20 22 15 3 22 16 17 15 24 24 11 18 7 9 35 21 23 36 20 19 25 20 25 20 27 17 16 33 12 30 20 0 15 12 31 34 16 34 28 8 10 21 26 25 25 21 16 37 2 3 14 20 20 23 18 21 11 5 33 28 11 23 18 17 26 17 36 6 32 18
0 30 10 25 35 28 23 37 22 16 15 38 39 29 15 13 6 15 16 19 12 2 26 35 44 20 20 13 37 8 40 16 26 33 38 37 5 25 28 11 26 33 14 15 38 12 27 29 22 29 17 14 42 32 37 32 30 20 28 16 16 15 26 0 36 45 41 31 25 16 25 27 17 16 11 43 32 33 27 45 38 10 36 23 33 21 18 25 35 17 22 29 13 26 37 10 25 17 27 22 15
0 17 11 5 39 6 13 26 13 45 19 12 21 22 35 28 35 13 5 18 1 7 22 15 47 10 16 36 31 33 25 21 34 33 25 29 9 14 29 14 10 29 22 27 11 26 29 40 32 23 24 26 44 29 17 23 32 37 11 35 17 17 23 25 0 26 24 4 29 42 0 22 24 20 32 26 38 22 40 6 31 24 26 16 16 22 29 36 3 29 23 27 15 43 30 30 27 32 28 18 20
0 9 42 28 5 7 5 13 40 45 33 21 43 31 24 11 25 14 34 9 34 22 22 30 24 15 6 20 14 20 28 21 8 34 38 14 36 24 30 14 28 11 6 36 23 2 17 34 41 44 1 22 15 30 18 23 20 21 8 30 24 19 37 26 26 0 18 23 46 23 31 19 13 19 33 21 2 26 18 18 22 24 31 42 33 27 21 22 22 30 5 20 15 16 14 5 32 14 27 45 22
0 10 22 14 23 11 25 24 26 21 20 24 13 29 39 7 32 25 19 17 32 20 11 28 21 17 1 35 10 28 39 20 25 44 18 23 7 22 23 10 30 10 13 19 22 26 28 23 34 13 8 31 26 10 29 34 5 17 20 36 31 18 23 9 13 26 0 32 13 6 17 11 4 29 26 33 30 21 32 34 28 9 27 34 36 26 13 43 15 40 18 32 33 38 41 15 24 25 20 24 30
0 9 27 25 26 30 28 13 14 15 17 1 41 20 30 30 30 24 29 19 21 40 29 5 41 17 37 11 17 13 15 14 9 21 25 44 13 4 20 26 19 25 26 36 37 28 40 3 10 9 16 18 18 34 18 29 28 35 30 23 21 25 16 22 37 22 14 0 42 41 25 32 34 22 22 8 15 25 27 2 24 28 31 15 29 10 21 38 18 18 31 43 26 28 11 11 27 22 22 27 8
0 5 12 39 24 38 10 9 8 40 18 9 18 20 37 23 33 25 3 39 11 27 34 29 14 25 14 18 26 34 27 1 23 15 22 4 28 2 27 44 25 25 20 13 12 22 34 24 31 43 45 23 17 33 36 31 29 19 24 30 27 5 35 43 29 22 32 3 0 33 22 25 21 31 18 33 10 9 22 26 37 28 42 35 25 20 21 25 12 1 15 5 25 28 17 16 30 36 26 4 42
0 30 27 18 6 26 10 24 21 22 4 41 28 18 27 29 41 44 19 23 26 38 13 45 21 30 29 9 25 4 44 23 30 26 15 15 7 16 35 21 7 15 39 29 30 36 41 31 8 30 29 28 27 29 26 24 24 20 11 20 28 16 21 22 18 39 20 42 36 0 31 26 28 27 34 11 16 28 29 29 36 32 22 10 19 33 25 14 31 39 8 6 10 46 29 24 25 15 20 16 18
0 8 20 27 10 22 22 17 25 31 14 25 23 19 23 41 11 3 39 15 31 27 33 31 27 15 36 4 18 19 36 29 16 13 14 14 18 18 10 38 32 27 20 11 15 21 25 45 18 19 37 21 8 40 5 12 31 35 25 16 17 25 27 9 22 2 25 17 44 13 0 16 14 7 24 27 36 39 7 13 30 29 34 11 16 14 20 19 36 9 41 34 33 22 34 31 14 35 31 22 9
0 36 29 10 27 19 9 25 13 33 23 33 23 20 25 10 14 41 36 0 42 32 28 30 27 31 33 37 13 12 26 23 35 33 27 28 24 23 10 23 35 15 46 15 25 34 15 42 28 18 32 4 6 29 21 32 26 5 15 37 18 22 6 35 25 20 27 42 14 28 26 0 22 5 38 24 29 9 5 46 9 34 14 27 20 32 7 32 18 26 17 21 16 23 4 9 25 34 29 39 20
0 20 10 26 19 11 4 25 19 31 17 15 9 16 14 30 30 10 23 32 24 17 23 39 23 9 25 44 22 24 13 26 4 37 16 37 5 31 21 12 24 36 14 19 39 26 24 10 18 30 15 26 32 9 27 28 34 28 20 23 17 14 27 33 26 32 9 5 37 1 20 3 0 20 31 11 35 29 30 28 29 16 24 17 20 29 27 4 17 21 36 24 26 11 32 8 39 17 11 19 23
0 36 27 22 29 21 13 30 27 39 20 15 20 27 8 35 29 31 30 16 26 40 17 9 10 15 21 35 16 34 42 33 31 38 27 28 31 28 26 19 15 7 22 31 20 11 32 12 26 16 17 27 15 20 4 24 3 34 16 9 32 14 15 39 19 13 8 25 4 42 14 16 29 0 34 22 25 16 29 22 18 31 22 40 24 29 36 22 18 27 22 5 13 31 23 14 31 34 41 8 7
0 43 28 10 6 14 37 29 11 20 31 44 19 21 13 24 16 24 24 32 9 38 0 29 34 44 30 20 31 15 28 21 34 21 16 21 20 21 45 17 16 24 28 20 35 27 33 27 9 33 18 7 38 41 21 24 29 2 36 6 26 26 16 41 44 28 22 45 30 24 24 20 41 25 0 37 12 2 24 22 14 7 28 2 25 28 16 7 35 23 33 31 13 16 9 10 23 11 18 36 17
0 25 14 29 10 29 24 35 11 3 27 38 19 30 23 21 21 9 12 23 35 26 16 28 9 20 18 14 10 42 31 17 21 11 16 19 38 23 16 33 28 10 27 2 40 38 13 40 24 39 24 12 46 15 38 20 27 20 9 8 26 20 27 40 33 4 20 44 26 8 24 30 33 26 20 0 36 39 30 43 29 30 11 21 25 25 20 39 45 30 26 10 26 31 15 28 20 11 23 29 24
0 25 12 9 25 14 26 22 31 24 27 31 44 36 26 10 42 36 31 17 17 17 19 5 21 36 20 21 6 34 22 12 17 16 10 1 10 33 19 10 25 18 23 21 32 43 21 39 19 21 14 29 25 21 28 42 3 30 30 46 27 36 28 39 18 30 17 5 17 34 37 31 20 15 33 8 0 31 16 24 22 29 26 8 17 17 35 9 16 21 18 40 23 17 15 17 26 2 33 22 42
0 18 13 31 37 20 31 36 10 10 20 17 9 28 17 24 7 15 32 14 14 7 15 25 41 20 18 23 2 33 37 32 6 22 13 14 22 20 4 29 34 26 13 11 11 39 13 24 17 14 37 31 35 32 26 26 8 18 19 9 28 12 16 26 26 28 23 16 17 33 15 37 28 31 1 33 27 0 19 11 21 21 17 13 18 31 27 7 28 34 19 27 22 35 36 19 15 34 37 23 13
0 36 23 30 28 32 22 18 23 12 2 23 33 32 25 29 23 45 22 34 24 26 9 29 28 32 40 22 15 32 18 6 26 43 28 27 35 10 34 25 18 16 15 17 40 35 12 15 27 3 13 22 11 14 34 15 18 33 27 21 14 37 15 13 14 33 26 24 37 28 5 19 18 21 9 13 30 12 0 19 37 26 14 25 20 6 33 19 14 25 29 41 18 43 40 27 22 25 35 16 34
0 31 21 18 20 3 34 24 20 20 35 32 29 10 36 35 41 6 24 27 19 18 4 17 16 25 31 22 39 35 16 9 34 17 38 32 35 3 30 11 28 26 38 12 24 27 13 20 46 32 28 9 29 30 17 32 23 42 28 17 38 6 30 24 44 33 22 19 20 23 22 36 11 35 6 26 17 23 12 0 22 27 14 26 14 24 23 23 21 33 41 29 21 22 24 10 37 40 27 29 25
0 36 26 26 23 6 34 37 23 9 31 27 2 29 23 24 26 21 41 18 44 8 29 7 17 27 11 19 8 1 26 39 32 32 46 4 31 43 30 42 26 25 14 12 36 11 18 18 22 4 23 19 28 8 32 18 23 28 8 30 45 2 38 32 24 17 16 20 33 31 29 35 16 8 46 42 22 13 33 13 0 33 12 23 19 23 20 35 23 31 20 19 41 24 18 38 19 26 21 17 23
0 32 25 29 35 34 37 20 26 15 27 26 30 29 18 33 23 3 25 10 13 23 22 15 16 5 23 33 34 45 24 36 37 21 28 44 37 29 16 38 17 25 22 11 25 32 32 29 25 29 15 29 11 29 18 41 0 22 20 21 9 25 33 23 14 38 31 30 7 22 26 22 10 7 29 35 25 23 15 25 10 0 18 15 14 24 9 19 29 44 30 10 26 37 3 9 23 26 37 22 28
0 0 24 33 19 31 17 17 12 25 11 11 12 16 28 11 27 21 24 41 12 37 13 23 34 31 22 10 1 24 42 14 38 28 32 25 21 38 34 45 22 10 25 29 5 14 24 12 32 16 15 40 12 32 33 22 32 24 31 6 24 39 22 11 26 24 29 40 2 26 30 23 37 21 8 11 21 18 13 34 30 24 0 28 18 20 29 43 33 7 41 20 34 24 15 22 43 34 30 6 34
0 12 10 34 25 13 9 30 22 20 25 29 40 12 17 15 19 18 34 33 9 35 28 38 15 13 39 8 25 21 14 15 34 8 19 15 25 18 40 14 46 25 15 30 37 25 24 30 11 18 32 26 3 15 22 34 13 16 37 14 16 33 25 33 22 17 14 10 22 9 17 31 12 19 36 26 28 13 31 28 8 20 11 0 26 26 22 12 1 19 29 25 40 38 24 19 27 22 23 25 46
0 31 11 23 25 15 22 13 2 33 15 33 29 19 21 39 17 23 30 20 3 37 14 29 17 21 4 22 22 15 29 26 30 21 23 27 25 17 7 15 31 22 18 17 27 17 34 21 15 34 30 21 29 20 27 19 28 17 7 5 36 45 25 7 15 6 20 30 40 15 22 22 20 21 11 28 9 27 15 42 28 22 45 35 0 42 12 15 25 20 32 18 10 21 27 28 20 25 22 31 43
0 36 32 30 31 3 8 8 28 17 27 28 10 17 9 21 18 29 20 36 14 37 23 31 38 20 35 40 11 20 24 25 20 44 32 30 34 35 32 19 43 37 44 34 15 35 33 44 5 39 20 24 17 24 35 22 37 5 46 5 19 15 37 12 18 23 19 38 7 38 19 20 31 34 18 33 11 8 28 12 17 30 20 18 32 0 21 19 29 11 17 11 27 15 2 32 27 20 24 20 32
0 24 23 10 27 43 13 11 17 24 31 37 8 31 14 26 7 21 19 29 31 19 25 20 17 25 23 17 15 30 22 12 5 35 21 14 32 10 32 16 32 21 18 17 31 27 20 15 5 46 1 40 41 29 23 45 22 15 18 16 14 19 38 31 14 26 20 22 15 10 43 12 10 13 30 21 24 8 36 37 42 10 32 21 34 8 0 20 12 18 1 18 3 30 46 14 18 21 28 17 36
0 30 25 13 10 24 23 20 11 27 45 14 4 19 8 20 18 36 16 17 30 17 24 22 4 21 22 31 34 11 19 11 27 34 34 33 38 16 36 11 40 7 43 14 24 16 10 8 34 12 30 8 35 23 21 33 9 22 28 5 14 8 24 40 27 34 39 25 34 24 14 18 19 9 13 14 33 31 23 30 7 33 8 44 24 23 18 0 27 16 41 41 15 17 32 7 15 23 23 45 30
0 20 32 21 27 29 21 13 15 36 14 32 3 18 25 9 21 13 17 17 20 30 20 29 15 31 10 16 30 30 0 16 24 13 8 14 25 24 34 26 1 29 37 30 44 19 16 18 33 22 42 30 24 24 45 3 40 19 3 28 14 26 2 25 19 10 12 16 11 35 30 26 26 35 34 36 19 27 35 22 15 15 34 31 8 24 16 32 0 41 28 26 37 21 31 26 28 12 37 9 14
0 17 2 14 31 15 9 20 31 19 19 10 14 38 24 26 18 37 31 36 10 0 5 16 21 33 26 28 27 41 0 27 26 6 16 34 32 3 6 15 12 33 10 26 30 32 37 34 19 27 24 20 33 17 19 9 17 22 26 23 23 39 20 4 36 18 12 39 30 21 36 30 36 26 26 33 42 17 37 37 9 23 29 16 35 44 21 15 19 0 18 21 29 29 26 24 34 27 16 35 10
0 18 21 28 14 15 10 13 10 34 39 29 29 23 28 20 7 11 26 27 30 23 19 13 26 30 27 29 13 14 32 29 17 5 40 24 23 41 3 18 15 28 14 30 14 22 28 29 19 19 16 40 10 32 36 14 8 19 23 15 28 3 42 23 37 27 38 23 29 3 5 2 23 4 27 34 11 26 22 21 26 7 46 21 15 24 9 33 5 29 0 17 9 36 34 26 28 41 32 23 15
0 13 41 31 4 23 2 9 6 9 19 4 13 25 14 32 3 13 9 12 30 25 15 17 34 9 8 36 24 22 40 8 18 26 29 35 11 2 9 25 34 20 23 39 32 36 35 6 26 27 28 8 29 12 25 8 26 23 9 22 29 26 24 22 37 16 35 30 24 22 23 22 25 13 36 15 30 29 28 7 31 19 46 25 2 36 29 31 15 26 27 0 10 26 15 15 32 18 39 24 26
0 43 23 26 41 13 24 12 23 16 10 11 21 24 33 28 26 38 30 22 31 25 31 18 14 28 4 25 14 17 42 23 27 44 45 33 30 32 28 1 15 5 8 9 19 26 26 32 42 21 33 26 30 43 33 25 25 38 37 11 34 22 19 18 24 22 12 15 25 20 36 38 43 18 18 18 18 40 43 7 3 14 35 25 23 42 18 7 21 19 32 15 0 14 19 32 26 39 39 22 12
0 22 27 23 32 14 18 14 26 18 21 18 25 30 43 17 35 7 24 4 20 25 21 26 15 19 19 16 22 30 15 26 36 21 5 20 26 8 35 24 2 26 28 7 11 2 6 19 25 8 33 31 29 17 19 22 10 34 6 14 5 3 31 35 39 29 33 28 14 26 23 33 11 19 34 7 23 43 16 34 20 10 21 14 27 35 12 23 27 42 37 39 29 0 20 27 39 19 37 41 13
0 30 27 25 31 44 10 22 14 14 7 23 31 23 11 28 10 30 33 39 29 8 24 37 21 38 8 33 32 13 18 18 33 21 7 14 33 41 24 41 27 35 40 16 41 16 46 28 22 11 29 10 27 38 32 31 4 8 32 30 12 21 32 20 18 36 44 36 19 21 20 20 38 27 19 36 19 15 37 18 45 28 33 31 31 25 15 27 19 29 23 20 19 28 0 20 9 26 22 42 36
0 34 34 28 34 1 12 27 16 37 11 21 8 27 37 12 14 26 24 27 21 17 41 24 13 2 15 4 16 27 43 47 31 3 21 4 15 31 14 27 12 19 28 30 23 7 25 23 35 30 20 3 32 27 24 24 38 17 33 26 29 20 9 13 33 30 32 20 33 45 9 19 31 21 12 3 34 20 18 10 33 41 19 10 16 26 17 22 33 19 13 40 31 9 14 0 21 3 21 14 34
0 19 28 32 22 22 39 46 36 34 31 26 30 21 18 10 29 25 12 42 19 36 9 13 43 26 27 39 24 25 40 14 18 21 10 19 22 31 34 27 37 28 44 33 24 41 22 18 28 39 23 34 34 19 26 15 25 37 8 29 24 23 28 8 16 3 14 23 7 36 27 5 28 18 27 34 20 34 17 39 33 37 7 40 37 30 20 14 33 3 1 5 29 22 30 24 0 22 20 5 6
0 18 36 29 31 13 21 22 28 18 3 23 30 33 22 36 32 12 28 27 34 11 36 1 16 34 39 4 14 1 25 12 32 32 33 6 16 16 38 7 12 15 19 32 20 7 5 28 19 28 29 24 16 17 24 29 18 33 15 28 21 29 14 24 20 12 20 25 33 6 15 36 17 7 8 28 23 9 5 8 36 27 33 16 23 5 28 29 18 8 28 36 26 7 38 33 20 0 46 3 5
0 34 6 28 36 15 32 29 30 45 9 24 29 32 25 30 22 36 28 27 28 28 20 5 24 13 32 23 14 5 28 27 35 14 15 21 36 39 41 28 10 28 7 25 29 31 42 32 17 39 28 17 17 12 6 32 25 24 35 22 18 24 43 7 33 27 29 28 24 20 24 37 14 36 23 25 29 30 19 16 21 16 18 37 36 14 28 30 27 43 26 27 46 24 28 25 29 43 0 8 21
0 28 10 39 23 37 26 45 25 37 31 17 7 24 28 26 24 20 45 27 12 1 18 14 14 4 23 32 16 35 29 0 22 24 26 8 21 2 9 27 14 37 37 11 15 28 34 20 25 29 31 22 17 28 21 19 23 37 25 21 40 16 24 12 11 11 14 33 33 37 22 39 37 3 12 30 14 5 8 44 40 39 14 8 10 22 23 22 19 18 10 36 39 14 30 27 19 44 36 0 5
0 30 15 21 43 21 27 16 22 13 32 19 23 39 29 8 23 35 20 19 22 7 16 33 35 32 39 34 31 30 10 33 6 27 32 18 19 32 30 21 33 2 13 20 13 25 32 34 17 25 22 21 19 10 23 22 7 24 35 36 39 30 13 20 27 12 27 40 28 17 15 17 20 6 19 19 36 40 29 13 3 20 14 16 12 16 21 32 29 16 2 32 10 35 23 26 16 46 6 18 0
