100 4
4 682 7 7
10 740 7 10
2 882 10 2
10 770 10 9
5 776 4 4
9 794 9 7
7 890 6 5
2 781 10 1
14 712 6 7
18 755 8 8
5 768 9 2
24 713 5 9
25 895 3 9
12 689 6 4
33 819 4 10
35 846 8 10
22 855 5 6
27 815 8 7
31 918 6 8
25 732 6 6
35 709 4 8
42 715 9 8
53 694 2 10
44 895 10 8
50 874 4 9
57 919 7 10
25 870 8 4
33 911 7 5
66 882 8 10
53 749 6 8
60 786 4 9
34 671 6 5
34 795 4 5
43 695 3 6
22 912 6 3
38 707 7 5
61 908 3 8
39 662 3 5
80 726 9 10
25 833 8 3
69 662 2 8
88 903 9 10
36 803 2 4
27 756 4 3
90 780 5 10
36 894 7 4
37 740 4 4
74 903 1 8
86 772 6 9
96 886 1 10
90 691 6 9
96 874 9 9
22 805 10 2
33 847 8 3
67 805 8 6
45 737 5 4
93 719 4 8
83 696 6 7
95 749 1 8
98 757 3 8
87 869 3 7
26 782 4 2
13 697 8 1
93 688 8 7
42 892 8 3
71 746 5 5
76 699 5 5
77 699 10 5
79 734 8 5
83 700 5 5
100 919 9 6
34 759 9 2
69 820 3 4
70 867 2 4
53 661 5 3
53 838 9 3
56 921 1 3
56 747 10 3
40 682 9 2
43 898 6 2
67 773 10 3
45 843 7 2
93 703 5 4
70 848 1 3
73 706 4 3
62 731 2 2
97 871 5 3
65 717 9 2
73 772 9 2
40 752 7 1
84 844 3 2
86 776 1 2
48 903 2 1
59 683 10 1
77 881 9 1
81 723 9 1
87 703 7 1
87 750 5 1
94 909 10 1
94 920 6 1
SETUP
0 4 1 7 4 6 2 4 3 2 8 5 6 11 9 4 7 4 6 9 12 7 6 8 10 11 7 6 2 6 6 4 7 6 2 4 8 8 9 5 5 6 6 6 6 7 6 4 6 3 3 8 3 1 9 7 8 10 2 12 9 4 6 11 4 3 6 4 7 12 2 2 5 3 8 5 7 3 6 5 5 3 1 1 6 10 2 10 6 2 6 13 3 1 3 8 7 8 6 5 6
0 0 1 7 4 6 2 4 3 2 7 4 6 11 9 4 7 4 6 9 12 7 6 8 10 11 7 6 2 6 6 4 7 6 2 4 8 8 9 5 5 6 2 6 6 7 6 4 6 3 3 5 3 1 9 6 8 10 2 12 9 4 6 11 4 3 6 4 7 12 2 2 1 3 4 1 3 3 6 5 5 3 1 1 6 10 2 10 5 2 6 13 3 1 3 8 7 8 6 5 5
0 3 0 6 3 6 1 3 2 1 7 4 5 10 8 3 6 3 5 8 11 6 5 7 9 10 6 5 1 5 5 3 6 5 1 3 7 7 8 4 4 5 5 5 5 6 5 3 5 2 2 7 3 0 8 6 7 9 1 11 8 3 5 10 3 2 5 3 6 11 1 1 4 2 7 4 6 3 5 4 4 2 0 0 5 9 1 9 5 1 5 12 2 0 2 7 6 7 5 4 5
0 4 1 0 4 6 2 4 3 2 8 5 6 11 9 4 7 4 6 9 12 7 6 8 10 9 7 6 2 6 6 4 7 6 2 4 4 8 9 5 5 6 6 6 6 7 6 4 6 3 3 8 3 1 9 7 8 10 2 10 9 4 6 11 4 3 6 4 7 12 2 2 5 3 8 5 7 3 6 5 5 3 1 1 6 10 2 10 6 2 6 13 3 1 3 8 7 8 6 5 6
0 4 1 7 0 5 2 4 3 2 8 5 2 11 9 4 7 4 6 9 8 7 2 8 10 11 7 6 2 6 6 4 7 6 2 4 8 8 9 5 5 6 6 6 5 7 6 4 6 3 3 8 3 1 9 7 7 10 2 11 9 4 6 11 3 3 6 4 7 12 2 2 5 3 8 5 7 3 6 5 5 3 1 1 6 6 2 6 6 2 6 13 3 1 3 8 7 4 6 5 6
0 4 1 7 4 0 2 4 3 2 8 5 6 11 9 4 7 4 6 9 12 7 6 8 10 11 7 6 2 6 6 4 7 6 2 4 8 8 9 5 5 6 6 6 6 7 6 4 2 3 3 8 3 1 9 7 8 10 2 12 8 4 6 11 4 3 6 4 5 12 2 2 5 3 8 5 7 3 6 5 5 3 1 1 6 10 2 10 6 2 6 13 3 1 3 8 4 8 6 5 6
0 4 1 7 4 5 0 4 3 2 8 5 6 11 8 4 7 4 6 9 12 7 6 8 10 11 7 6 2 6 6 2 5 6 2 4 8 7 9 5 5 6 6 6 6 7 6 2 6 3 3 8 3 1 9 7 8 10 2 12 9 4 6 11 4 3 5 4 7 12 2 2 5 1 8 5 7 3 6 5 5 3 1 1 6 10 2 10 6 2 5 13 3 1 3 8 7 8 6 5 6
0 4 1 7 4 6 2 0 3 2 8 5 6 11 9 2 5 4 6 7 12 7 6 8 10 11 5 6 2 4 6 4 6 6 2 4 8 5 9 5 5 5 5 6 5 6 5 4 6 3 3 8 3 1 9 7 8 10 2 12 8 4 6 11 4 1 3 4 7 10 2 2 4 3 8 5 7 3 6 5 5 3 1 1 6 8 2 8 6 2 6 13 3 1 3 6 7 8 6 5 6
0 4 1 5 4 6 2 4 0 2 8 5 6 11 9 4 7 4 5 9 11 6 6 8 10 11 6 6 2 6 6 4 7 5 2 4 8 8 7 5 5 6 6 6 6 6 3 4 4 3 3 8 3 1 9 7 6 10 2 12 8 4 6 11 4 3 6 4 5 11 2 2 5 3 8 5 7 3 6 3 5 3 1 1 4 10 2 10 6 2 3 11 0 1 3 7 6 8 6 5 6
0 4 1 7 4 6 2 4 3 0 8 5 6 11 9 2 5 4 6 7 12 7 6 8 10 11 5 6 2 4 6 4 6 6 2 4 8 6 9 5 5 5 5 6 5 7 6 4 6 1 3 8 3 1 9 7 8 9 2 12 9 4 6 9 4 1 4 4 7 10 2 2 4 3 8 5 7 3 6 5 5 3 1 1 6 9 2 9 6 2 6 12 3 1 3 6 7 8 6 5 6
0 4 1 7 4 4 2 4 3 2 0 5 6 11 9 4 7 1 6 9 12 7 6 8 10 11 6 6 2 6 6 4 7 6 2 4 8 8 9 5 5 6 6 6 6 7 6 4 3 3 3 8 3 1 9 6 8 10 2 12 9 3 6 11 4 3 6 4 6 11 2 2 5 3 8 5 7 3 6 5 5 3 1 1 6 10 2 10 6 2 6 13 3 1 3 7 7 8 6 5 5
0 4 1 7 4 6 2 4 3 2 5 0 6 9 9 4 7 4 6 9 12 7 6 8 10 11 5 6 2 4 6 4 6 6 2 4 8 8 9 5 5 6 6 6 6 7 6 4 6 3 3 8 3 1 9 4 8 10 2 12 9 4 6 11 4 3 6 4 7 10 2 2 5 3 8 5 7 3 6 5 5 3 1 1 6 10 2 10 3 2 4 13 3 1 3 6 7 8 6 5 3
0 4 1 7 4 6 2 4 3 2 8 5 0 11 9 4 7 4 6 7 12 7 6 8 10 11 7 6 2 6 6 4 7 6 2 4 8 8 9 5 5 6 6 6 6 7 6 4 6 3 3 8 3 1 9 7 8 10 2 12 9 4 6 11 4 3 6 4 7 12 2 2 5 2 8 5 7 3 6 5 5 3 1 1 6 4 2 4 6 2 6 13 3 1 3 8 7 8 6 5 6
0 4 1 7 4 6 2 4 3 2 8 5 6 0 9 4 7 4 6 9 12 7 6 8 10 11 7 6 2 6 6 2 5 6 2 4 8 7 9 5 5 6 6 6 6 7 6 2 6 3 3 8 3 1 9 7 8 10 2 12 9 4 6 11 4 3 5 4 7 12 2 2 5 3 8 5 7 3 6 5 5 3 1 1 6 10 2 10 6 2 5 13 3 1 3 8 7 8 6 5 6
0 4 1 7 4 6 2 4 3 2 8 5 6 11 0 4 2 4 6 9 11 7 6 6 9 10 5 6 2 6 6 4 7 6 2 4 8 3 9 5 5 2 6 5 6 7 6 4 6 3 2 8 3 1 9 7 8 7 2 10 6 4 5 9 4 3 6 3 7 8 2 2 5 3 8 5 6 3 6 5 5 3 1 1 6 10 2 7 6 2 6 13 3 1 3 4 7 8 6 5 6
0 4 1 7 4 6 2 4 3 2 8 5 6 11 9 0 3 4 4 7 12 7 6 6 9 11 3 6 2 2 6 4 4 4 2 4 8 4 9 5 5 3 3 6 6 5 6 4 6 3 3 6 3 1 9 7 6 10 2 11 7 4 6 9 4 3 6 4 7 8 2 2 2 3 8 5 7 3 6 5 5 1 1 1 6 10 2 10 6 2 6 13 3 1 3 4 5 8 6 4 6
0 4 1 7 4 4 2 4 3 2 8 5 4 11 8 4 0 4 6 9 11 7 4 4 7 11 3 6 2 6 6 4 7 6 2 4 8 1 9 5 5 0 6 3 6 7 6 4 6 3 3 8 3 1 9 7 8 9 2 8 4 4 6 7 4 3 6 4 7 6 2 2 5 3 8 5 4 3 6 5 5 3 1 1 6 8 2 8 6 2 6 11 3 1 3 2 7 8 6 5 6
0 4 1 7 4 3 2 4 3 2 6 5 6 11 9 4 7 0 6 9 12 7 6 8 10 11 7 6 2 6 6 4 7 6 2 4 8 8 9 5 5 6 6 6 6 7 6 4 5 3 3 8 3 1 9 5 8 10 2 12 9 4 6 11 4 3 6 4 7 12 2 2 5 3 8 5 7 3 6 5 5 3 1 1 6 10 2 10 6 2 6 13 3 1 3 8 7 8 6 5 6
0 4 1 7 4 6 2 4 3 2 8 5 6 11 9 4 7 4 0 8 10 7 6 8 10 8 7 6 2 6 6 4 7 0 2 4 6 8 9 5 5 6 6 6 6 1 6 4 6 3 3 6 3 1 8 7 6 10 2 12 7 4 6 11 4 3 6 4 7 10 2 2 5 3 5 5 7 3 6 5 5 1 1 1 6 8 2 8 6 2 6 13 3 1 3 8 1 6 4 4 6
0 4 1 7 4 6 2 4 3 2 8 5 6 11 8 4 7 4 6 0 12 7 6 8 10 11 7 6 2 6 6 4 7 6 2 4 8 8 9 5 5 6 6 6 6 7 6 4 6 3 3 8 3 1 9 7 8 10 2 12 9 4 6 11 4 3 6 4 7 12 2 2 5 3 8 5 7 3 6 5 5 3 1 1 6 10 2 10 6 2 6 13 3 1 3 8 7 8 6 5 6
0 4 1 7 4 6 2 4 3 2 8 5 6 11 9 4 7 4 6 9 0 7 6 8 10 7 7 6 2 6 6 4 7 6 2 4 2 8 9 5 5 6 6 6 6 7 6 4 6 3 3 8 3 1 9 7 8 9 2 12 7 4 6 11 4 3 6 4 7 12 2 2 5 3 8 5 7 3 6 5 5 3 1 1 6 10 2 10 6 2 6 13 3 1 3 8 7 8 4 5 6
0 4 1 7 4 6 2 4 3 2 8 5 6 11 9 4 7 4 6 7 5 0 6 8 10 11 7 6 2 6 6 4 7 6 2 4 7 8 9 5 5 6 4 6 6 7 6 4 6 3 3 8 3 1 9 7 8 10 2 12 9 4 6 11 3 3 6 4 7 12 2 2 5 3 8 5 7 3 6 5 5 3 1 1 6 10 2 10 6 2 6 13 3 1 3 8 7 8 6 5 6
0 4 1 7 4 6 2 4 3 2 8 5 0 11 9 4 7 4 6 7 11 7 0 8 10 11 7 6 2 6 6 4 7 6 2 4 8 7 9 5 5 5 6 6 3 7 6 4 6 3 3 8 3 1 9 7 8 10 2 9 9 4 6 11 1 3 6 4 7 11 2 2 5 2 8 5 7 3 6 5 5 3 1 1 6 4 2 4 6 2 6 13 3 1 3 7 7 8 6 5 6
0 4 1 7 4 6 2 4 3 2 7 5 0 11 9 4 7 4 6 7 11 7 0 0 10 11 7 6 2 6 6 4 7 6 2 4 8 7 9 5 5 5 2 6 3 7 6 4 6 3 3 7 3 1 6 6 8 5 2 9 6 4 6 3 1 3 6 4 7 11 2 2 5 2 6 5 7 3 6 5 5 3 1 1 6 4 2 4 5 2 6 7 3 1 3 7 7 8 6 5 5
0 4 1 7 4 6 2 4 3 2 8 5 4 11 9 4 7 4 6 9 12 7 4 8 0 11 5 3 2 4 6 4 6 6 2 4 8 8 9 5 5 6 6 6 6 7 6 4 6 3 3 8 3 1 9 7 8 10 2 12 9 3 6 11 4 3 6 4 7 10 2 2 5 3 8 5 7 3 6 5 5 3 1 1 6 8 2 8 6 2 6 13 3 1 3 6 7 8 6 5 5
0 4 1 7 4 6 2 4 3 2 5 5 6 11 9 4 7 4 6 9 7 7 6 8 10 0 7 6 2 6 6 4 7 6 2 4 8 7 9 5 5 6 5 6 6 7 6 4 6 3 3 8 3 1 8 7 8 2 2 12 9 4 6 5 4 3 6 4 7 12 2 2 5 3 8 5 7 3 6 5 5 3 1 1 6 10 2 10 6 2 6 13 3 1 3 8 7 8 6 5 6
0 4 1 7 4 3 2 4 3 2 8 5 3 9 9 4 7 4 6 9 12 7 3 3 6 11 0 6 2 6 6 2 5 6 2 4 8 7 9 5 5 6 5 6 6 7 6 2 5 3 3 8 3 1 9 7 8 8 2 12 9 4 6 6 4 3 5 4 7 5 2 2 5 3 8 5 7 3 6 5 5 3 1 1 6 7 2 7 6 2 4 10 3 1 3 1 7 8 6 5 3
0 4 1 7 4 6 2 4 3 2 8 5 6 11 9 4 7 4 6 9 12 7 6 8 10 11 7 0 2 6 6 4 7 6 2 4 8 8 9 5 5 6 6 6 6 7 6 4 6 3 3 8 3 1 9 7 8 10 2 12 9 4 6 11 4 3 6 4 7 12 2 2 5 3 8 5 7 3 6 5 5 3 1 1 6 10 2 10 6 2 6 13 3 1 3 8 7 8 6 5 6
0 4 1 7 4 6 2 4 3 2 8 5 6 11 9 4 7 4 6 9 12 7 6 8 9 11 7 6 0 6 6 4 7 6 2 4 8 8 9 5 5 6 6 4 6 7 6 4 6 3 3 8 3 1 7 7 8 10 2 12 9 4 6 11 4 3 6 4 7 12 2 2 5 3 8 5 7 3 6 5 5 3 1 1 6 10 2 10 6 2 6 13 3 1 3 8 7 8 6 5 6
0 4 1 7 4 4 2 4 3 2 6 5 4 10 9 4 7 4 6 9 12 7 4 4 7 11 1 6 2 0 6 3 2 6 2 4 8 8 9 5 5 6 6 6 6 7 6 3 6 3 3 8 3 1 9 5 8 9 2 9 9 4 6 7 4 3 6 4 7 6 2 2 5 3 8 5 7 3 6 5 5 3 1 1 6 8 2 8 4 2 5 11 3 1 3 2 7 8 6 5 4
0 4 1 7 4 6 2 4 3 2 8 5 6 11 8 4 7 4 6 9 7 2 6 8 9 11 7 6 2 6 0 4 7 6 2 4 8 8 9 5 5 6 5 6 6 7 6 4 6 3 3 8 3 1 9 7 8 10 2 12 9 4 6 11 4 3 6 4 7 12 2 2 5 3 8 5 7 3 6 5 5 3 1 1 6 10 2 10 6 2 6 13 3 1 2 8 7 8 6 5 6
0 2 1 7 4 6 2 4 3 2 8 5 6 11 9 4 7 4 6 9 12 7 6 8 10 11 7 6 2 6 6 0 3 6 2 4 8 5 9 5 5 6 4 6 6 7 6 0 6 3 3 7 3 1 9 7 8 10 2 12 8 4 6 11 4 3 3 4 7 12 2 2 3 3 6 3 5 3 6 5 5 3 1 1 6 8 2 8 6 2 3 12 3 1 3 8 7 8 6 5 6
0 4 1 7 4 6 2 4 3 2 8 5 6 11 9 4 7 4 6 9 12 7 6 8 10 11 6 5 2 6 6 4 0 6 2 4 8 8 9 5 5 6 6 6 6 7 6 4 6 3 3 7 3 1 9 7 8 10 2 12 9 4 6 11 4 3 6 4 7 11 2 2 5 3 6 5 7 3 6 5 5 3 1 1 6 10 2 10 6 2 6 13 3 1 3 7 7 8 6 5 6
0 4 1 7 4 6 2 4 3 2 8 5 6 11 9 4 7 4 6 9 10 7 6 8 10 11 7 6 2 6 6 4 7 0 2 4 8 8 9 5 5 6 6 6 6 7 6 4 6 3 3 8 3 1 9 7 8 10 2 12 9 4 6 11 4 3 6 4 7 12 2 2 5 3 8 5 7 3 6 5 5 3 1 1 6 8 2 8 6 2 6 13 3 1 3 8 7 6 6 5 6
0 4 1 6 4 5 2 4 3 2 6 3 6 10 9 4 7 2 6 7 10 5 6 6 8 11 6 4 2 6 6 4 7 6 0 4 6 8 9 5 3 4 6 6 5 6 6 4 6 3 3 8 3 1 9 5 8 10 2 10 7 4 6 9 2 3 6 4 7 10 2 2 5 3 8 4 5 3 6 5 3 3 1 1 6 10 0 10 4 0 5 13 3 1 3 6 7 8 4 3 4
0 4 1 7 4 6 2 4 3 2 8 5 6 11 9 4 5 4 6 9 12 7 6 8 10 11 7 6 2 6 6 3 6 6 2 0 8 6 9 5 5 5 6 6 6 5 6 3 6 3 3 8 3 1 9 7 8 6 2 12 9 4 6 11 4 3 6 4 7 11 2 2 5 3 8 5 7 3 6 5 5 3 1 1 6 10 2 10 6 2 6 13 3 1 3 7 7 8 6 5 6
0 4 1 6 4 4 2 4 3 2 8 5 6 11 9 4 7 4 6 9 12 7 6 8 10 5 7 6 2 6 6 4 7 6 2 4 0 8 8 5 5 6 6 6 6 7 6 4 6 3 3 8 3 1 9 7 7 7 2 11 5 4 6 10 4 3 6 4 6 11 2 2 5 3 8 5 7 3 6 4 5 3 1 1 5 10 2 10 6 2 6 12 3 1 3 7 7 8 2 5 6
0 4 1 6 4 5 2 4 3 2 8 5 5 11 9 4 7 4 6 9 10 7 5 5 8 11 2 6 2 6 6 4 7 6 2 4 8 0 9 4 5 6 6 6 6 7 6 4 6 3 3 8 3 1 9 7 8 10 2 12 3 4 6 8 4 3 6 4 7 7 2 2 5 3 8 5 7 3 6 5 5 3 1 1 6 9 2 9 6 2 6 12 3 1 3 3 7 8 6 5 5
0 4 1 7 4 2 2 4 3 2 8 5 6 11 9 4 7 4 6 9 12 7 6 7 10 10 4 6 2 6 6 3 6 6 2 4 5 8 0 5 5 6 6 6 6 7 6 3 4 3 3 6 3 1 9 7 8 10 2 12 9 4 6 10 4 3 6 4 7 9 2 2 5 3 8 5 1 3 6 5 5 3 1 1 6 10 2 10 6 2 6 13 3 1 3 5 6 8 6 5 6
0 4 1 2 4 6 2 4 3 2 8 5 6 11 9 4 7 4 6 9 12 7 6 8 10 11 7 6 2 6 6 4 7 6 2 4 6 8 9 0 5 6 6 6 6 7 6 4 6 3 3 8 3 1 9 7 8 10 2 12 9 4 6 11 4 3 6 4 7 12 2 2 5 3 8 5 7 3 6 5 5 3 1 1 6 10 2 9 6 2 6 13 3 1 3 8 7 8 6 5 6
0 4 1 7 4 3 2 4 3 2 3 4 5 7 9 4 7 3 6 4 7 2 5 5 8 10 7 3 2 6 6 4 7 5 2 4 8 8 8 5 0 1 6 6 6 7 6 3 5 3 3 8 3 1 9 2 8 10 2 9 4 4 6 8 4 3 6 4 7 7 2 2 5 3 8 1 7 3 6 5 0 3 1 1 6 8 1 8 1 2 2 12 3 1 3 3 7 8 1 0 1
0 4 1 7 4 4 2 4 3 2 8 5 4 11 8 4 7 4 6 9 12 7 4 4 7 11 7 6 2 6 6 4 7 6 2 4 8 8 9 5 5 0 6 6 6 7 6 4 6 3 3 8 3 1 9 7 8 9 2 8 9 4 6 7 4 3 6 4 7 6 2 2 5 3 8 5 7 3 6 5 5 3 1 1 6 8 2 8 6 2 6 11 3 1 3 2 7 8 6 5 6
0 4 1 7 4 6 2 4 3 2 5 5 6 9 9 4 7 4 6 9 12 7 6 8 10 11 7 6 2 6 6 4 7 6 2 4 8 8 9 5 5 6 0 6 6 7 6 4 6 3 3 8 3 1 9 4 8 10 2 12 9 4 6 11 4 3 6 4 7 12 2 2 5 3 8 5 7 3 6 5 5 3 1 1 6 10 2 10 3 2 4 13 3 1 3 8 7 8 6 5 3
0 4 1 7 4 6 2 4 3 2 8 5 6 11 9 4 7 4 6 9 9 4 6 8 5 11 7 6 2 6 6 4 7 6 2 4 8 8 9 5 5 6 6 0 6 7 6 4 6 3 3 8 3 1 9 7 8 10 2 12 9 4 6 11 4 3 6 4 7 12 2 2 5 3 8 5 7 3 6 5 5 3 1 1 5 9 2 9 6 2 6 13 3 1 3 8 7 7 6 5 6
0 4 1 7 4 6 2 4 3 2 8 3 6 11 9 4 7 4 6 9 12 7 6 8 10 11 7 6 2 6 6 4 7 6 2 2 8 8 9 5 5 6 6 6 0 7 6 4 6 3 3 8 3 1 9 7 8 8 2 12 9 4 6 11 4 3 6 4 7 12 2 2 5 3 8 5 7 3 6 5 5 3 1 1 6 10 2 10 6 2 6 13 3 1 3 8 7 8 6 5 6
0 4 1 7 4 6 2 4 3 2 8 5 6 11 9 4 7 4 6 9 12 7 6 8 10 8 7 6 2 6 6 4 7 6 2 4 8 8 9 5 5 6 6 6 6 0 6 4 6 3 3 8 3 1 9 7 8 10 2 12 9 4 6 11 4 3 6 4 7 12 2 2 5 3 8 5 7 3 6 5 5 3 1 1 6 10 2 10 6 2 6 13 3 1 3 8 7 8 6 5 6
0 4 1 7 4 5 2 4 3 2 8 5 6 11 9 4 7 4 6 8 12 7 6 6 9 11 3 6 2 6 6 4 7 6 2 4 8 8 9 5 5 6 6 6 6 7 0 4 1 3 3 8 3 1 9 7 8 10 2 11 6 4 6 9 4 3 6 4 4 8 2 2 5 3 8 5 7 3 6 5 5 3 1 1 6 10 2 10 6 2 6 13 3 1 3 4 7 8 3 5 6
0 4 1 7 4 6 2 4 3 2 8 5 6 11 9 4 7 4 6 9 12 7 6 8 10 11 7 6 2 6 6 4 7 6 2 4 8 5 9 5 5 6 6 6 6 7 6 0 6 3 3 8 3 1 9 7 8 10 2 12 8 4 6 11 4 3 3 4 7 12 2 2 5 3 8 5 7 3 6 5 5 3 1 1 6 8 2 8 6 2 3 12 3 1 3 8 7 8 6 5 6
0 4 1 6 4 6 2 4 3 2 8 5 6 11 9 4 7 4 6 7 11 7 6 8 10 11 7 6 2 6 6 4 7 6 2 4 8 8 9 5 5 6 6 6 6 7 6 4 0 3 3 8 3 1 9 7 8 10 2 10 6 4 5 9 4 3 6 3 3 12 2 2 5 3 8 5 7 3 6 5 5 3 1 1 6 10 2 10 6 2 6 13 3 1 3 8 7 8 6 5 6
0 4 1 7 4 6 2 4 3 2 8 5 6 11 9 4 7 4 6 9 12 7 6 8 10 11 7 6 2 6 6 4 7 6 2 4 8 8 9 5 5 6 6 6 6 7 6 4 6 0 3 8 3 1 9 7 8 8 2 12 9 4 6 8 4 3 6 4 7 12 2 2 5 3 8 5 7 3 6 5 5 3 1 1 6 10 2 10 6 2 6 13 3 1 3 8 7 8 6 5 6
0 3 1 6 3 6 2 3 2 1 8 5 5 10 8 3 6 4 6 8 11 7 5 8 10 8 6 6 1 5 5 4 7 5 2 3 8 7 8 4 5 6 5 5 5 7 5 4 6 2 0 8 3 0 8 7 7 9 1 12 9 3 3 10 4 2 5 1 6 11 1 1 4 3 7 4 6 3 5 4 5 3 0 0 5 9 2 9 6 2 5 12 2 0 2 7 7 7 6 5 5
0 4 1 7 4 6 2 4 3 2 8 5 1 10 9 4 7 4 1 8 11 7 1 8 10 9 7 6 2 6 6 2 5 1 2 4 7 7 9 5 5 6 6 6 4 2 6 2 6 3 3 0 3 1 9 7 7 10 2 10 8 4 6 11 2 3 5 4 7 11 2 2 5 3 6 5 7 3 6 5 5 2 1 1 6 5 2 5 6 2 5 13 3 1 3 8 2 7 5 5 4
0 4 1 7 4 6 2 4 3 2 8 5 6 11 9 4 7 4 6 9 12 7 6 8 10 11 6 6 2 6 6 4 7 6 2 4 8 8 9 5 5 6 6 6 6 7 3 4 4 3 3 8 0 1 9 7 8 10 2 12 9 4 6 11 4 3 6 4 7 11 2 2 5 3 8 5 7 3 6 5 5 3 1 1 6 10 2 10 6 2 6 13 3 1 3 7 7 8 6 5 6
0 3 1 6 3 6 2 3 2 1 8 5 5 10 8 3 6 4 6 8 11 7 5 8 10 10 6 6 1 5 5 4 7 5 2 3 8 7 8 4 5 6 5 5 5 7 5 4 6 2 2 8 3 0 8 7 7 9 1 12 9 3 5 10 4 2 5 3 6 11 1 1 4 3 7 4 6 3 5 4 5 3 0 0 5 9 2 9 6 2 5 12 2 0 2 7 7 7 6 5 5
0 4 1 7 4 6 2 4 3 2 8 3 6 11 9 4 7 4 6 5 12 7 6 8 10 11 7 6 2 6 6 4 7 6 2 4 8 8 9 5 5 6 6 6 6 7 6 4 6 3 3 8 3 1 0 7 7 10 2 12 9 4 6 10 4 3 6 4 7 12 2 2 5 3 8 5 7 3 6 5 5 3 1 1 6 10 2 6 6 2 6 11 3 1 3 8 7 8 6 5 6
0 4 1 7 4 5 2 4 3 2 1 5 6 11 9 4 7 2 6 9 12 7 6 8 10 11 7 6 2 6 6 4 7 6 2 4 8 8 9 5 5 6 6 6 6 7 6 4 4 3 3 8 3 1 9 0 8 8 2 12 9 4 6 11 4 3 6 4 7 12 2 2 5 3 8 5 7 3 6 5 5 3 1 1 6 10 2 10 6 2 6 10 3 1 3 8 7 8 6 5 6
0 4 1 7 4 6 2 4 3 2 7 5 6 11 6 4 7 4 6 7 11 6 6 8 10 11 7 6 2 6 6 4 7 2 2 4 8 8 9 5 4 4 6 6 6 7 6 4 6 3 3 8 3 1 9 6 0 10 2 12 7 4 6 11 4 3 6 4 7 10 2 2 5 3 8 5 7 3 6 5 3 3 1 1 6 9 2 9 5 2 6 13 3 1 3 6 7 8 4 3 5
0 2 1 7 4 6 2 4 3 2 8 5 6 11 9 4 7 4 6 8 11 6 6 7 10 11 7 6 2 6 4 4 7 5 2 4 8 5 9 5 5 6 4 6 6 7 6 4 6 2 3 7 3 1 9 7 8 0 0 12 8 4 6 10 4 3 6 4 7 12 2 2 3 3 6 3 5 3 4 5 5 3 1 1 6 10 2 10 6 2 6 13 3 1 3 8 7 8 6 4 6
0 2 1 7 4 6 2 4 3 2 8 5 6 11 9 4 7 4 6 9 12 7 6 7 10 11 7 6 2 6 6 4 7 5 2 4 8 8 9 5 5 6 4 6 6 7 6 4 6 2 3 7 3 1 9 7 8 10 0 12 9 4 6 10 4 3 6 4 7 12 2 2 3 3 6 3 5 3 6 5 5 3 1 1 6 10 2 10 6 2 6 13 3 1 3 8 7 8 6 5 6
0 2 1 7 4 6 2 4 3 2 8 5 6 11 9 4 7 4 6 9 12 7 6 8 10 11 7 6 2 6 6 0 3 6 2 4 8 5 9 5 5 6 4 6 6 7 6 0 6 3 3 7 3 1 9 7 8 10 2 0 8 4 6 11 4 3 3 4 7 12 2 2 3 1 6 3 5 3 6 5 5 3 1 1 6 8 2 8 6 2 3 12 3 1 3 8 7 8 6 5 6
0 4 1 3 4 6 2 4 3 2 8 5 6 11 9 4 7 4 6 9 12 7 6 8 10 11 7 6 2 6 6 4 7 6 2 4 7 8 9 1 5 6 3 6 6 7 6 4 6 3 3 8 3 1 9 7 8 10 2 12 0 4 6 11 4 3 6 4 7 12 2 2 2 3 8 5 7 3 6 5 5 3 1 1 6 10 2 10 6 2 6 13 3 1 3 8 7 8 6 5 6
0 4 1 7 4 6 2 4 3 2 8 5 6 8 9 4 7 4 6 9 12 7 6 6 9 11 3 6 2 6 6 4 7 6 2 4 8 8 9 5 5 6 6 6 6 7 6 4 6 3 3 8 3 1 9 7 8 10 2 10 9 0 6 9 4 3 6 4 7 8 2 2 5 3 8 5 7 3 6 5 5 3 1 1 6 9 2 9 6 2 3 13 3 1 3 4 7 8 6 5 2
0 4 1 7 4 6 2 4 3 2 8 5 4 11 9 4 7 4 6 9 12 7 6 8 10 11 7 6 2 6 6 4 7 6 2 4 8 8 9 5 5 6 6 6 6 7 6 4 6 3 3 8 3 1 9 7 8 10 2 12 9 4 0 11 4 3 6 4 7 12 2 2 5 3 8 5 7 3 6 5 5 3 1 1 6 8 2 8 6 2 6 13 3 1 3 8 7 8 6 5 6
0 4 1 7 4 6 2 4 3 2 8 5 6 11 9 4 7 4 6 8 12 7 6 8 10 11 7 6 2 6 6 4 7 6 2 4 8 7 9 5 5 6 6 6 6 7 6 4 6 3 3 8 3 1 3 7 8 2 2 12 9 4 6 0 4 3 6 4 7 12 2 2 5 1 8 5 7 3 6 5 5 3 1 1 6 10 2 9 6 2 6 13 3 1 3 8 7 8 6 5 6
0 4 1 7 4 6 2 4 3 2 8 5 6 11 9 4 7 4 6 9 12 7 6 8 10 11 7 6 2 6 6 4 7 6 2 4 8 6 9 5 5 6 6 6 6 7 6 4 6 3 3 8 3 1 9 7 8 10 2 12 8 4 6 11 0 3 6 4 7 12 2 2 5 3 8 5 7 3 6 5 5 3 1 1 6 10 2 10 6 2 6 13 3 1 3 8 7 8 5 5 6
0 4 1 7 4 6 2 4 3 2 8 5 6 11 9 1 4 4 5 6 12 7 6 7 10 11 4 6 2 3 6 4 5 5 2 4 8 5 9 5 5 4 4 6 4 6 6 4 6 3 3 7 3 1 9 7 7 9 2 12 8 4 6 10 4 0 6 4 7 9 2 2 3 3 8 5 7 3 6 5 5 2 1 1 6 10 2 10 6 2 6 13 3 1 3 5 6 8 6 5 6
0 4 1 7 4 6 2 4 3 2 8 5 6 11 9 4 7 4 6 8 12 7 6 7 10 11 4 6 2 6 6 4 7 6 2 4 8 2 9 5 5 6 6 6 6 7 6 4 6 3 3 8 3 1 9 7 8 10 2 12 5 4 6 10 4 3 0 4 7 9 2 2 5 3 8 5 7 3 6 5 5 3 1 1 6 5 2 5 6 2 6 13 3 1 3 5 7 8 6 5 6
0 2 1 7 4 6 2 4 3 2 8 5 6 11 9 4 7 4 6 9 12 7 6 8 10 11 7 6 2 6 6 4 7 6 2 4 8 8 9 5 5 6 4 6 6 7 6 4 6 3 3 7 3 1 9 7 8 10 2 12 9 4 2 11 4 3 6 0 7 12 2 2 3 3 6 3 5 3 6 5 5 3 1 1 6 10 2 10 6 2 6 13 3 1 3 8 7 8 6 5 6
0 4 1 6 4 6 2 4 3 2 8 5 6 9 9 4 7 4 6 4 8 7 6 7 10 11 4 6 2 6 6 4 7 6 2 4 8 8 9 4 5 6 6 6 6 7 6 4 6 3 3 8 3 1 9 7 8 10 2 11 3 1 6 10 4 3 6 4 0 9 2 2 5 3 8 5 7 3 6 5 5 3 1 1 6 8 2 8 6 2 4 13 3 1 3 5 7 6 6 5 3
0 0 1 7 4 6 2 4 3 2 7 4 6 11 9 4 7 4 6 9 11 7 6 8 10 11 5 6 2 4 6 4 6 6 2 4 8 8 9 5 5 6 2 6 6 7 6 4 6 3 3 5 3 1 9 6 8 10 2 12 9 4 6 11 4 3 6 4 7 0 2 2 1 3 4 1 3 3 6 5 5 3 1 1 6 9 2 9 5 2 6 13 3 1 3 6 7 7 6 5 5
0 4 1 5 2 6 2 4 3 2 8 5 4 11 9 4 7 4 6 9 10 7 4 8 10 11 7 6 2 6 6 4 7 4 2 4 8 8 9 3 5 6 6 6 6 7 6 4 6 3 3 8 3 1 9 7 8 10 2 12 9 4 6 11 4 3 6 4 7 12 0 2 5 3 7 5 7 3 6 5 5 3 1 1 6 8 2 8 6 2 6 13 3 1 3 8 7 6 6 5 6
0 4 1 6 4 6 2 4 1 2 7 4 6 10 9 4 7 3 6 8 11 6 6 7 9 11 5 5 2 6 6 4 7 6 1 4 7 8 8 5 4 5 6 6 6 7 4 4 5 3 3 8 3 1 9 6 7 10 2 11 8 2 6 10 3 3 6 4 6 10 2 0 5 3 8 5 6 3 6 4 4 3 1 1 5 10 1 10 5 1 4 12 1 1 3 6 7 8 5 4 4
0 4 1 7 4 6 2 4 3 2 6 3 6 10 9 4 7 4 6 9 12 7 6 8 10 11 7 6 2 6 5 4 7 6 2 4 8 8 9 5 5 6 1 6 6 7 6 4 6 3 3 8 3 1 9 5 8 10 2 12 9 4 6 11 4 3 6 4 7 12 2 2 0 3 8 5 7 3 6 5 5 3 1 1 6 10 2 10 4 2 5 13 3 1 3 8 7 8 6 5 4
0 4 1 7 4 6 2 4 3 2 8 5 6 11 9 4 7 4 6 9 12 7 6 8 10 11 7 6 2 6 6 4 7 6 2 4 8 8 9 5 5 6 6 6 6 7 6 4 6 3 3 8 3 1 9 7 8 10 2 12 9 4 6 11 4 3 6 4 7 12 2 2 5 0 8 5 7 3 6 5 5 3 1 1 5 10 2 10 6 2 6 13 3 1 3 8 7 8 6 5 6
0 4 1 7 4 6 2 4 3 2 8 5 2 9 9 4 7 4 2 9 12 7 2 8 10 10 7 6 2 6 6 3 6 2 2 4 8 8 9 5 5 6 6 6 5 3 6 3 6 3 3 1 3 1 9 7 8 10 2 11 9 4 6 11 3 3 6 4 7 12 2 2 5 3 0 5 7 3 6 5 5 3 1 1 6 6 2 6 6 2 6 13 3 1 3 8 3 8 6 5 5
0 4 1 7 4 6 2 4 3 2 8 5 6 11 9 4 7 4 6 9 12 7 6 8 10 10 7 6 2 6 6 4 7 6 2 4 8 8 9 5 5 6 6 6 6 7 6 4 6 3 3 8 3 1 9 7 8 10 2 12 9 4 6 11 4 3 6 4 7 12 2 2 5 3 8 0 7 3 6 5 5 3 1 1 6 10 2 10 6 2 6 13 3 1 3 8 7 8 6 5 6
0 4 1 7 4 6 2 4 3 2 8 5 6 11 9 4 7 4 6 9 12 7 6 8 10 11 7 6 2 6 6 2 5 6 2 4 8 7 9 5 5 6 6 6 6 7 6 2 6 3 3 8 3 1 9 7 8 10 2 12 9 4 6 11 4 3 5 4 7 12 2 2 5 3 8 5 0 3 6 5 5 3 1 1 6 10 2 10 6 2 5 13 3 1 3 8 7 8 6 5 6
0 4 1 7 4 6 2 4 3 2 8 5 6 10 9 4 7 4 6 9 12 7 6 8 10 11 7 6 2 6 5 4 7 6 2 4 8 8 9 5 5 6 6 6 6 7 6 4 6 3 3 8 3 1 9 7 8 10 2 12 9 4 6 11 4 3 6 4 7 12 2 2 5 3 8 5 7 0 6 5 5 3 1 1 6 10 2 10 6 2 6 13 3 1 3 8 7 8 6 5 6
0 4 1 7 4 6 2 4 3 2 8 5 6 11 8 3 6 4 6 9 7 2 6 8 9 11 6 5 2 5 0 4 7 6 2 4 8 7 9 5 5 6 5 6 6 7 6 4 6 3 3 8 3 1 9 7 8 6 2 12 9 4 6 11 4 3 6 4 7 11 2 2 5 3 8 5 7 3 0 5 5 3 1 1 6 10 2 10 6 2 6 13 3 1 2 7 7 8 6 5 6
0 4 1 2 4 6 2 4 3 2 8 5 6 11 9 4 7 4 6 6 8 3 6 8 10 11 6 6 2 6 6 4 7 5 2 4 6 8 4 5 5 6 6 6 6 6 3 4 4 3 3 8 3 1 9 7 3 10 2 12 5 3 6 11 4 3 6 4 2 9 2 2 5 3 8 5 5 3 6 0 5 3 1 1 1 10 2 10 6 2 3 8 3 1 3 7 7 8 6 5 5
0 4 1 7 4 3 2 4 3 2 8 4 5 11 9 4 7 3 6 4 12 7 5 5 8 11 7 6 2 6 6 4 7 5 2 4 8 8 9 5 5 1 6 6 6 7 6 3 5 3 3 8 3 1 9 7 8 10 2 9 4 4 6 8 4 3 6 4 7 7 2 2 5 3 8 5 7 3 6 5 0 3 1 1 6 9 1 9 6 2 6 12 3 1 3 3 7 8 1 0 6
0 4 1 7 4 6 2 4 3 2 8 5 6 11 9 4 7 4 3 7 12 7 6 8 10 11 7 6 2 6 6 4 7 3 2 4 8 8 9 5 5 6 6 6 6 4 6 4 6 3 3 5 3 1 9 7 5 10 2 12 9 4 6 11 4 3 6 4 7 12 2 2 5 3 8 5 7 3 6 5 5 0 1 1 6 10 2 10 6 2 6 13 3 1 3 8 4 8 6 3 5
0 3 1 6 3 6 2 3 3 1 8 5 5 10 9 3 6 4 6 8 11 7 5 8 10 11 6 6 2 5 5 4 7 5 2 4 8 7 9 4 5 6 5 6 6 7 6 4 6 2 3 8 3 1 9 7 8 10 1 12 9 4 6 10 4 2 5 4 7 11 1 2 4 3 7 4 6 3 5 5 5 3 0 0 6 9 2 9 6 2 6 13 3 1 3 7 7 7 6 5 6
0 4 1 6 3 6 2 3 3 1 8 5 5 10 9 3 6 4 6 8 11 7 5 8 10 11 6 6 2 5 5 4 7 5 2 4 8 7 9 4 5 6 6 6 6 7 6 4 6 2 3 8 3 1 9 7 8 10 2 12 9 4 6 10 4 2 5 4 7 11 1 2 5 3 8 5 7 3 5 5 5 3 1 0 6 9 2 9 6 2 6 13 3 1 3 7 7 7 6 5 6
0 4 1 7 4 6 2 4 3 2 8 5 6 11 9 4 7 4 6 9 7 2 6 8 10 10 5 6 2 6 6 4 7 6 2 4 8 8 9 5 5 6 6 6 6 7 2 4 3 3 3 8 3 1 9 7 8 10 2 12 8 4 6 11 4 3 6 4 6 10 2 2 5 3 8 5 7 3 6 5 5 3 1 1 0 10 2 10 6 2 2 13 3 1 3 6 7 8 5 5 6
0 4 1 7 4 6 2 4 3 2 8 5 6 9 5 4 7 4 6 3 9 4 6 8 10 11 5 4 1 6 6 4 7 6 2 3 8 8 9 5 5 6 6 5 6 7 6 4 4 3 3 8 3 1 8 7 8 9 2 12 9 2 6 7 4 3 6 4 7 10 2 2 5 3 8 5 7 3 6 5 5 3 1 1 6 0 2 0 6 2 5 10 3 1 3 6 7 8 6 5 4
0 4 1 7 4 5 2 4 3 2 8 3 6 11 9 4 7 2 6 9 12 7 6 8 10 11 6 6 2 6 6 4 7 6 2 4 8 8 9 5 5 6 6 6 6 7 6 4 6 3 3 8 3 1 9 7 8 10 2 12 9 4 6 11 4 3 6 4 7 11 2 2 5 3 8 5 7 3 6 5 5 3 1 1 6 10 0 10 6 2 6 13 3 1 3 7 7 8 6 5 6
0 4 1 7 4 6 2 4 3 2 8 5 6 11 9 4 7 4 6 3 12 7 6 8 10 11 7 6 2 6 6 4 7 6 2 4 8 8 9 5 5 6 6 6 6 7 6 4 4 3 3 8 3 1 9 7 8 10 2 12 9 4 6 11 4 3 6 4 7 12 2 2 5 3 8 5 7 3 6 5 5 3 1 1 6 10 2 0 6 2 6 10 3 1 3 8 7 8 6 5 6
0 4 1 7 4 6 2 4 3 2 2 5 6 6 9 4 7 3 6 9 12 7 6 8 10 9 7 6 2 6 6 4 7 6 2 4 8 7 7 5 5 6 6 6 6 7 6 4 5 3 3 8 3 1 9 1 8 9 2 12 9 4 6 11 4 3 6 4 7 10 2 2 5 2 8 5 7 3 6 5 5 3 1 1 6 7 2 7 0 2 1 11 3 1 3 8 7 8 6 5 0
0 4 1 7 4 5 2 4 3 2 8 3 6 11 9 4 7 2 6 9 12 7 6 8 10 11 6 6 2 6 6 4 7 6 2 4 6 8 9 5 5 6 6 6 6 6 6 4 6 3 3 8 3 1 9 7 8 10 2 12 9 4 6 11 4 3 6 4 7 11 2 2 5 3 8 5 7 3 6 5 5 3 1 1 6 10 0 10 6 0 6 13 3 1 3 7 7 8 6 5 6
0 4 1 7 4 6 2 4 3 2 8 5 6 11 9 4 7 4 6 9 12 7 6 8 10 8 7 6 2 6 6 4 7 6 2 4 8 8 9 5 5 6 6 6 6 7 6 4 6 3 3 8 3 1 9 7 8 10 2 12 9 4 6 11 4 3 6 4 7 12 2 2 5 1 8 5 7 3 6 5 5 3 1 1 6 10 2 10 6 2 0 13 3 1 3 8 7 8 6 5 6
0 4 1 7 4 4 2 4 3 2 4 5 6 8 9 4 7 4 6 5 8 3 6 6 9 7 7 4 2 6 6 4 7 6 2 4 2 8 9 5 1 2 3 6 6 7 6 4 6 3 3 8 3 1 9 3 8 9 2 10 5 4 6 9 4 3 6 4 7 8 2 2 5 1 8 2 7 3 6 5 1 3 1 1 6 9 2 9 2 2 3 0 3 1 3 4 7 8 2 1 2
0 4 1 5 4 6 2 4 3 2 8 5 6 11 9 4 7 4 6 9 11 6 6 8 10 11 6 6 2 6 6 4 7 6 2 4 8 8 7 5 5 6 6 6 6 7 3 4 4 3 3 8 3 1 9 7 6 10 2 12 8 4 6 11 4 3 6 4 5 11 2 2 5 3 8 5 7 3 6 3 5 3 1 1 4 10 2 10 6 2 6 11 0 1 3 7 7 8 6 5 6
0 4 1 7 4 6 2 4 3 2 8 5 6 11 8 4 7 4 6 9 12 7 6 8 10 10 7 6 1 6 6 4 7 6 2 4 8 8 9 5 5 6 6 5 5 7 6 4 6 3 2 8 3 1 8 7 8 10 2 12 9 4 5 11 4 3 6 3 7 12 2 2 5 3 8 5 7 3 6 5 5 3 1 1 6 10 2 10 6 2 6 13 3 0 2 8 7 8 6 5 6
0 4 1 7 4 6 2 4 3 2 8 5 6 11 6 4 7 4 6 8 12 7 6 8 10 11 7 6 2 6 6 4 7 6 2 4 8 8 9 5 5 5 6 6 6 7 6 4 6 3 3 8 3 1 9 7 8 10 2 12 8 4 6 11 4 3 6 4 7 11 2 2 5 3 8 5 7 3 6 5 4 3 1 1 6 10 2 10 6 2 6 13 3 1 0 7 7 8 5 4 6
0 4 1 7 4 2 2 4 3 2 8 5 2 11 9 4 7 4 6 9 11 7 2 2 5 11 7 6 2 6 6 4 7 6 2 4 8 8 9 5 5 6 4 6 5 7 6 4 4 3 3 8 3 1 8 7 8 7 2 11 8 4 6 5 3 3 6 4 7 4 2 2 5 3 8 5 7 3 6 5 5 3 1 1 6 6 2 6 6 2 6 9 3 1 3 0 6 8 6 5 6
0 4 1 7 4 6 2 4 3 2 8 5 6 11 9 4 7 4 6 9 12 7 6 8 10 10 7 6 2 6 6 4 7 6 2 4 5 8 9 5 5 6 6 6 6 7 6 4 6 3 3 5 3 1 7 7 8 10 2 12 6 4 6 11 4 3 6 4 7 9 2 2 5 3 4 5 7 3 6 5 5 3 1 1 6 10 2 10 6 2 6 13 3 1 3 8 0 8 6 5 6
0 4 1 7 4 6 2 4 2 2 8 5 6 11 7 4 7 4 6 5 4 6 6 8 10 11 6 6 2 6 6 4 7 5 2 4 6 8 9 5 5 6 6 6 6 7 5 4 6 3 3 8 3 1 9 7 3 10 2 12 9 3 6 9 4 3 6 4 7 11 2 1 5 3 8 5 7 3 6 5 5 3 1 1 6 2 2 2 6 2 5 12 2 1 3 7 7 0 6 5 5
0 4 1 6 4 2 2 4 3 2 8 3 6 11 9 4 7 2 6 9 12 7 6 8 10 11 6 6 1 6 6 4 7 6 2 4 8 8 9 4 5 6 6 5 6 7 6 4 4 3 3 8 3 1 8 7 8 10 2 12 3 4 6 11 4 3 6 4 7 11 2 2 5 3 8 5 7 3 6 5 5 3 1 1 6 10 0 10 6 2 6 13 3 1 3 7 6 8 0 5 6
0 4 1 7 4 6 2 4 3 2 8 5 6 11 9 4 7 4 6 4 12 7 6 8 10 11 7 6 2 6 6 4 7 5 2 4 8 8 9 5 5 6 6 6 6 7 6 4 6 3 3 8 3 1 9 7 8 10 2 12 9 4 6 11 4 3 6 4 7 12 2 2 5 3 8 5 7 3 6 5 5 3 1 1 6 10 2 10 6 2 6 13 3 1 3 8 7 8 6 0 6
0 4 1 7 4 6 2 4 3 2 8 5 6 6 9 4 7 4 6 9 12 7 6 8 10 9 7 6 2 6 6 4 7 6 2 4 8 7 7 5 5 6 6 6 6 7 6 4 6 3 3 8 3 1 9 7 8 10 2 12 9 4 6 11 4 3 6 4 7 10 2 2 5 2 8 5 7 3 6 5 5 3 1 1 6 7 2 7 6 2 1 13 3 1 3 8 7 8 6 5 0
