100 4
1 377 2 5
8 408 5 10
5 580 2 6
1 442 4 1
11 574 4 8
14 609 8 9
7 586 2 4
19 462 2 10
19 465 9 10
7 396 7 3
19 434 5 8
17 474 3 7
11 511 6 4
28 533 6 10
27 483 6 9
13 408 2 4
10 432 6 3
42 529 7 10
21 505 9 5
17 462 3 4
28 503 7 6
28 566 7 6
19 416 7 4
24 588 8 5
44 556 10 9
49 490 8 10
49 454 4 10
35 503 10 7
5 413 1 1
26 442 10 5
49 482 6 9
57 474 4 10
23 549 6 4
52 550 10 9
58 473 7 10
35 405 9 6
41 382 9 7
50 401 1 8
39 463 2 6
33 418 7 5
40 552 9 6
49 582 6 7
60 495 1 8
75 457 7 9
85 473 3 10
69 581 9 8
88 553 10 10
72 492 9 8
75 564 5 8
75 515 9 8
38 528 3 4
29 515 1 3
80 528 5 8
72 534 1 7
42 401 8 4
96 592 6 9
54 502 8 5
98 433 3 9
23 607 7 2
46 413 10 4
35 399 4 3
95 466 4 8
84 515 3 7
24 611 9 2
87 490 3 7
88 443 2 7
64 427 7 5
27 502 1 2
57 415 2 4
87 603 10 6
87 460 10 6
47 445 2 3
82 479 8 5
35 378 10 2
100 569 8 5
60 588 10 3
63 590 8 3
44 594 8 2
45 498 10 2
70 573 4 3
95 380 6 4
24 520 4 1
98 530 5 4
25 595 2 1
76 398 4 3
78 597 4 3
54 591 9 2
56 567 4 2
85 542 7 3
92 495 7 3
34 508 5 1
39 411 10 1
85 413 10 2
86 408 10 2
87 396 1 2
89 381 5 2
92 394 1 2
47 590 9 1
64 479 5 1
71 501 4 1
SETUP
0 7 2 7 10 9 7 7 7 9 6 8 8 3 10 9 4 6 5 7 6 12 7 5 10 3 2 5 2 5 6 7 9 5 7 5 6 0 4 7 7 11 9 5 4 6 7 7 8 8 2 2 2 9 4 5 4 4 7 6 3 12 3 7 7 8 9 8 6 9 7 7 7 7 5 2 9 6 5 8 7 4 7 5 4 8 8 7 5 7 8 9 6 6 5 0 8 9 5 5 3
0 0 1 6 8 9 7 7 7 6 6 5 7 3 9 7 4 5 4 4 6 12 6 5 6 3 2 5 2 5 6 7 9 4 7 5 6 0 4 6 7 11 9 5 4 6 6 7 5 8 2 2 2 8 4 5 4 1 6 6 3 8 3 6 7 8 8 8 3 5 4 6 6 7 5 2 9 6 5 8 5 4 6 5 4 8 8 0 5 7 3 9 6 6 4 0 7 8 5 5 3
0 7 0 5 10 9 7 7 6 7 6 6 6 3 10 9 4 4 3 5 6 12 5 5 8 3 2 5 2 5 6 6 9 3 7 5 6 0 4 5 7 11 9 5 4 6 5 6 7 8 2 2 2 7 4 4 4 4 5 5 3 10 3 5 7 8 7 8 5 8 5 7 5 7 5 1 9 6 5 7 7 4 5 5 3 7 8 5 5 6 8 9 6 6 3 0 8 7 4 5 3
0 4 2 0 10 7 7 6 3 4 6 3 5 3 9 7 4 6 5 2 5 10 4 5 9 3 2 5 2 4 6 7 7 5 6 4 6 0 4 0 6 9 8 5 4 4 2 1 5 7 2 2 2 7 4 4 4 4 4 2 3 11 3 7 7 8 8 7 6 7 2 5 7 6 5 2 8 5 5 8 6 4 4 5 2 4 5 4 5 3 6 9 6 6 5 0 6 9 4 5 3
0 7 2 7 0 9 7 7 7 9 6 8 8 3 6 9 4 6 5 7 6 12 7 5 10 3 2 5 2 5 6 7 9 5 7 5 6 0 4 7 7 11 9 5 4 6 7 7 8 8 2 2 2 9 4 5 4 4 7 6 3 12 3 7 7 8 9 6 6 9 7 7 7 7 5 2 9 6 5 8 7 4 7 5 4 8 7 7 5 7 8 9 6 6 5 0 8 9 5 5 3
0 7 2 7 10 0 7 7 7 9 6 8 8 3 10 9 4 6 5 7 6 11 7 5 10 3 2 5 2 5 6 7 9 5 7 5 6 0 4 7 7 11 6 5 4 6 7 7 8 8 2 2 2 9 4 5 4 4 7 6 3 12 3 7 7 8 9 8 6 9 7 7 7 7 5 2 9 6 5 8 7 4 7 5 4 8 8 7 5 7 8 6 6 6 5 0 8 9 5 5 3
0 4 2 7 10 4 0 6 3 4 6 3 5 3 9 5 4 6 5 2 3 10 4 5 8 3 2 5 2 4 6 7 6 5 5 4 2 0 4 7 7 9 8 5 0 4 2 7 5 8 2 2 2 7 4 0 4 4 4 2 3 10 3 7 7 8 8 7 6 8 2 5 7 6 5 2 8 5 5 7 6 4 4 5 4 4 8 4 5 3 7 9 5 6 5 0 6 7 4 5 3
0 7 2 6 10 7 7 0 6 4 6 6 8 3 10 9 4 6 4 5 4 8 7 5 8 3 2 5 2 3 6 7 7 4 3 3 6 0 4 6 1 7 6 1 4 4 5 7 8 2 2 2 2 8 4 5 4 4 7 5 3 10 3 7 7 7 9 8 6 9 5 5 7 6 5 2 9 6 5 8 7 4 7 5 4 7 8 7 5 6 8 9 6 6 5 0 6 9 5 5 3
0 5 2 7 9 8 4 7 0 5 3 6 2 3 6 4 4 5 5 6 6 10 1 4 10 3 2 5 2 5 6 7 9 3 7 5 6 0 4 7 7 9 7 5 4 5 6 7 2 7 2 2 2 6 4 4 4 4 1 6 3 10 3 7 7 6 5 4 6 9 6 3 7 7 5 2 9 6 5 6 3 4 1 5 4 1 5 5 5 7 5 7 6 6 5 0 4 6 4 4 3
0 3 2 3 6 4 7 6 3 0 6 5 4 2 7 7 3 6 1 4 1 8 4 5 5 2 2 5 1 0 6 7 4 1 3 0 2 0 4 3 7 7 4 1 2 0 4 4 5 7 2 2 1 5 4 2 3 3 4 4 3 7 3 6 6 8 8 7 3 8 4 1 7 6 5 2 9 6 1 4 3 4 4 5 4 4 6 3 5 5 5 9 3 5 4 0 2 8 2 5 3
0 5 2 7 7 5 1 7 4 5 0 4 5 3 10 6 2 6 5 3 4 9 2 5 9 3 2 5 2 4 6 7 7 0 4 4 3 0 4 7 7 8 7 2 1 5 3 5 6 8 2 2 2 8 4 1 2 4 2 3 3 9 3 5 6 8 9 8 6 9 3 6 7 7 5 2 9 6 2 5 6 4 5 5 4 5 6 5 5 4 8 9 6 6 3 0 7 7 1 5 3
0 7 2 7 9 7 7 7 7 9 6 0 8 3 10 6 4 6 5 7 4 11 7 5 10 3 2 5 2 5 6 7 7 5 6 5 3 0 4 7 7 10 9 5 1 6 7 7 8 8 2 2 2 9 4 1 4 4 7 6 3 12 3 7 7 8 9 8 6 9 7 7 7 7 5 2 5 6 5 8 7 4 7 5 4 8 8 7 5 7 8 9 6 6 5 0 8 8 5 5 3
0 7 2 7 8 9 7 6 7 9 6 8 0 2 10 8 4 6 5 7 6 8 7 5 10 2 2 5 2 5 6 7 9 5 5 5 4 0 4 7 7 7 7 5 3 6 7 7 8 5 2 2 2 9 4 3 4 4 7 6 3 12 3 7 6 8 9 7 6 9 7 7 7 7 5 2 9 6 5 6 1 4 7 5 4 8 3 7 5 7 3 7 6 5 5 0 8 9 5 5 3
0 7 2 7 7 9 7 7 7 8 6 7 8 0 10 9 3 6 5 6 6 9 6 5 10 3 2 5 2 5 6 7 9 5 7 5 6 0 4 7 7 8 9 5 4 6 6 6 8 8 2 2 2 9 4 4 3 4 7 6 3 12 3 7 4 8 9 5 6 9 6 7 7 7 5 2 9 6 5 5 7 4 7 5 4 8 7 7 5 7 8 9 6 3 5 0 8 9 4 5 1
0 7 2 7 9 9 6 7 7 9 5 8 8 3 0 9 4 6 5 7 6 12 7 5 10 3 2 5 2 5 6 7 9 5 7 5 6 0 4 7 7 11 9 5 4 6 7 7 8 8 2 2 2 9 4 5 4 4 7 6 3 12 3 7 4 8 9 8 6 9 7 7 7 7 5 2 9 6 5 5 7 4 7 5 4 8 8 7 5 7 8 9 6 6 5 0 8 9 5 5 3
0 7 2 6 9 5 7 7 7 9 6 6 8 3 10 0 2 6 5 7 6 9 6 5 10 3 2 5 2 5 6 7 5 5 4 5 5 0 4 6 7 8 7 4 3 5 7 7 8 8 2 2 2 9 4 3 4 4 7 6 3 6 3 7 6 8 9 7 6 5 7 6 7 4 5 2 9 5 5 2 7 4 7 5 4 4 6 4 5 7 8 9 6 6 5 0 7 2 3 5 3
0 7 2 7 10 7 7 7 7 8 6 7 6 3 10 6 0 6 5 6 4 8 5 5 9 3 2 5 2 4 6 7 7 5 4 4 3 0 4 7 7 8 7 2 1 6 7 7 8 8 2 2 2 9 4 1 4 4 5 6 3 11 3 5 4 8 9 8 6 9 6 7 7 7 5 2 9 6 5 5 7 4 5 5 4 6 4 7 5 7 8 8 6 6 3 0 8 7 1 5 3
0 3 2 6 9 6 6 5 2 3 5 2 4 3 8 6 4 0 4 1 3 10 3 5 8 3 2 3 1 3 6 7 6 4 5 3 5 0 4 6 6 9 7 4 3 3 1 7 4 7 2 2 2 6 4 3 4 3 3 1 3 10 3 7 7 7 7 6 5 7 1 4 7 5 3 2 7 4 4 3 5 4 3 5 4 3 7 3 5 2 6 8 4 6 5 0 5 8 3 5 3
0 6 2 2 7 7 6 7 5 6 5 5 7 3 10 6 4 6 0 4 4 9 6 5 5 3 2 5 2 4 6 7 7 0 4 4 3 0 4 2 7 8 7 2 1 6 4 3 7 8 2 2 2 4 4 1 4 4 6 4 3 7 3 5 7 8 9 8 2 9 4 7 7 7 5 2 9 6 5 8 7 4 6 5 4 6 5 6 5 5 8 9 6 6 3 0 8 7 1 5 3
0 2 2 5 8 5 7 7 5 2 6 1 6 3 9 7 4 6 3 0 3 10 6 5 7 3 2 5 2 2 6 7 5 3 5 2 4 0 4 5 7 9 6 3 2 2 6 6 7 8 2 2 2 5 4 2 4 3 6 6 3 9 3 7 7 8 9 8 5 6 0 3 7 7 4 2 6 3 3 6 5 4 6 4 4 6 8 2 5 7 5 9 5 6 5 0 4 9 4 5 3
0 5 2 7 8 3 7 5 7 5 6 4 8 3 6 7 2 6 5 3 0 10 7 5 10 3 2 5 0 5 6 7 3 5 6 5 4 0 4 7 6 10 9 4 3 5 7 5 5 7 2 2 0 8 4 3 2 2 7 6 3 12 3 7 6 8 9 8 4 9 3 6 7 7 5 2 9 5 3 6 7 4 7 5 4 8 6 5 5 7 8 9 2 6 5 0 7 9 3 5 3
0 4 2 7 10 8 7 7 7 4 6 7 8 3 10 9 4 6 5 6 5 0 7 5 9 3 2 5 2 4 6 7 8 5 5 4 6 0 4 7 7 0 5 5 4 4 6 7 8 8 2 2 2 9 4 5 4 4 7 6 3 11 3 7 7 8 9 8 6 2 2 5 7 5 5 2 9 5 5 3 7 4 7 5 4 8 8 4 5 7 7 9 6 6 5 0 6 9 5 5 3
0 7 2 7 10 9 7 7 7 8 6 7 8 3 10 9 4 5 5 6 6 12 0 4 10 3 2 5 2 5 6 7 9 5 7 5 6 0 4 7 7 11 9 5 4 6 6 7 8 8 2 2 2 9 4 5 4 4 7 6 3 12 3 7 7 7 9 8 6 9 6 7 7 7 5 2 9 6 5 8 7 4 7 5 4 8 8 7 5 7 7 9 6 6 5 0 8 9 5 4 3
0 4 2 6 8 7 6 6 3 4 5 3 4 3 9 7 4 1 4 2 4 11 4 0 9 3 2 4 2 4 6 7 7 4 6 4 2 0 4 6 7 10 8 5 4 4 2 7 5 8 2 2 2 7 4 4 4 4 4 2 3 11 3 7 5 3 8 7 6 8 2 5 7 6 4 2 8 5 5 4 5 3 4 5 4 4 7 4 5 3 7 8 5 4 5 0 6 8 4 0 3
0 7 2 7 10 8 7 7 7 9 6 2 8 3 10 8 4 6 5 7 6 9 7 5 0 3 2 5 2 5 6 7 8 5 7 5 5 0 4 7 7 8 8 5 3 6 7 6 8 8 2 2 2 9 4 3 4 4 7 6 3 2 3 7 7 8 8 6 6 9 7 7 7 7 5 2 7 6 5 8 7 4 7 5 4 8 4 6 5 7 8 8 6 6 5 0 8 9 5 5 3
0 7 2 7 7 9 7 7 7 8 6 7 8 0 10 9 3 6 5 6 6 9 6 5 10 0 2 5 2 5 6 7 9 5 7 5 6 0 4 7 7 8 9 5 4 6 6 6 8 8 2 2 2 9 4 4 3 4 7 6 3 12 3 7 4 8 9 5 6 9 6 7 7 7 5 2 7 6 5 5 7 4 7 5 4 8 7 7 5 7 8 9 6 3 5 0 8 9 4 5 1
0 7 2 7 9 9 7 7 7 9 6 8 8 2 10 9 4 6 5 7 6 11 7 5 10 2 0 5 2 5 6 7 9 5 7 5 6 0 4 7 6 10 9 5 4 6 7 5 8 7 2 2 2 8 4 5 4 4 7 6 3 12 1 7 6 8 9 7 6 9 7 7 7 7 5 2 9 6 5 7 7 4 7 3 4 8 8 7 5 7 8 9 6 5 5 0 8 9 5 5 3
0 6 2 7 8 7 6 7 2 7 5 6 4 3 8 6 4 4 5 5 6 7 3 3 10 3 2 0 2 5 6 7 8 5 2 2 5 0 4 5 7 6 5 3 4 3 5 7 4 7 2 2 2 8 4 5 4 4 3 5 3 12 3 7 7 4 7 6 6 9 5 4 7 2 0 2 9 3 5 7 5 4 3 5 4 3 7 6 5 6 3 5 1 6 5 0 5 7 5 3 3
0 7 2 7 8 9 7 7 7 9 6 8 8 3 10 9 4 6 5 7 6 12 7 5 10 3 2 5 0 5 6 7 9 5 7 5 4 0 4 7 7 11 9 5 4 6 7 7 8 8 2 2 2 9 4 5 4 4 7 6 3 12 3 7 7 8 9 8 6 9 7 7 7 7 5 2 9 6 3 6 7 4 7 5 4 8 8 7 5 7 8 9 6 6 5 0 8 9 5 5 3
0 6 2 3 8 4 7 6 3 6 6 5 5 3 7 7 3 6 1 4 1 8 4 5 5 3 2 5 1 0 6 7 4 1 3 0 4 0 4 3 7 7 4 1 2 6 5 4 5 7 2 2 1 5 4 2 3 3 4 5 3 7 3 6 7 8 8 7 3 9 4 6 7 7 5 2 9 6 4 7 6 4 4 5 4 4 6 6 5 6 8 9 3 6 4 0 7 8 2 5 3
0 6 2 7 10 9 7 7 5 6 6 5 7 3 10 9 4 6 5 4 6 8 6 5 10 3 2 5 2 5 0 7 9 5 7 5 6 0 4 7 6 8 3 5 4 6 4 4 7 7 2 2 2 9 4 5 4 4 6 4 3 12 3 7 7 8 9 8 6 9 4 6 7 7 5 2 9 6 5 8 7 4 6 5 4 6 8 6 5 5 8 3 6 6 5 0 7 9 5 5 3
0 4 2 7 10 8 7 7 7 9 6 5 8 3 5 3 4 6 5 7 6 10 7 5 10 3 2 5 2 5 6 0 8 5 7 5 5 0 4 7 6 9 9 5 4 4 7 7 1 6 2 2 2 9 4 5 4 4 7 6 3 9 3 7 7 8 9 8 6 8 7 2 7 7 5 2 9 4 4 5 7 4 7 5 4 7 5 4 4 7 7 9 6 6 5 0 3 5 5 5 3
0 6 2 7 10 0 7 7 7 8 6 7 8 3 10 9 4 6 5 6 6 11 7 5 10 3 2 5 2 5 6 7 0 5 7 5 6 0 4 7 7 10 6 5 4 3 6 7 8 8 2 2 2 9 4 5 4 4 7 6 3 12 3 7 7 8 9 8 6 9 6 4 7 7 5 2 9 6 5 8 7 4 7 5 4 8 8 6 5 7 8 6 6 6 5 0 5 9 5 5 3
0 7 2 7 7 7 7 7 7 8 6 7 8 3 10 6 4 6 5 6 4 9 7 5 9 3 2 5 2 4 6 7 7 0 4 4 3 0 4 7 7 8 7 2 1 6 7 7 8 8 2 2 2 9 4 1 4 4 7 6 3 9 3 5 7 8 9 8 6 9 6 7 7 7 5 2 9 6 5 8 7 4 7 5 4 8 8 7 5 7 8 9 6 6 3 0 8 7 1 5 3
0 6 2 7 10 5 7 7 5 6 6 5 5 3 10 9 4 5 5 4 6 5 4 5 10 3 2 5 2 5 6 7 9 5 0 5 6 0 4 7 7 4 3 5 4 6 4 7 7 8 2 2 2 9 4 5 4 4 4 4 3 12 3 7 7 7 9 8 6 7 4 6 7 7 5 2 9 6 5 8 6 4 4 5 4 6 7 6 5 5 8 9 6 6 5 0 7 9 5 4 3
0 7 2 6 10 6 7 7 6 7 6 6 8 3 10 9 4 6 4 5 4 8 7 5 8 3 2 5 2 3 6 7 6 4 3 0 6 0 4 6 7 7 6 1 4 6 7 7 8 8 2 2 2 8 4 5 4 4 7 6 3 10 3 7 7 8 9 8 6 9 5 7 7 7 5 2 9 6 5 8 7 4 7 5 4 7 8 7 5 7 8 9 6 6 5 0 8 9 5 5 3
0 7 2 7 10 9 7 7 7 9 6 8 8 3 10 9 4 6 5 7 6 12 7 5 10 3 2 5 2 5 6 7 9 5 7 5 0 0 4 7 7 11 9 5 4 6 7 7 8 8 2 2 2 9 4 5 4 4 7 6 3 12 3 7 7 8 6 8 6 9 7 7 7 7 5 2 9 6 5 8 7 4 7 5 4 8 8 7 5 7 8 9 6 6 5 0 8 9 5 5 3
0 7 2 7 10 9 7 7 7 9 6 8 8 3 10 9 4 6 5 7 6 12 7 5 10 3 2 5 2 5 6 7 9 5 7 5 6 0 4 7 7 11 9 5 4 6 7 7 8 8 2 2 2 9 4 5 4 4 7 6 3 12 3 7 7 8 9 8 6 9 7 7 7 7 5 2 9 6 5 8 7 4 7 5 4 8 8 7 5 7 8 9 6 6 5 0 8 9 5 5 3
0 7 2 7 8 6 7 7 7 9 6 6 8 3 10 5 4 6 5 7 6 10 7 5 10 3 2 5 2 5 6 7 9 5 5 5 2 0 0 7 7 9 8 5 0 6 7 7 8 8 2 2 2 9 4 5 4 4 7 6 3 11 3 3 7 8 8 8 6 9 7 7 7 5 5 2 9 6 5 7 7 4 7 1 4 8 8 7 5 7 8 9 6 6 5 0 8 5 5 5 3
0 7 2 7 10 9 7 7 5 7 6 8 7 3 10 9 4 6 5 7 6 10 6 5 10 3 2 5 2 5 6 7 9 5 7 5 6 0 4 0 6 9 9 5 4 6 7 7 7 7 2 2 2 9 4 5 4 4 6 4 3 12 3 7 7 8 9 8 6 7 7 7 7 7 5 2 9 6 5 8 7 4 6 5 2 6 5 7 5 5 8 9 6 6 5 0 8 9 5 5 3
0 6 2 5 10 6 7 7 5 6 6 5 7 3 9 9 4 6 3 4 3 7 6 5 7 3 2 5 2 2 6 7 6 3 2 2 6 0 4 5 0 6 5 0 4 6 6 6 7 1 2 2 2 7 4 4 4 3 6 6 3 9 3 7 7 6 9 8 5 9 4 7 7 5 5 2 9 6 5 8 7 4 6 5 4 6 8 6 5 7 8 9 5 6 5 0 8 9 4 5 3
0 5 2 7 10 9 7 7 7 5 6 7 8 3 10 9 4 6 5 6 6 1 7 5 10 3 2 5 2 5 6 7 9 5 6 5 6 0 4 7 7 0 5 5 4 5 6 7 8 8 2 2 2 9 4 5 4 4 7 6 3 12 3 7 7 8 9 8 6 3 3 6 7 6 5 2 9 6 5 4 7 4 7 5 4 8 8 5 5 7 8 9 6 6 5 0 7 9 5 5 3
0 3 2 6 9 6 6 5 2 3 5 2 4 3 7 6 4 6 4 1 4 5 3 5 8 3 2 5 2 3 6 7 6 4 5 3 3 0 4 6 6 5 0 4 3 3 1 7 4 7 2 2 2 6 4 3 4 4 3 1 3 10 3 7 7 8 7 6 3 7 1 3 7 5 5 2 7 4 2 5 5 4 3 5 4 3 7 3 5 2 6 9 6 6 5 0 4 8 3 5 3
0 6 2 5 10 6 7 7 5 6 6 5 7 3 9 9 4 6 3 4 3 7 6 5 7 3 2 5 2 2 6 7 6 3 2 2 6 0 4 5 7 6 5 0 4 6 6 6 7 8 2 2 2 7 4 4 4 4 6 6 3 9 3 7 7 8 9 8 5 9 4 7 7 7 5 2 9 6 5 8 7 4 6 5 4 6 8 6 5 7 8 9 5 6 5 0 8 9 4 5 3
0 7 2 7 10 6 7 7 7 9 6 8 8 3 10 5 4 6 5 7 6 12 7 5 10 3 2 5 2 5 6 7 9 5 7 5 2 0 4 7 7 11 9 5 0 6 7 7 8 8 2 2 2 9 4 5 4 4 7 6 3 11 3 7 7 8 8 8 6 9 7 7 7 7 5 2 9 6 5 7 7 4 7 5 4 8 8 7 5 7 8 9 6 6 5 0 8 7 5 5 3
0 3 2 7 9 9 7 7 7 9 6 8 8 2 10 9 4 6 5 7 6 11 7 5 9 2 2 5 2 5 6 7 9 5 7 5 6 0 4 7 7 10 8 5 4 0 7 7 8 8 2 2 2 9 4 4 4 4 7 6 3 10 3 7 6 8 9 7 6 8 7 1 7 7 5 2 9 6 5 7 7 4 7 5 4 8 8 3 5 7 6 9 6 5 5 0 2 9 4 5 3
0 2 2 5 8 5 5 4 1 2 4 1 3 3 7 5 4 6 3 0 3 9 2 5 7 3 2 5 2 2 6 7 5 3 4 2 4 0 4 5 5 8 6 3 2 2 0 6 3 6 2 2 2 5 4 2 4 3 2 0 3 9 3 6 7 7 6 5 5 6 0 3 7 4 4 2 6 3 3 6 4 4 2 4 4 2 6 2 5 1 5 8 5 6 4 0 4 7 2 5 3
0 7 2 7 10 9 7 7 7 9 6 8 8 3 10 9 4 6 5 7 6 12 7 5 10 3 2 5 2 5 6 7 9 5 7 5 6 0 4 7 7 11 9 5 4 6 7 0 8 8 2 2 2 9 4 5 4 4 7 6 3 12 3 7 7 8 9 8 6 9 7 7 7 7 5 2 9 6 5 8 7 4 7 5 4 8 8 7 5 7 5 9 6 6 5 0 8 9 5 5 3
0 3 2 7 9 7 7 7 7 9 6 8 8 2 4 2 4 6 5 7 6 11 7 5 9 2 1 5 2 5 6 7 7 5 6 5 6 0 4 7 5 10 8 5 4 5 7 6 0 5 2 2 2 9 4 4 4 4 7 6 3 8 2 7 6 8 9 7 6 7 7 1 7 6 5 2 9 5 5 4 7 4 7 4 4 6 8 3 5 7 6 9 6 5 5 0 2 4 4 5 3
0 7 2 7 10 9 7 7 7 7 6 6 8 3 10 9 4 6 5 5 6 12 7 5 10 3 2 5 2 5 6 7 9 5 7 5 6 0 4 7 7 11 9 5 4 6 7 7 8 0 2 2 2 9 4 5 4 2 7 6 3 12 3 7 7 5 9 8 4 9 5 7 7 7 5 2 9 6 5 8 7 4 7 5 4 8 8 7 5 7 8 9 6 6 5 0 8 9 5 5 3
0 7 2 7 10 9 7 7 7 9 6 8 8 3 10 9 4 6 5 7 6 12 7 5 10 3 2 5 2 5 6 7 9 5 7 5 6 0 4 7 7 11 9 5 4 4 7 7 8 8 0 2 2 9 4 5 4 4 7 6 3 12 3 7 7 8 9 8 6 9 7 5 7 7 5 2 9 4 5 8 7 4 7 5 4 7 8 7 5 7 8 9 6 6 5 0 6 9 5 5 3
0 7 2 7 10 8 7 7 5 9 6 8 7 3 10 7 4 6 5 7 6 10 6 5 10 3 2 3 2 5 6 7 9 5 5 5 4 0 2 7 7 9 8 5 2 6 7 7 7 8 2 0 2 9 4 5 4 4 6 6 3 12 3 5 7 7 9 8 6 9 7 7 7 5 3 2 9 6 5 8 7 4 6 3 4 6 8 7 5 7 6 8 4 6 5 0 8 7 5 5 3
0 7 2 7 8 7 7 5 7 7 6 6 8 3 8 8 2 6 5 5 4 10 7 5 10 3 2 5 0 5 6 7 7 5 6 5 4 0 4 7 6 10 9 4 3 5 7 5 8 7 2 2 0 9 4 3 2 2 7 6 3 12 3 7 6 8 9 8 4 9 5 6 7 7 5 2 9 5 3 6 7 4 7 5 4 8 6 7 5 7 8 9 6 6 5 0 7 9 3 5 3
0 6 2 7 5 6 2 7 3 6 1 5 5 3 9 7 3 5 5 4 5 8 3 4 9 3 2 1 2 5 6 7 8 1 3 3 4 0 4 6 7 7 6 3 2 4 4 6 5 8 2 2 2 0 4 2 3 4 3 4 3 10 3 6 7 5 8 7 4 9 4 5 4 3 1 2 9 4 3 6 6 4 4 5 4 4 7 6 5 5 4 6 2 6 4 0 6 8 2 4 3
0 7 2 7 10 9 7 7 7 8 6 7 8 3 10 9 4 6 5 6 6 10 7 5 10 3 2 5 2 5 2 7 9 5 7 5 6 0 4 7 7 10 5 5 4 6 6 6 8 7 2 2 2 9 0 5 4 4 7 6 3 12 3 7 7 8 9 8 6 9 6 7 7 7 5 2 9 6 5 8 3 4 7 5 4 8 8 7 5 7 5 5 6 6 5 0 8 9 5 5 3
0 7 2 7 10 6 7 7 7 8 6 7 8 3 9 5 4 6 5 6 3 10 7 5 10 3 2 5 2 5 6 7 6 5 5 5 2 0 4 7 7 9 8 5 0 6 7 7 8 8 2 2 2 9 4 0 4 4 7 6 3 11 3 7 7 8 8 8 6 9 6 7 7 7 5 2 9 6 5 7 7 4 7 5 4 8 8 7 5 7 8 9 5 6 5 0 8 7 5 5 3
0 7 2 6 10 7 7 7 6 8 6 7 6 3 10 6 0 6 4 6 4 8 5 5 9 3 2 5 2 4 6 6 7 4 4 4 3 0 4 6 7 8 7 2 1 5 7 3 7 8 2 2 2 8 4 1 0 4 5 5 3 11 3 5 4 8 9 8 6 9 6 6 7 7 5 2 9 6 5 5 7 4 5 5 4 6 4 7 5 6 8 8 6 6 3 0 7 7 1 5 3
0 5 2 7 10 8 7 7 7 5 6 4 8 3 10 9 4 6 5 3 6 12 7 5 10 3 2 5 2 5 6 7 8 5 7 5 6 0 4 7 7 11 9 5 4 5 7 7 8 8 2 2 2 7 4 5 4 0 7 6 3 12 3 7 7 8 9 8 2 9 3 6 7 7 5 2 9 6 5 8 7 4 7 5 4 8 8 5 5 7 8 9 6 6 5 0 7 9 5 5 3
0 7 2 7 8 9 7 7 6 7 6 6 7 3 10 9 4 4 5 5 6 11 0 3 10 3 2 5 2 5 6 7 9 5 7 5 5 0 4 7 7 11 9 5 4 6 5 7 8 8 2 2 2 9 4 5 4 4 0 5 3 12 3 7 7 6 9 8 6 9 5 7 7 7 5 2 9 6 5 7 7 4 7 5 4 7 8 7 5 6 7 9 6 6 5 0 8 9 5 3 3
0 6 2 7 10 8 5 4 1 6 4 7 3 3 7 5 4 6 5 7 5 9 2 5 10 3 2 5 2 5 6 7 8 4 5 5 4 0 4 7 5 9 8 3 2 6 7 7 3 6 2 2 2 7 4 2 4 4 2 0 3 11 3 6 7 7 6 5 6 9 7 4 7 7 5 2 9 6 5 7 4 4 2 5 4 2 6 6 5 1 6 8 5 6 4 0 5 7 2 5 3
0 7 2 7 10 9 7 7 7 9 6 8 8 3 10 8 4 6 5 7 6 12 5 5 10 3 2 5 2 5 6 7 9 5 7 5 5 0 4 7 7 11 9 5 3 6 7 7 8 8 2 2 2 9 4 3 4 4 5 6 0 12 3 7 7 8 9 8 6 9 7 7 7 7 5 2 9 6 5 8 7 4 7 5 4 8 8 7 2 7 8 9 6 6 5 0 8 9 5 5 3
0 7 2 6 9 7 7 7 7 9 6 0 8 3 10 6 4 6 4 7 4 11 7 5 9 3 2 5 2 5 6 7 7 4 6 5 3 0 4 6 7 10 9 5 1 6 7 7 8 8 2 2 2 8 4 1 4 4 7 6 3 0 3 7 7 8 9 4 6 9 7 7 7 7 5 2 5 6 5 8 7 4 7 5 4 7 8 7 5 7 8 9 6 6 5 0 8 8 5 5 3
0 7 2 7 8 9 7 7 7 9 6 8 8 1 10 9 4 6 5 7 6 10 7 5 10 1 2 5 2 5 6 7 9 5 6 5 6 0 4 7 5 9 9 5 4 6 7 7 8 6 2 2 2 7 4 5 4 4 7 6 3 12 0 7 5 8 9 6 6 9 7 7 7 6 5 2 8 6 5 6 7 4 7 2 4 8 8 7 5 7 8 9 6 4 5 0 8 9 5 5 2
0 7 2 7 9 9 7 7 7 8 6 8 8 3 10 8 2 6 5 7 6 10 6 5 10 3 2 5 2 5 6 7 9 5 6 5 5 0 4 7 7 10 9 4 3 6 7 7 8 8 2 2 2 9 4 3 4 4 7 6 3 12 3 0 6 8 9 8 6 9 7 7 7 7 5 2 9 6 5 6 7 4 7 5 4 8 6 7 5 7 8 9 6 6 5 0 8 2 3 5 3
0 7 2 7 10 8 7 7 7 9 6 8 8 3 10 9 4 6 5 7 6 8 7 5 10 3 2 5 2 5 6 7 9 5 3 5 6 0 4 7 7 7 6 5 4 4 7 7 8 8 2 2 2 9 4 5 4 4 7 6 3 12 3 6 0 8 9 8 6 9 7 5 7 3 5 2 9 4 5 1 7 4 7 5 4 7 8 4 5 7 8 9 6 6 5 0 6 8 5 5 3
0 7 2 3 8 8 7 7 6 7 6 6 3 3 10 7 4 6 1 5 5 10 2 5 6 3 2 5 2 5 6 7 8 1 5 5 4 0 4 3 7 9 8 3 2 6 5 4 8 8 2 2 2 5 4 2 4 4 6 5 3 8 3 6 7 0 9 8 3 9 5 7 7 7 5 2 9 6 5 8 4 4 6 5 4 7 6 7 5 6 6 9 6 6 4 0 8 8 2 5 3
0 7 2 7 10 8 7 7 7 8 6 7 8 3 10 9 4 6 5 6 6 10 7 5 10 3 2 5 2 5 2 7 8 5 5 2 6 0 4 7 7 9 5 3 4 6 6 6 8 8 2 2 2 9 4 5 4 4 7 6 3 12 3 7 7 8 0 8 6 9 6 7 7 7 5 2 9 6 5 8 7 4 7 5 4 8 8 7 5 7 8 5 6 6 5 0 8 8 5 5 3
0 7 2 7 10 9 7 7 7 9 6 8 7 3 10 8 4 6 5 7 6 12 6 5 10 3 2 5 2 5 6 7 9 5 7 5 6 0 4 7 7 11 9 5 4 6 7 7 6 8 2 2 2 9 4 5 4 4 6 6 3 12 3 7 6 8 9 0 6 9 7 7 7 7 5 2 9 6 5 7 7 4 6 5 4 8 8 7 5 7 8 9 3 6 5 0 8 9 5 5 3
0 7 2 7 10 9 7 7 7 9 6 8 8 3 10 9 4 6 5 7 6 12 7 5 10 3 2 5 2 5 6 7 9 5 7 5 6 0 4 7 7 11 9 5 4 6 7 7 8 8 2 2 2 9 4 5 4 4 7 6 3 12 3 7 7 8 9 8 0 7 7 7 6 7 5 2 9 6 5 8 7 4 7 5 4 8 8 7 5 7 6 9 6 6 5 0 8 9 5 5 3
0 3 2 7 10 9 7 7 7 9 6 8 8 3 10 9 4 6 5 7 6 12 7 5 9 3 2 5 2 5 6 7 9 5 7 5 6 0 4 7 7 11 9 5 4 6 7 7 8 8 2 2 2 9 4 5 4 4 7 6 3 11 3 7 7 8 9 8 6 0 7 7 7 7 5 2 9 6 5 8 7 4 7 5 4 8 8 3 5 7 6 9 6 6 5 0 8 9 5 5 3
0 2 2 5 8 6 7 7 5 2 6 7 6 3 9 9 4 6 3 6 3 10 6 5 7 3 2 5 2 2 6 7 6 3 5 2 4 0 4 5 7 9 6 3 4 2 6 6 7 8 2 2 2 7 4 4 4 3 6 6 3 9 3 7 7 8 9 8 5 7 0 3 7 7 4 2 9 3 3 6 5 4 6 4 4 6 8 2 5 7 5 9 5 6 5 0 4 9 4 5 3
0 2 2 7 8 9 7 7 7 8 6 7 8 1 10 8 4 6 5 6 6 10 7 5 8 1 2 5 2 5 6 7 9 5 6 5 5 0 4 7 7 9 7 4 3 6 7 7 7 8 2 2 2 9 4 3 4 3 7 6 3 10 3 7 5 8 9 6 5 7 6 0 7 7 5 2 8 6 5 6 7 4 7 5 4 8 8 2 5 7 5 9 6 4 5 0 1 9 3 5 2
0 7 2 7 10 7 7 6 6 7 6 6 8 3 10 9 4 6 5 5 6 9 7 5 10 3 2 5 2 5 6 7 9 5 7 5 6 0 4 7 7 9 4 5 4 6 5 7 8 8 2 2 2 9 4 5 4 4 7 5 3 12 3 7 7 8 9 8 6 9 5 7 0 7 5 2 9 6 5 8 7 4 7 5 4 7 8 7 5 6 8 4 6 6 5 0 8 9 5 5 3
0 4 2 7 9 5 7 6 4 6 6 5 5 3 9 8 3 5 5 4 5 5 4 5 10 3 2 5 1 5 4 7 8 5 0 4 5 0 4 7 7 4 3 5 4 1 4 6 6 8 2 2 1 9 4 4 3 3 4 4 3 11 3 7 7 6 9 7 5 7 4 2 7 0 2 2 9 1 4 7 6 4 4 5 4 4 7 4 5 5 7 7 6 6 5 0 3 9 4 4 3
0 7 2 7 10 8 6 7 2 7 5 6 4 3 8 6 4 4 5 5 6 10 3 3 10 3 2 5 2 5 6 7 8 5 5 2 5 0 4 5 7 9 5 3 4 6 5 7 4 8 2 2 2 8 4 5 4 4 3 5 3 12 3 7 7 4 7 6 6 9 5 5 7 7 0 2 9 6 5 7 5 4 3 5 4 3 7 7 5 6 7 5 6 6 5 0 6 7 5 3 3
0 7 2 7 9 9 7 7 5 7 6 8 7 3 10 9 4 6 5 7 6 12 6 5 10 3 2 5 2 5 6 7 9 5 7 5 6 0 4 7 6 11 9 5 4 6 7 7 7 7 2 2 2 9 4 5 4 4 6 4 3 12 3 7 7 8 9 8 6 7 7 7 7 7 5 0 9 6 5 8 7 4 6 5 2 6 8 7 5 5 8 9 6 6 5 0 8 7 5 5 3
0 7 2 7 4 9 7 7 7 9 6 8 8 3 10 8 2 6 5 7 6 10 7 5 10 3 2 5 2 5 6 7 9 5 6 5 5 0 4 4 7 10 9 4 3 6 7 7 8 8 2 2 2 9 4 3 4 4 7 6 3 12 3 7 6 8 9 8 6 9 7 7 7 7 5 2 0 6 5 7 7 4 7 5 4 8 6 7 5 7 8 9 6 6 5 0 8 9 3 5 3
0 3 2 7 9 9 7 7 3 8 6 7 5 2 9 7 4 5 5 6 6 11 4 4 9 2 2 5 2 5 3 7 9 5 6 3 6 0 4 6 7 10 6 4 4 0 6 7 5 8 2 2 2 8 4 4 4 4 4 6 3 10 3 7 6 5 8 6 6 8 6 1 7 7 1 2 9 0 5 7 6 4 4 5 4 3 8 3 5 7 6 6 6 5 5 0 2 8 4 4 3
0 7 2 7 10 9 7 7 7 9 6 8 8 3 9 9 4 6 5 7 6 10 7 5 10 3 2 5 2 5 6 7 9 3 5 5 1 0 4 7 7 9 6 5 4 6 7 7 8 8 2 2 2 9 4 4 4 4 7 6 3 12 3 7 7 8 7 8 6 9 7 7 7 5 5 2 9 6 0 3 7 4 7 5 4 8 8 7 5 7 8 9 6 6 5 0 8 9 4 5 3
0 6 2 7 10 7 7 7 6 8 6 7 7 3 10 9 4 6 5 6 6 7 6 5 10 3 2 5 2 5 6 7 9 5 2 5 6 0 4 7 7 6 5 5 4 3 6 7 8 8 2 2 2 9 4 5 4 4 6 6 3 12 3 7 5 8 9 8 6 9 6 4 7 2 4 2 9 3 5 0 7 4 6 5 4 6 8 6 5 7 8 9 6 6 5 0 5 9 5 5 3
0 7 2 7 7 8 7 5 7 8 6 8 6 3 10 7 4 6 5 7 5 9 6 5 10 3 2 5 2 5 6 7 8 5 4 5 4 0 4 6 6 8 7 5 2 6 7 7 8 4 2 2 2 9 4 2 4 4 6 6 3 11 3 7 7 8 9 8 6 9 7 7 7 7 5 2 9 6 5 5 0 4 6 5 4 8 8 7 5 7 2 9 6 6 5 0 8 9 5 5 3
0 3 2 7 9 7 3 7 4 5 2 4 5 3 10 8 4 2 5 3 5 11 4 1 9 3 2 5 2 5 6 7 8 2 6 5 3 0 4 7 7 10 9 4 3 5 3 7 6 8 2 2 2 6 4 3 4 4 4 3 3 11 3 7 6 4 9 8 6 8 3 6 7 7 5 2 9 6 4 5 6 0 5 5 4 5 8 3 5 4 6 9 6 5 5 0 7 9 3 1 3
0 7 2 7 8 9 7 7 6 7 6 6 1 3 10 9 4 4 5 5 6 9 0 3 10 3 2 5 2 5 6 7 9 5 6 5 5 0 4 7 7 8 8 5 4 6 5 7 8 6 2 2 2 8 4 4 4 4 0 5 3 12 3 7 7 6 9 6 6 9 5 7 7 7 5 2 9 6 5 7 2 4 0 5 4 7 4 7 5 6 4 8 6 6 5 0 8 9 5 3 3
0 7 2 7 10 9 7 7 7 9 6 8 8 3 10 9 4 6 5 7 6 9 7 5 10 3 2 5 2 5 6 7 9 5 4 5 6 0 4 7 7 8 7 5 4 5 7 7 8 8 2 2 2 9 4 5 4 4 7 6 3 12 3 7 7 7 9 8 6 9 7 6 7 4 5 2 9 5 5 8 7 4 7 0 4 8 8 7 5 7 8 9 6 6 5 0 7 9 5 5 3
0 7 2 7 10 9 7 6 3 5 6 8 5 3 9 7 4 6 5 7 6 11 4 5 10 3 2 5 2 5 6 7 9 5 6 5 6 0 4 7 4 10 9 4 4 5 7 7 5 5 1 2 2 9 4 4 4 4 4 2 3 12 3 7 7 8 8 7 6 5 7 6 7 7 5 2 9 5 5 8 6 4 4 5 0 4 8 7 5 3 8 9 6 6 5 0 7 9 4 5 3
0 7 2 7 10 8 4 7 7 8 6 7 8 3 10 9 4 6 5 6 6 12 7 5 10 3 2 5 2 5 6 7 9 5 7 5 6 0 4 7 7 11 9 5 4 6 6 7 8 8 2 2 2 5 4 4 4 4 7 6 3 12 3 7 7 8 9 3 6 9 6 7 7 7 5 2 9 6 5 8 7 4 7 5 4 0 8 7 5 7 8 9 6 6 5 0 8 9 5 5 3
0 7 2 7 10 9 7 7 6 7 6 6 8 3 10 9 4 6 5 5 6 5 7 5 10 3 2 5 2 5 6 7 9 5 7 5 1 0 4 6 7 4 4 5 4 6 5 7 8 8 2 2 2 9 4 5 4 4 7 5 3 12 3 7 7 8 7 8 6 7 5 7 6 7 5 2 9 6 5 8 7 4 7 5 4 7 0 7 5 6 8 4 6 6 5 0 8 9 5 5 3
0 6 2 7 10 9 7 7 7 6 6 5 8 3 10 8 4 6 5 4 6 12 7 5 6 3 2 5 2 5 6 7 9 5 7 5 6 0 4 7 7 11 9 5 4 6 7 7 6 8 2 2 2 8 4 5 4 1 7 6 3 8 3 7 7 8 9 8 3 5 4 7 7 7 5 2 9 6 5 8 7 4 7 5 4 8 8 0 5 7 8 9 6 6 5 0 8 9 5 5 3
0 7 2 7 10 7 7 7 7 9 6 8 8 3 10 6 4 6 5 7 4 11 3 5 10 3 2 5 2 5 5 7 7 5 6 5 3 0 4 7 7 10 8 5 1 6 7 7 6 8 2 2 2 9 4 1 4 4 3 6 3 12 3 7 7 8 9 8 6 9 7 7 5 7 5 2 9 6 5 8 7 4 7 3 4 8 8 7 0 7 8 8 6 6 5 0 8 8 5 5 3
0 7 2 7 10 9 7 7 7 5 6 8 8 3 10 9 4 6 5 7 6 8 7 5 10 3 2 5 2 5 6 7 9 5 7 5 6 0 4 7 7 8 9 5 4 5 7 7 8 8 2 2 2 9 4 5 4 4 7 6 3 12 3 7 7 8 9 8 6 9 7 6 7 7 5 2 9 6 5 8 7 4 7 5 4 8 8 7 5 0 8 9 6 6 5 0 7 8 5 5 3
0 7 2 7 5 9 7 7 7 6 6 8 4 3 10 9 4 6 5 7 6 11 7 5 10 3 2 5 2 5 6 7 9 5 6 5 6 0 4 7 7 10 9 5 4 6 7 7 8 6 2 2 2 9 4 4 4 4 7 6 3 11 3 7 7 8 9 8 6 9 7 7 7 7 5 2 9 6 5 7 2 4 7 5 4 8 7 7 5 7 0 9 6 6 5 0 8 9 5 5 3
0 3 2 6 9 6 6 5 2 3 5 2 4 3 7 6 4 6 4 1 4 5 3 5 8 3 2 5 2 3 6 7 6 4 5 3 3 0 4 6 6 5 0 4 3 3 1 7 4 7 2 2 2 6 4 3 4 4 3 1 3 10 3 7 7 8 7 6 3 7 1 3 7 5 5 2 7 4 2 5 5 4 3 5 4 3 7 3 5 2 6 0 6 6 5 0 4 8 3 5 3
0 6 2 7 10 9 6 7 7 8 5 7 8 3 7 5 4 5 5 6 6 12 7 4 10 3 2 5 2 5 6 7 9 5 7 5 6 0 4 7 7 11 9 5 4 6 6 7 3 8 2 2 2 9 4 5 4 4 7 6 3 11 3 7 7 7 9 8 6 9 6 4 7 7 5 2 9 6 5 7 7 3 7 5 4 8 8 6 5 7 8 9 0 6 5 0 5 7 5 4 3
0 7 2 7 4 9 7 5 7 9 6 8 5 3 10 9 4 6 5 7 6 9 7 5 10 3 2 5 2 5 6 7 9 5 4 5 6 0 4 6 6 8 7 5 4 5 7 7 8 7 2 2 2 9 4 5 4 4 7 6 3 12 3 7 1 8 9 8 6 9 7 6 7 4 5 2 9 5 5 2 6 4 7 5 4 8 8 5 5 7 8 9 6 0 5 0 7 9 5 5 3
0 7 2 7 10 9 7 7 5 9 6 8 7 3 10 9 4 6 5 7 6 12 6 5 10 3 2 5 2 5 6 7 9 5 7 5 6 0 4 7 7 11 8 5 4 6 7 7 7 8 2 2 2 9 4 5 4 4 6 6 3 11 3 2 4 7 9 8 6 9 7 7 7 7 3 2 9 6 5 5 7 4 6 5 4 6 8 7 5 7 8 8 6 6 0 0 8 4 5 5 3
0 7 2 7 10 9 7 7 7 9 6 8 8 3 10 9 4 6 5 7 6 12 7 5 10 3 2 5 2 5 6 7 9 5 7 5 6 0 4 7 7 11 9 5 4 6 7 7 8 8 2 2 2 9 4 5 4 4 7 6 3 12 3 7 7 8 9 8 6 9 7 7 7 7 5 2 9 6 5 8 7 4 7 5 4 8 8 7 5 7 8 9 6 6 5 0 8 9 5 5 3
0 7 2 7 7 9 7 7 6 8 6 7 8 0 9 9 3 6 5 6 6 9 6 5 10 0 2 5 2 5 6 7 9 5 7 5 6 0 4 7 7 8 9 5 4 6 6 6 8 8 2 2 2 9 4 4 3 4 7 5 3 10 3 7 4 8 9 5 6 9 6 7 7 7 5 2 7 6 5 5 7 4 7 5 4 7 7 7 5 6 8 9 6 3 5 0 0 9 4 5 1
0 7 2 7 7 9 7 7 7 9 6 8 8 3 10 9 4 6 5 7 6 12 4 5 10 3 2 5 2 5 6 7 9 5 7 5 6 0 4 7 7 11 9 5 4 6 7 7 8 8 2 2 2 9 4 5 4 4 7 6 3 12 3 7 7 8 9 8 6 9 7 7 7 7 5 2 9 6 5 8 5 4 7 5 4 8 8 7 5 7 7 9 6 6 5 0 8 0 5 5 3
0 6 2 6 10 6 7 7 6 7 6 6 8 3 9 5 4 6 4 5 3 8 7 5 8 3 2 5 2 3 6 7 6 4 3 3 2 0 4 6 7 7 6 1 0 6 7 7 8 8 2 2 2 8 4 0 4 4 7 6 3 10 3 4 6 8 8 7 6 9 5 7 7 7 5 2 9 6 5 7 7 4 7 5 4 7 8 6 5 7 8 9 5 6 2 0 8 6 0 5 3
0 4 2 6 8 7 7 6 3 4 6 3 5 3 9 7 4 1 4 2 4 11 4 5 9 3 2 4 2 4 6 7 7 4 6 4 6 0 4 6 7 10 8 5 4 4 2 7 5 8 2 2 2 7 4 4 4 4 4 2 3 11 3 7 5 3 8 7 6 8 2 5 7 6 4 2 8 5 5 4 6 4 4 5 4 4 8 4 5 3 7 9 5 4 5 0 6 8 4 0 3
0 7 2 7 10 9 7 7 6 7 6 6 8 3 10 8 2 6 5 5 6 10 7 5 10 3 2 5 2 5 6 7 9 5 6 5 5 0 4 7 7 10 9 4 3 6 5 5 8 8 2 2 2 9 4 3 2 4 7 5 3 12 3 7 6 8 9 8 6 9 5 7 7 7 5 2 9 6 5 7 7 4 7 5 4 7 6 7 5 6 8 9 6 6 5 0 8 9 3 5 0
