100 2
1 212 7 10
2 0 10 7
3 167 4 10
2 1398 9 6
4 0 5 6
5 1314 4 6
7 1246 3 8
6 0 4 6
10 129 2 10
8 176 2 7
5 484 6 4
7 510 10 5
7 0 7 5
12 0 4 8
17 0 7 10
9 116 9 5
17 0 10 9
2 635 1 1
4 856 6 2
18 923 8 8
5 772 5 2
18 407 1 7
26 514 1 9
18 1040 2 6
24 246 6 8
34 4 1 9
19 1169 6 5
31 0 5 8
33 633 6 8
26 1089 9 6
35 0 5 8
46 479 3 10
49 231 10 10
45 0 10 9
20 0 3 4
36 1058 4 7
38 967 5 7
49 1026 5 9
51 583 9 9
51 835 6 9
58 418 8 10
47 267 5 8
26 361 7 4
40 199 5 6
64 861 10 9
29 415 3 4
67 969 3 9
75 1054 1 10
39 0 4 5
47 37 10 6
80 942 8 10
60 1350 8 7
44 992 1 5
47 1080 10 5
98 0 1 10
99 0 8 10
100 0 1 10
60 0 7 6
63 1051 4 6
74 1270 6 7
97 752 7 9
81 1207 10 7
84 0 10 7
61 0 6 5
50 1294 9 4
25 155 2 2
28 857 2 2
84 1109 6 6
98 454 9 7
85 1234 10 6
71 0 1 5
73 241 6 5
45 0 4 3
63 755 8 4
63 0 2 4
33 1343 5 2
51 1327 2 3
71 710 4 4
54 344 5 3
36 1289 5 2
78 1221 6 4
78 0 5 4
98 682 5 5
62 517 6 3
46 681 4 2
48 0 5 2
75 1110 5 3
75 700 4 3
56 0 3 2
86 60 8 3
91 0 10 3
100 95 9 3
37 341 8 1
79 975 1 2
86 375 5 2
47 1304 8 1
99 0 3 2
100 853 8 2
52 868 3 1
85 528 3 1
SETUP
0 28 33 45 36 22 22 34 18 40 24 27 29 9 24 6 4 35 42 34 27 30 37 7 33 40 36 5 34 37 20 37 20 4 16 24 25 23 12 39 8 2 39 18 35 29 11 11 27 32 35 11 26 13 23 8 26 1 22 27 37 17 20 18 21 11 20 10 12 8 23 19 20 31 30 30 14 25 27 27 41 22 7 27 25 14 23 38 22 9 31 24 12 7 23 7 32 24 7 25 10
0 0 26 16 32 27 31 33 23 21 33 12 39 24 13 10 22 31 42 20 19 25 17 10 31 22 10 27 28 25 23 24 17 29 10 30 13 29 24 32 13 2 10 8 32 15 32 18 20 22 6 22 14 9 22 16 39 28 10 26 21 26 14 22 17 25 30 24 32 10 33 45 36 19 17 14 45 12 33 28 7 39 33 6 38 28 22 30 26 7 27 30 39 23 7 32 33 16 37 1 24
0 46 0 38 6 26 15 21 13 40 37 7 4 30 24 37 10 20 28 40 22 17 6 8 25 30 28 14 5 15 30 30 22 22 14 33 23 17 3 16 21 16 18 22 24 0 34 22 20 33 15 42 15 36 35 26 40 28 34 12 35 0 20 37 15 36 19 13 34 30 24 32 30 22 19 16 11 0 33 28 34 27 40 32 18 24 20 25 15 36 22 13 16 15 17 31 27 32 10 23 14
0 17 27 0 22 30 30 30 28 43 22 36 14 13 24 27 18 15 25 13 25 16 33 2 19 27 30 1 29 7 2 30 28 37 30 28 18 10 9 36 28 17 28 34 27 4 30 37 45 20 21 25 30 27 25 23 15 33 47 22 20 25 14 16 27 20 31 33 26 26 24 25 9 40 15 8 30 25 19 21 31 27 14 24 41 39 25 35 26 20 10 47 11 4 29 33 29 31 10 31 24
0 32 28 18 0 8 30 12 33 28 19 12 23 38 34 11 31 41 25 27 17 30 13 33 15 32 15 30 33 26 20 39 27 36 36 4 24 12 2 32 19 23 29 18 16 12 17 14 12 21 32 30 13 26 28 33 19 25 21 40 29 16 33 27 17 25 25 5 19 22 40 22 33 46 31 30 5 12 6 29 29 11 11 23 10 23 25 19 40 37 37 30 22 36 20 39 26 39 10 28 15
0 24 37 28 35 0 17 29 19 17 16 37 19 23 27 17 39 15 31 25 39 9 35 31 23 25 15 35 38 32 37 36 34 15 23 16 11 36 19 2 15 21 18 14 40 20 16 26 27 29 30 15 29 18 21 15 21 41 40 26 14 24 27 17 24 43 10 39 31 24 19 32 26 28 34 13 15 46 27 21 18 36 45 6 18 30 8 27 9 38 39 43 33 13 17 21 10 20 24 23 25
0 10 27 36 24 43 0 17 15 25 14 20 1 34 13 10 33 17 14 43 23 6 25 43 19 28 32 45 39 31 14 25 5 33 12 31 26 7 25 26 28 26 27 1 28 31 33 9 33 16 9 15 9 13 29 26 7 34 36 37 17 31 15 26 28 7 42 37 30 41 21 32 19 35 24 35 34 5 24 23 12 21 22 39 9 20 22 25 12 20 47 10 25 17 34 10 20 14 25 22 28
0 32 14 24 14 30 4 0 17 32 27 12 47 6 14 43 38 29 27 29 9 32 20 18 37 22 11 22 11 37 9 44 24 36 16 40 12 29 17 10 24 33 18 24 45 21 32 21 27 41 30 19 34 18 33 11 39 18 21 35 21 18 25 34 25 22 32 29 36 6 0 8 30 19 9 32 19 19 13 30 26 8 15 15 29 43 6 30 24 25 41 14 7 13 15 27 22 10 32 47 17
0 22 7 32 29 24 10 21 0 3 8 25 20 34 7 40 31 28 20 22 23 24 26 28 29 17 40 16 32 16 34 17 34 37 28 28 26 23 28 14 16 25 28 16 37 8 34 33 25 29 35 6 10 32 32 35 22 24 15 38 11 35 24 16 12 26 29 16 34 17 22 32 20 26 36 29 14 19 19 39 11 38 25 45 28 36 27 8 10 11 18 27 12 6 25 25 21 10 28 37 22
0 18 12 29 9 16 18 35 11 0 18 17 30 23 14 28 7 40 38 3 24 21 23 28 25 10 34 13 22 30 13 29 32 24 27 46 9 8 20 14 20 22 14 32 19 40 31 39 34 33 27 17 35 40 10 10 17 18 15 11 9 6 38 41 16 17 29 33 37 13 26 16 38 33 32 15 15 46 30 41 14 14 29 29 28 13 2 9 44 23 21 45 21 22 12 23 39 21 37 25 25
0 16 18 29 28 35 29 18 9 46 0 27 30 32 17 28 25 42 41 26 8 34 26 23 12 24 46 32 47 36 28 33 29 24 24 11 26 29 15 17 29 20 10 27 17 35 27 4 25 44 15 23 13 34 8 35 22 8 22 41 35 37 21 25 36 22 45 19 34 34 25 24 43 29 21 19 13 29 26 25 32 29 34 34 35 45 28 12 10 22 42 15 24 22 33 30 18 29 15 12 22
0 26 47 27 32 23 20 9 17 22 21 0 30 23 7 23 31 28 44 9 20 18 19 39 14 17 17 39 31 33 31 27 26 19 7 35 37 27 3 33 13 35 23 13 29 5 19 6 21 20 25 13 22 24 28 32 12 10 29 18 32 29 30 22 36 25 35 12 12 9 43 28 12 20 25 36 17 41 30 22 29 7 10 13 18 28 10 28 34 23 20 27 38 19 31 41 24 24 9 17 14
0 3 28 34 23 7 18 29 38 16 21 12 0 15 37 8 11 30 24 24 9 25 17 24 40 6 6 31 17 26 31 9 11 14 33 33 21 38 8 22 22 28 23 24 29 25 12 40 20 17 6 12 11 23 5 32 34 43 46 14 35 38 21 21 17 19 10 13 32 36 19 12 29 30 41 34 39 14 29 38 27 16 26 31 31 22 22 19 31 19 15 9 25 36 23 35 24 24 15 38 22
0 30 22 19 12 23 34 15 9 9 16 13 18 0 15 31 11 15 22 35 37 25 16 27 19 33 22 9 19 21 39 29 10 20 28 47 31 41 41 36 13 30 24 9 19 43 24 40 26 21 27 3 27 19 41 34 21 45 37 25 23 36 24 22 24 24 24 11 16 8 22 1 27 29 24 16 33 2 26 39 10 24 29 23 16 5 30 6 9 18 20 11 39 43 36 31 9 22 14 27 34
0 4 16 22 8 19 8 30 33 24 4 27 35 23 0 26 19 0 19 34 35 12 34 19 25 23 40 19 21 24 23 18 44 44 32 10 43 26 22 10 31 8 35 28 26 43 9 15 28 24 26 43 37 3 21 11 38 43 27 15 26 13 45 26 7 34 29 26 22 23 9 46 30 16 26 21 24 29 18 42 25 27 25 13 27 12 11 12 24 32 24 31 30 12 32 28 20 12 24 21 17
0 27 23 39 12 9 30 35 23 28 45 37 23 44 46 0 32 33 34 19 40 36 28 36 44 23 34 11 19 13 3 19 15 8 20 22 31 35 13 6 22 23 31 44 31 47 21 11 24 12 35 19 21 19 13 18 9 29 19 19 21 22 30 36 17 23 18 29 37 20 26 30 18 40 14 3 31 20 37 9 8 18 14 31 35 15 37 15 33 30 18 11 28 25 23 37 29 17 31 17 43
0 26 46 37 9 14 31 8 12 32 36 33 37 17 27 15 0 29 6 25 28 20 26 12 11 25 47 38 15 21 22 38 27 28 26 31 24 22 16 21 15 19 25 14 12 33 23 30 18 12 23 35 9 14 21 14 21 15 18 24 11 30 20 27 16 3 13 22 7 28 35 29 18 19 17 35 29 38 16 10 15 9 17 3 22 36 34 33 31 34 2 31 26 16 8 18 21 32 3 28 36
0 25 30 32 27 10 24 31 19 40 14 38 21 33 23 27 26 0 36 27 36 44 25 36 21 35 17 11 23 9 45 25 28 13 25 27 11 28 46 23 38 17 5 3 45 14 43 17 24 6 18 35 24 10 28 26 4 27 24 15 8 23 29 39 41 28 15 27 27 29 15 15 5 21 3 37 24 44 21 17 34 18 15 42 11 31 26 19 40 10 5 34 11 45 39 23 23 18 14 36 20
0 20 29 27 29 32 33 11 24 24 28 4 29 47 24 25 47 19 0 22 32 23 22 14 13 16 7 33 15 45 6 24 43 28 20 32 25 9 31 21 33 36 47 33 37 12 6 16 22 26 45 27 23 20 21 21 19 5 34 30 14 23 14 16 18 35 31 10 1 13 13 32 31 28 12 34 13 34 23 11 9 28 21 9 16 10 24 31 6 25 45 26 27 26 25 24 35 19 16 29 28
0 14 15 35 23 26 37 9 30 24 26 35 28 26 26 36 28 30 36 0 16 15 10 26 20 42 10 32 28 21 13 24 35 22 41 13 30 21 37 26 43 42 28 36 23 39 15 5 18 14 16 19 13 32 41 39 9 11 36 22 25 3 9 7 7 10 39 25 14 11 35 8 27 21 45 21 25 12 11 34 12 30 25 19 2 19 27 26 9 22 21 2 28 23 24 33 0 18 16 17 33
0 40 46 18 29 37 15 31 21 18 19 6 34 18 41 1 27 22 24 24 0 31 31 20 11 14 16 37 19 19 24 19 41 29 23 29 39 32 4 42 34 23 41 22 19 16 20 13 7 30 27 27 12 31 19 25 21 18 12 1 30 35 4 33 9 17 17 34 24 16 17 40 36 15 15 23 35 44 17 25 8 19 46 26 14 19 24 12 21 32 10 42 28 30 35 29 17 35 37 14 27
0 36 19 17 24 24 17 9 29 18 31 4 32 25 23 24 18 34 4 27 17 0 33 14 33 8 2 15 29 28 26 28 36 12 20 21 43 10 32 5 46 42 32 9 16 8 37 16 27 22 29 26 22 20 17 14 26 18 33 26 37 1 46 20 10 39 5 11 24 15 37 37 25 3 33 16 34 28 11 23 24 35 9 16 8 17 20 6 15 15 21 26 37 40 23 34 46 17 22 30 11
0 10 33 29 36 30 4 32 42 35 8 24 14 31 12 22 13 19 20 43 19 4 0 31 11 18 32 18 42 30 40 17 41 20 10 16 28 20 13 20 37 25 30 23 12 35 17 3 13 34 33 15 26 31 28 30 17 19 13 41 33 11 23 16 7 22 12 21 30 12 18 22 43 31 18 25 45 30 27 37 19 27 13 45 22 37 33 43 9 39 4 30 36 22 19 35 1 29 16 1 18
0 30 41 22 36 35 15 40 19 33 33 18 27 19 16 19 15 17 18 1 21 27 25 0 33 15 25 9 26 41 26 7 40 7 17 21 31 19 5 45 20 9 21 9 34 14 24 11 28 30 11 39 41 37 24 17 21 44 35 29 1 34 13 15 35 45 19 10 23 23 13 35 23 18 19 20 19 1 25 25 22 28 33 3 43 8 24 34 17 31 26 30 26 27 14 17 45 14 26 17 28
0 14 12 24 17 9 20 12 31 5 35 7 28 4 4 31 34 14 21 16 11 44 20 37 0 37 14 31 47 34 41 15 44 29 37 34 26 35 40 41 37 15 46 35 20 30 33 21 15 38 23 15 3 16 7 28 18 45 20 25 4 21 22 18 40 45 12 13 25 31 32 32 43 27 37 21 29 29 15 28 30 29 28 18 9 20 16 36 29 28 26 31 28 8 20 39 4 39 31 9 18
0 24 24 17 14 34 21 10 43 28 27 29 30 29 20 38 37 31 30 46 19 27 46 8 17 0 22 25 24 19 13 35 42 31 23 20 28 6 12 47 13 47 33 30 12 30 30 21 12 13 40 45 15 31 17 27 4 41 23 21 28 43 35 17 28 38 23 23 19 2 39 25 29 28 15 27 8 24 2 22 13 13 14 20 27 30 37 34 36 25 13 23 29 15 25 13 17 19 28 19 15
0 19 14 17 27 22 35 23 14 35 10 10 30 8 2 28 13 40 20 16 12 20 11 23 5 38 0 34 15 26 32 13 45 32 20 35 29 2 29 18 31 40 16 31 27 30 17 18 41 44 28 22 5 18 40 31 15 12 27 17 31 28 13 36 25 10 2 29 26 33 20 14 17 23 10 16 18 17 20 37 28 34 29 21 30 36 32 41 27 31 21 27 17 3 18 24 22 25 32 17 16
0 31 37 16 14 29 27 38 26 24 35 31 35 27 45 32 18 14 21 35 29 17 33 4 24 13 19 0 15 34 16 26 22 18 37 35 8 19 13 28 31 16 24 25 9 21 17 29 15 25 21 33 7 40 23 27 19 13 18 24 45 29 38 24 28 41 25 2 33 20 19 23 30 18 22 24 16 33 8 25 43 13 33 27 1 5 24 12 7 42 27 28 47 25 43 29 22 35 19 25 35
0 19 40 30 14 27 11 12 22 39 23 25 28 29 32 30 19 26 13 25 21 42 11 17 22 19 34 41 0 12 37 5 41 24 2 19 9 6 11 36 37 21 17 13 31 12 30 36 14 36 21 9 15 30 14 2 26 29 43 33 20 27 10 37 44 16 19 30 27 13 24 23 12 16 15 21 8 14 19 45 15 12 15 25 15 27 13 31 25 20 23 29 10 12 30 26 13 8 33 32 24
0 36 32 19 25 20 25 32 20 29 41 44 14 24 26 35 31 20 15 23 29 29 28 22 27 11 9 5 14 0 20 15 33 24 32 10 46 40 30 25 26 24 31 18 28 38 37 15 33 17 25 5 5 7 14 29 20 12 25 15 29 37 37 15 27 11 28 40 34 7 25 45 34 24 1 13 24 32 16 19 23 26 15 13 23 32 28 14 34 17 18 35 21 14 33 22 18 20 26 32 22
0 10 36 21 35 39 13 24 25 23 13 39 14 28 34 28 21 46 28 41 44 19 26 22 23 40 23 19 28 22 0 21 18 19 29 10 28 11 20 37 25 20 15 6 32 13 24 9 43 23 36 11 27 8 9 38 29 22 21 29 10 16 12 12 23 12 35 18 34 22 19 26 16 36 7 24 42 20 30 39 17 40 11 36 17 23 20 22 19 22 34 19 23 21 20 22 17 37 11 35 33
0 6 15 24 9 16 18 24 38 19 12 33 32 12 17 20 25 17 41 46 7 34 23 26 39 9 10 30 24 16 10 0 18 28 28 10 14 21 30 6 10 25 6 25 36 26 21 19 16 23 26 35 1 39 42 15 11 34 14 40 21 38 31 14 19 12 27 10 31 14 26 37 35 47 24 34 38 18 34 31 32 23 23 26 6 27 7 26 18 10 17 34 8 21 18 34 26 17 22 28 33
0 24 24 16 32 28 22 21 13 13 21 24 9 2 35 40 25 25 21 8 43 28 22 28 36 29 14 9 29 26 27 24 0 17 10 21 8 30 13 3 17 17 25 34 41 19 41 26 21 42 43 23 36 15 13 16 32 26 6 17 8 29 21 4 23 5 20 19 19 31 18 8 19 28 11 39 34 24 23 14 41 4 25 32 34 24 9 28 21 32 31 32 22 26 37 34 39 23 6 35 1
0 39 25 36 35 20 27 28 16 29 22 34 44 29 16 32 47 22 12 25 31 43 20 44 10 16 42 28 22 34 24 24 21 0 24 36 24 37 41 13 37 36 31 15 25 35 9 11 7 27 29 28 17 41 27 21 39 9 7 30 8 28 20 31 21 25 34 35 25 33 19 36 31 19 19 36 27 22 37 44 19 35 22 19 16 19 27 20 5 27 11 43 6 19 27 25 47 5 25 23 29
0 35 36 11 28 42 39 27 16 25 25 12 37 21 10 17 32 31 26 17 17 14 32 33 26 8 23 24 31 23 42 30 19 14 0 18 27 18 19 36 22 24 17 6 12 39 27 25 15 30 40 19 23 12 30 18 33 28 21 19 24 26 30 21 7 28 4 19 3 32 23 41 4 20 21 30 29 21 10 18 13 25 17 36 11 20 20 21 41 19 40 16 17 5 15 35 15 18 33 26 16
0 31 19 19 18 25 37 37 19 19 7 28 21 17 23 12 20 40 26 8 32 29 14 20 20 18 7 5 27 25 19 30 5 30 23 0 27 29 6 44 20 43 0 36 20 17 28 9 5 17 27 6 32 24 41 36 3 29 11 16 12 6 21 8 27 26 31 15 22 31 20 14 43 37 26 14 39 18 33 17 25 14 13 7 19 24 40 34 19 28 26 22 5 30 13 31 26 26 17 28 24
0 29 17 12 10 17 29 16 32 32 41 9 14 22 13 36 4 14 43 34 35 19 43 39 19 7 27 28 11 24 20 28 29 7 28 21 0 37 13 10 5 4 28 16 24 24 9 23 20 21 30 23 19 39 30 17 17 18 35 33 15 30 33 19 46 36 27 30 35 26 40 17 40 16 25 26 41 19 15 19 20 23 24 29 21 42 18 31 32 8 20 18 7 21 1 19 17 25 3 10 28
0 19 30 14 12 41 39 33 32 32 44 38 11 34 1 23 21 33 17 18 36 20 38 11 24 30 25 25 27 7 29 17 41 24 24 27 24 0 42 27 25 12 14 26 36 29 26 2 16 25 19 25 27 18 35 29 28 39 10 19 13 31 38 24 12 11 24 10 19 16 7 28 44 28 3 32 33 39 22 33 19 37 16 14 16 14 41 9 37 35 22 17 24 32 6 36 34 24 16 28 30
0 47 36 27 33 38 41 19 32 38 31 41 19 29 14 22 28 27 20 11 22 32 44 6 26 26 40 23 33 20 23 39 28 16 14 36 29 39 0 9 45 12 29 21 44 42 8 17 9 24 41 44 19 3 24 23 26 17 21 21 8 39 28 7 18 20 30 15 14 15 26 8 14 26 41 21 17 34 11 39 12 39 42 9 47 16 32 43 41 23 29 14 27 42 15 33 35 29 17 33 36
0 37 9 32 29 16 26 21 19 16 27 31 19 18 25 13 45 24 37 24 23 16 24 27 10 14 31 31 24 10 29 8 33 38 18 23 22 24 15 0 9 30 35 25 14 19 18 39 27 16 28 18 27 30 24 42 24 31 44 19 16 35 43 17 37 14 18 33 30 29 39 22 31 29 24 35 19 6 9 27 7 7 22 13 45 31 5 28 10 45 25 38 38 21 25 14 25 29 30 23 7
0 7 24 22 21 19 24 16 11 19 13 32 9 4 38 25 30 23 2 33 13 20 33 21 14 26 31 35 43 8 16 23 31 25 22 19 26 41 32 24 0 25 31 27 10 40 26 18 29 28 18 24 30 24 32 27 32 12 27 36 34 25 42 25 33 4 21 31 31 17 26 15 26 27 25 34 35 29 27 26 23 34 34 19 24 31 8 15 42 37 45 43 30 18 31 21 40 24 43 30 38
0 16 32 21 30 24 14 7 25 28 18 10 6 33 46 16 11 34 8 10 37 21 0 32 38 41 4 32 41 31 43 40 17 6 13 0 22 31 38 39 37 0 27 23 33 32 24 15 19 31 25 20 18 27 12 41 22 27 31 44 44 36 37 30 31 20 27 28 15 9 16 28 13 29 23 15 34 33 17 22 18 17 14 26 3 30 19 29 34 24 26 45 36 37 36 5 7 15 2 20 24
0 12 22 30 30 37 10 25 12 41 19 17 29 33 19 38 29 26 31 22 12 35 39 18 37 17 5 24 40 23 20 23 18 17 28 32 18 29 27 23 18 21 0 11 34 31 21 22 44 34 29 3 6 10 28 42 16 20 23 19 37 24 31 20 17 14 27 16 9 37 23 29 33 38 15 34 8 28 21 13 35 38 11 44 5 10 17 12 25 12 16 13 16 22 33 35 29 38 21 32 35
0 45 10 38 19 17 24 43 31 35 28 26 39 40 18 11 36 22 5 25 26 45 29 22 16 12 44 20 25 18 30 38 2 14 20 20 13 17 16 5 11 8 20 0 18 14 22 15 24 32 22 33 24 16 33 42 24 28 29 36 31 6 30 24 41 10 45 12 30 15 16 44 32 26 21 30 38 33 16 16 22 6 27 8 37 38 22 22 36 20 27 30 24 15 32 6 11 31 45 42 27
0 33 20 18 32 2 29 26 17 21 41 41 20 12 6 21 46 39 27 25 18 37 26 25 34 32 28 25 5 15 12 22 41 37 8 39 20 46 31 20 29 18 17 38 0 22 15 8 45 28 33 39 11 10 35 12 40 14 39 16 17 12 39 6 19 18 11 24 7 22 24 8 17 31 17 32 15 27 20 38 30 10 24 2 40 15 31 9 35 28 10 42 35 13 10 40 40 18 13 15 46
0 16 26 14 25 29 32 5 17 24 31 8 35 16 8 8 16 41 10 26 14 28 31 47 15 35 29 32 13 12 25 28 26 39 35 28 35 12 12 21 41 32 32 20 39 0 21 11 28 17 17 16 18 34 23 0 40 25 2 10 17 24 34 17 23 19 10 15 29 14 32 25 31 11 4 29 17 40 21 11 32 19 28 15 41 11 25 32 10 22 18 21 23 16 17 9 12 35 4 31 33
0 8 9 26 26 36 36 19 31 46 21 37 25 18 37 22 36 6 22 35 16 35 34 37 16 33 2 35 24 26 22 38 29 22 17 7 36 5 28 13 24 20 25 30 19 20 0 20 25 21 29 25 17 34 18 14 25 37 23 43 26 26 43 24 42 6 29 18 7 8 4 39 20 13 22 6 28 13 10 35 17 23 25 23 42 12 20 10 32 13 15 18 2 20 29 19 40 20 38 25 44
0 32 16 10 23 39 25 38 4 41 32 34 13 34 35 13 21 31 7 33 17 28 31 8 27 24 38 4 34 28 24 34 24 29 5 21 21 21 10 16 25 19 31 27 25 34 4 0 45 37 25 35 16 22 1 11 13 28 22 23 32 30 27 13 27 33 14 24 19 15 4 31 29 11 34 24 7 13 22 4 17 20 24 16 33 39 21 17 12 29 34 6 23 26 32 8 19 20 15 27 28
0 13 23 18 23 32 17 30 17 9 13 19 23 18 21 17 9 22 43 41 34 24 29 28 29 35 18 13 13 45 43 26 20 33 35 37 5 29 23 2 29 19 10 17 39 14 35 21 0 13 26 20 35 24 33 37 24 6 38 22 29 41 20 30 18 38 27 21 13 10 35 35 25 22 20 39 42 31 25 28 21 32 20 29 23 28 32 5 17 40 16 18 27 44 3 29 32 23 42 23 14
0 47 38 26 39 47 23 34 26 19 22 14 6 44 38 14 27 27 13 25 24 28 12 32 29 20 30 42 18 39 22 19 20 28 32 41 38 23 16 22 38 13 24 22 15 23 14 20 31 0 14 25 20 1 43 47 28 17 7 25 15 26 34 16 45 18 35 26 19 14 17 39 33 22 21 28 6 28 24 18 40 30 38 22 15 30 17 21 16 40 27 10 40 13 21 25 11 10 22 37 33
0 9 11 10 31 9 15 16 21 19 39 28 22 28 19 21 32 2 34 11 25 31 28 20 20 34 43 11 28 35 15 16 30 28 28 47 15 38 0 45 2 35 7 17 12 13 7 18 32 17 0 18 17 11 19 8 7 14 26 21 14 31 21 23 7 40 23 29 22 31 9 37 21 28 22 13 12 24 25 33 40 29 7 27 25 39 0 26 12 12 26 36 38 28 30 20 33 12 16 40 37
0 27 22 25 44 27 32 29 18 38 28 16 34 28 32 30 33 7 20 34 22 3 10 17 15 34 12 16 28 31 9 26 32 46 7 43 38 45 12 12 13 25 22 8 7 39 32 23 13 25 21 0 33 7 25 26 42 21 20 24 32 36 37 40 23 6 5 24 32 20 13 18 22 40 29 24 10 30 5 29 25 26 35 18 24 36 24 30 34 10 25 21 28 30 34 38 10 27 29 40 39
0 8 12 11 34 13 37 16 21 28 39 19 5 12 27 20 44 20 5 29 39 27 25 24 33 32 13 10 40 24 21 10 9 7 32 38 40 15 25 21 16 19 20 25 21 27 32 6 25 17 32 14 0 17 20 33 31 27 17 19 16 1 22 25 11 30 12 15 27 15 26 24 18 13 25 39 20 44 26 11 32 25 29 42 23 31 30 21 37 23 27 25 4 40 22 31 20 17 44 43 27
0 46 16 2 33 19 43 26 34 16 26 25 9 26 16 36 4 20 20 27 29 24 40 23 22 16 28 12 28 21 18 6 21 14 29 11 31 43 21 23 27 29 29 25 33 45 25 23 33 13 32 21 31 0 28 26 38 23 35 39 22 32 8 32 15 32 10 23 36 24 42 32 19 20 26 39 27 36 39 44 23 22 9 23 23 28 35 4 19 17 27 27 39 27 37 36 24 39 29 28 1
0 40 36 25 10 18 20 27 4 32 16 33 6 15 27 2 32 25 39 23 20 16 17 19 9 24 32 15 26 18 44 18 39 34 1 9 29 27 31 42 10 35 10 36 29 21 16 25 22 12 28 41 31 6 0 21 21 39 28 28 7 28 22 17 28 24 37 31 30 24 17 4 41 32 8 13 21 40 33 33 24 35 38 16 4 23 40 21 25 13 23 12 41 11 18 30 22 19 15 33 30
0 16 22 46 20 32 19 30 36 20 27 15 36 10 43 38 16 32 37 20 40 10 30 24 9 42 25 9 14 11 41 29 37 31 30 30 1 21 25 40 45 33 23 22 21 21 21 24 35 34 27 25 29 28 20 0 45 28 21 25 42 30 27 22 24 27 10 34 22 43 4 6 22 19 25 27 12 27 6 41 9 28 23 32 14 24 23 13 33 33 22 9 23 26 12 14 21 29 15 2 24
0 47 25 41 23 24 11 28 15 25 15 34 42 29 23 18 23 16 36 39 33 24 37 21 28 14 27 8 35 8 3 32 28 10 26 11 25 20 36 14 10 31 24 9 37 27 26 19 37 9 2 17 31 15 37 20 0 25 25 20 24 14 2 41 25 26 17 15 29 23 21 15 18 10 32 25 20 17 7 26 25 21 16 12 30 31 40 34 16 17 11 7 18 16 26 34 39 9 14 41 36
0 23 18 20 34 2 32 38 17 41 21 11 13 39 26 21 39 17 24 36 20 16 35 20 16 39 31 22 26 16 40 28 7 27 14 3 5 17 25 23 38 33 20 1 44 29 27 33 19 31 9 34 28 42 11 32 25 0 26 13 31 28 41 1 18 18 26 35 18 23 32 39 13 24 43 25 25 46 11 25 4 3 23 16 7 11 6 26 26 21 23 38 11 31 12 25 20 17 11 8 28
0 19 29 16 9 33 27 25 20 43 21 10 27 15 24 34 35 29 22 22 18 43 13 23 21 30 16 15 17 10 21 30 27 27 31 11 44 22 14 39 26 27 12 25 34 18 5 27 37 13 35 26 8 16 22 6 40 5 0 36 22 34 7 19 23 33 19 4 9 42 21 23 42 20 39 18 21 12 35 29 20 29 30 12 24 21 28 44 10 24 12 41 26 17 17 32 29 18 29 29 33
0 25 30 31 7 23 0 3 22 25 17 30 42 3 16 19 15 23 19 26 15 27 13 13 11 37 0 40 19 26 22 29 14 32 14 33 36 25 35 16 34 44 8 20 8 20 23 47 19 41 1 10 23 30 20 19 38 8 10 0 17 25 22 26 42 39 36 16 32 24 13 12 13 28 16 34 2 9 10 38 32 22 14 40 11 6 46 9 14 27 33 39 13 18 39 31 27 14 16 20 16
0 26 31 19 16 32 11 20 15 29 29 16 12 16 21 12 39 10 35 24 19 37 29 20 31 16 12 33 17 47 19 34 13 9 28 19 31 26 39 35 28 26 15 0 17 11 29 27 26 32 17 12 42 36 26 18 27 25 31 25 0 30 16 27 32 4 16 22 29 11 6 27 11 18 12 21 16 27 17 14 27 35 29 22 19 25 32 34 28 1 11 22 16 39 27 21 36 15 21 16 17
0 30 34 28 29 11 16 26 35 32 18 27 26 23 30 15 31 28 32 7 17 16 5 32 25 18 35 37 14 10 29 43 5 25 37 10 34 38 34 19 36 9 40 24 39 3 37 22 14 25 13 39 11 26 3 31 44 12 43 30 25 0 41 14 36 28 7 19 21 22 22 32 26 39 25 22 1 7 34 41 31 27 11 35 29 24 39 22 23 30 10 37 23 25 25 22 38 38 32 26 21
0 17 26 19 33 22 34 31 8 17 23 28 4 29 33 25 40 12 38 23 6 17 28 40 21 37 26 15 25 24 8 28 33 25 19 31 19 39 42 19 29 46 28 9 36 33 36 8 20 41 24 27 3 19 41 29 42 3 25 24 19 34 0 7 28 25 4 28 34 9 9 7 10 11 26 12 8 34 25 35 17 25 18 16 20 34 14 25 21 36 13 43 15 20 20 33 10 30 12 17 22
0 5 32 31 26 0 16 28 12 47 25 36 15 16 2 9 16 21 45 21 13 13 9 24 16 11 11 34 40 19 20 10 24 33 18 15 30 10 34 20 36 40 36 40 14 34 22 45 46 5 29 7 9 29 27 35 10 6 15 23 43 10 15 0 12 39 29 24 25 29 28 20 35 33 35 24 13 24 16 12 30 20 31 28 42 44 9 19 21 23 14 38 27 37 19 11 6 41 11 30 21
0 35 28 12 31 35 9 17 21 25 19 47 19 40 23 8 17 39 19 43 41 21 20 9 15 30 14 8 37 33 29 18 22 22 9 38 24 23 22 14 43 24 20 46 11 36 21 30 31 14 30 32 32 15 25 23 13 30 15 29 24 7 44 29 0 7 22 38 5 11 21 30 14 10 17 24 30 41 22 31 24 22 6 23 34 29 33 20 20 18 27 7 24 29 19 1 27 22 20 5 24
0 26 20 43 23 40 35 37 27 22 21 20 41 32 27 44 1 36 28 16 10 25 19 12 18 35 34 34 11 27 9 19 29 29 27 43 40 6 29 19 33 13 16 10 9 41 3 13 18 22 30 22 34 12 16 31 28 17 31 21 16 32 35 22 11 0 30 32 19 29 3 35 24 30 23 32 30 15 19 29 37 42 32 22 36 38 14 37 26 13 34 35 29 40 4 28 42 20 36 34 16
0 47 32 8 42 8 38 26 40 11 31 15 23 5 37 14 25 37 32 15 23 22 24 25 8 20 30 28 23 6 30 26 46 30 23 21 31 45 12 25 24 8 11 15 11 35 26 29 31 30 7 23 37 32 26 20 9 31 20 41 30 14 24 29 24 20 0 29 24 14 43 36 23 11 11 22 24 31 11 32 20 39 42 43 18 42 30 33 17 22 31 31 14 8 14 42 27 22 18 35 20
0 29 24 23 42 20 17 15 43 20 18 23 13 23 22 14 39 19 18 19 42 33 23 29 10 33 25 28 6 12 15 8 11 12 34 42 31 18 1 26 14 25 3 34 8 25 24 31 29 45 36 23 9 23 24 16 15 32 24 17 34 33 23 16 25 22 18 0 15 20 24 35 29 12 16 34 39 28 42 20 40 33 20 11 14 15 16 24 20 5 35 23 19 2 17 34 5 43 33 32 35
0 26 9 26 10 24 27 8 28 33 28 24 32 39 33 18 26 20 42 20 13 26 11 9 16 5 21 31 25 4 38 32 12 3 29 33 21 29 13 28 23 28 33 38 39 14 12 33 22 19 18 1 26 10 28 32 25 31 20 41 30 38 22 9 18 20 29 34 0 32 14 8 44 42 21 13 27 46 25 12 18 43 40 32 31 33 35 32 18 38 14 47 13 30 37 41 3 14 21 46 31
0 30 15 40 21 37 7 10 10 10 33 27 39 6 9 9 28 18 34 17 30 29 47 35 29 9 31 5 3 32 35 27 9 19 11 32 19 42 30 37 18 5 35 26 32 4 23 20 33 40 21 6 37 26 22 34 37 32 22 13 13 29 28 24 30 36 42 33 22 0 18 18 35 19 42 30 22 22 7 24 7 41 37 32 19 29 28 35 23 20 14 23 15 31 26 26 24 22 36 24 25
0 27 16 27 26 25 41 17 34 11 41 17 21 22 11 16 28 34 27 19 7 14 34 35 18 32 17 30 16 16 21 26 26 38 12 19 21 29 32 22 29 31 27 17 27 24 12 1 13 24 14 39 19 36 10 26 21 25 4 18 33 24 0 38 29 23 27 27 35 33 0 38 18 30 24 26 36 30 3 26 20 31 17 43 26 28 18 11 11 19 8 12 26 5 15 15 26 32 28 4 7
0 42 39 31 35 13 25 41 7 8 32 23 41 39 23 34 23 32 6 26 34 41 10 32 38 37 19 29 12 15 42 31 46 27 22 8 40 33 15 12 16 16 21 21 20 40 17 18 8 19 28 35 35 19 32 24 24 38 18 17 23 23 11 23 36 16 19 19 40 38 33 0 20 25 47 26 32 12 13 27 25 10 24 39 32 16 21 23 15 38 21 19 6 37 1 12 37 17 35 26 26
0 17 23 20 26 19 19 34 15 4 13 4 17 15 29 26 23 5 23 19 19 18 20 34 9 15 16 19 40 37 16 16 22 30 14 12 23 22 42 9 29 34 12 19 18 25 21 37 19 20 39 21 16 23 25 41 28 30 38 10 9 19 32 33 4 2 28 9 18 26 13 27 0 23 34 22 19 24 19 34 35 9 32 22 31 21 20 30 35 28 19 13 13 37 32 36 24 38 13 17 6
0 38 15 2 29 15 14 44 17 18 19 28 19 21 26 15 36 4 9 22 46 25 32 40 1 22 13 33 16 9 40 12 13 28 16 22 20 25 22 14 10 9 34 0 28 37 38 36 20 19 18 21 33 21 24 14 1 31 30 16 15 20 1 36 36 12 10 23 4 24 37 9 47 0 35 14 18 19 26 36 37 26 21 24 45 23 26 22 27 27 44 37 22 6 19 23 33 30 27 32 23
0 6 38 2 42 31 20 4 16 42 35 25 31 21 8 36 20 43 28 46 44 35 26 21 23 41 1 11 28 32 41 20 30 34 9 27 21 18 21 23 21 18 17 40 17 25 9 8 15 22 2 7 8 24 46 15 36 41 46 11 25 13 24 28 14 37 13 22 24 7 38 8 31 35 0 8 5 36 18 36 20 41 31 19 16 28 26 32 13 14 14 25 30 37 28 37 46 30 7 37 29
0 25 27 7 26 24 16 31 14 20 11 2 5 38 41 25 44 29 16 14 37 29 31 9 20 18 38 21 24 35 45 24 25 34 22 11 30 21 39 30 20 10 20 36 13 25 45 39 12 19 35 37 11 19 6 22 25 36 18 22 10 3 20 23 18 16 11 12 20 47 27 24 14 13 22 0 33 32 32 30 28 2 34 22 40 22 17 36 40 10 35 10 26 8 11 22 36 23 23 29 28
0 19 39 30 30 28 23 24 38 25 26 27 32 12 18 24 31 45 16 21 39 28 26 31 17 28 4 29 17 27 26 42 15 18 27 28 11 5 1 17 18 14 16 33 21 15 40 40 22 12 17 9 30 29 28 23 15 28 18 30 17 28 15 27 29 36 29 44 11 9 32 14 34 19 22 13 0 27 5 10 20 43 32 31 45 16 32 21 8 23 32 27 38 16 15 26 16 29 34 29 15
0 35 27 22 6 17 14 8 20 4 32 27 24 2 41 31 34 29 16 32 28 5 18 23 31 30 45 21 24 21 19 37 18 35 33 24 24 10 32 27 43 28 13 34 4 13 20 6 9 38 32 17 36 40 10 23 43 26 42 32 11 17 27 15 16 30 35 40 19 28 23 23 24 24 25 37 29 0 21 10 25 33 41 28 18 35 24 4 30 24 9 12 12 28 33 29 25 23 22 8 43
0 37 16 47 18 2 33 28 32 34 18 15 40 3 29 11 28 33 40 28 33 24 41 41 17 17 16 8 42 32 16 11 19 5 9 12 33 43 33 7 21 10 27 13 28 38 28 20 19 21 36 21 17 18 7 0 26 3 46 30 15 18 4 27 27 12 40 37 36 25 38 28 14 32 17 26 10 5 0 22 42 16 27 20 13 0 10 33 25 21 40 31 38 42 17 32 3 26 18 25 5
0 21 31 8 36 27 20 19 5 22 34 20 29 10 22 8 33 21 10 22 20 29 39 26 17 21 14 30 27 30 5 15 3 20 9 20 30 32 27 22 36 7 35 27 7 38 31 35 20 32 15 35 11 30 31 23 14 25 30 16 20 22 40 23 18 32 16 37 32 40 45 13 31 13 20 3 15 18 22 0 16 5 46 17 33 41 26 38 17 36 11 8 31 7 14 26 14 10 25 18 22
0 18 29 29 33 22 36 28 20 7 25 41 15 13 7 6 11 0 41 16 23 35 11 13 23 26 39 26 30 12 30 26 8 11 23 5 18 3 24 18 17 37 43 10 17 25 32 7 8 1 29 19 12 6 1 10 18 23 42 45 37 3 32 17 32 30 33 6 2 12 4 44 26 30 45 1 41 11 27 28 0 23 27 2 21 27 34 26 31 29 32 20 27 34 17 18 15 34 15 22 33
0 19 6 20 10 25 26 27 16 32 11 29 6 9 11 0 32 35 7 30 47 27 19 32 26 8 37 20 33 4 10 24 21 38 26 19 12 9 15 17 36 19 35 25 29 29 10 6 28 6 30 27 37 26 6 38 5 30 37 38 11 24 25 7 32 26 36 39 19 19 15 33 34 44 16 22 16 14 47 40 25 0 33 23 23 36 18 21 34 21 20 29 17 27 8 33 25 27 33 18 20
0 3 15 13 15 5 9 14 7 36 39 28 26 35 26 34 39 37 37 23 17 37 24 17 28 21 16 7 36 34 25 13 34 17 35 19 15 25 14 28 40 34 21 28 27 23 16 18 32 10 36 8 0 19 34 13 22 16 23 21 21 24 15 22 21 35 8 42 14 24 17 16 29 16 33 8 44 6 33 31 22 10 0 22 33 8 4 37 12 41 21 21 32 40 35 17 15 22 23 16 9
0 33 31 35 30 15 13 27 9 11 13 38 26 29 37 39 21 17 31 40 30 29 31 32 32 23 34 13 27 38 28 16 28 36 27 37 15 32 21 22 9 8 41 39 27 37 28 16 37 21 22 14 17 20 32 36 16 14 7 35 12 31 25 25 5 17 36 40 31 36 17 27 27 16 29 24 25 11 12 24 4 13 41 0 18 40 13 10 30 26 28 42 17 11 37 30 17 24 10 34 29
0 32 7 31 23 25 25 23 23 5 15 34 35 11 24 35 14 20 12 18 41 19 19 38 25 30 41 8 15 18 24 10 9 23 21 43 17 43 23 38 17 25 25 11 13 43 25 26 33 30 3 33 9 23 11 34 29 12 17 24 37 20 29 38 5 20 30 34 13 19 31 30 43 13 44 31 42 29 3 40 17 21 36 38 0 36 35 25 31 32 25 30 39 21 15 16 16 7 14 24 39
0 44 30 43 38 32 8 11 8 19 23 18 30 41 38 25 36 20 24 39 35 20 29 28 19 27 4 24 32 35 38 12 36 23 28 13 26 27 16 16 7 41 2 0 25 18 24 16 25 7 16 16 12 30 19 43 27 46 6 23 22 33 27 17 17 25 9 18 17 42 37 28 42 22 25 40 18 32 22 38 12 16 36 23 17 0 46 24 23 18 25 46 13 17 36 6 37 34 27 32 13
0 27 34 16 22 23 34 20 22 32 20 26 30 16 30 6 44 9 23 17 13 42 31 45 9 41 19 31 9 8 20 33 34 31 24 0 46 21 25 14 14 26 28 23 17 8 12 7 28 29 34 35 21 28 9 15 19 39 12 20 24 11 21 20 27 4 20 21 37 16 15 24 33 5 19 37 35 26 13 19 19 21 24 35 14 31 0 19 40 26 19 17 30 20 27 40 15 28 20 28 41
0 37 19 5 28 25 30 20 20 21 6 21 15 31 7 29 13 22 17 33 15 27 10 20 28 25 3 28 11 39 44 16 20 12 28 16 27 24 30 21 35 12 4 6 40 14 34 28 41 21 15 30 13 26 6 27 21 22 31 34 28 20 19 27 27 29 13 16 28 15 7 35 6 31 24 23 24 24 22 20 31 10 30 12 27 29 18 0 20 12 25 37 32 30 28 39 24 20 14 36 25
0 35 28 27 24 13 26 20 31 6 2 39 43 12 17 26 29 20 5 9 15 26 34 20 23 19 42 25 32 24 39 21 12 28 32 36 13 39 26 23 32 15 29 33 25 22 10 18 34 32 17 17 26 19 27 20 34 34 23 30 13 14 14 6 36 28 15 15 11 22 19 19 11 16 40 30 27 9 40 8 10 5 12 12 40 30 2 23 0 47 25 28 1 40 39 21 39 20 27 23 11
0 32 24 32 28 27 36 31 34 39 19 22 32 19 25 14 15 9 18 20 13 17 15 19 41 38 29 33 47 33 18 34 30 38 27 39 30 29 19 22 32 18 18 31 13 43 20 28 29 29 27 29 40 25 17 9 28 25 25 9 11 32 38 38 21 13 23 30 41 11 29 7 44 25 42 44 29 40 20 18 18 47 36 16 17 16 23 9 11 0 38 45 30 14 37 39 11 16 21 16 10
0 31 31 29 33 15 20 36 40 26 13 11 27 32 37 23 40 26 31 37 34 22 36 18 10 35 14 9 20 24 13 24 37 17 36 16 15 22 17 31 5 22 17 25 39 32 21 36 5 26 22 38 24 20 16 32 27 22 25 39 7 12 26 42 26 34 20 32 30 17 17 16 29 25 22 17 25 24 14 20 38 4 27 33 11 16 24 24 28 32 0 24 27 7 40 31 1 20 36 17 14
0 32 46 23 36 19 31 11 12 28 18 28 30 38 28 4 29 47 33 7 13 27 31 35 19 26 2 22 17 30 15 25 12 40 31 32 28 31 16 45 34 40 35 32 8 23 18 15 27 23 29 44 25 26 33 35 27 26 4 13 41 20 24 34 18 16 29 16 18 41 19 15 20 28 20 16 29 35 22 33 19 15 26 39 37 39 18 16 30 30 30 0 18 40 16 35 39 30 27 33 42
0 42 32 35 6 10 30 30 32 14 1 4 34 31 38 25 23 27 11 25 27 25 30 12 9 2 18 17 23 25 37 27 7 38 18 29 7 24 19 28 29 24 7 2 31 23 20 47 24 36 42 28 10 43 23 32 32 22 34 19 33 30 15 19 23 31 34 28 40 9 31 13 13 9 33 23 33 11 11 26 38 15 17 31 4 39 15 29 26 30 16 9 0 39 25 21 4 16 13 26 17
0 43 26 34 28 31 32 23 23 27 32 18 36 15 14 8 37 20 24 34 33 15 12 37 3 44 22 9 27 4 19 21 23 24 27 31 8 36 25 9 20 32 10 23 27 18 9 14 17 39 12 34 13 9 14 22 29 6 31 24 40 10 22 21 10 13 10 25 25 38 21 19 28 42 9 27 19 15 22 28 10 10 28 20 41 23 32 4 26 36 41 13 2 0 30 1 21 21 31 24 6
0 38 8 2 33 23 35 24 33 13 7 31 13 33 18 10 40 20 15 24 27 46 10 43 33 23 12 20 30 30 12 22 37 41 33 37 22 37 36 47 41 36 11 30 15 26 22 28 7 11 28 28 23 41 23 28 12 22 31 24 37 17 19 40 12 29 38 14 34 29 32 21 35 14 31 6 24 12 4 24 20 1 26 8 18 1 18 2 15 25 32 21 9 27 0 13 24 26 37 32 23
0 33 19 21 20 29 15 11 12 13 37 27 21 27 16 36 21 21 34 34 28 4 12 28 21 28 17 19 30 39 27 15 27 19 31 27 7 29 23 14 32 15 14 16 17 12 18 26 19 39 9 21 21 25 24 30 30 4 30 21 11 34 29 30 41 29 35 18 24 18 6 27 25 27 36 47 32 32 13 8 17 43 19 22 15 25 39 19 16 43 20 20 18 11 10 0 20 17 27 33 37
0 10 14 13 22 16 9 34 11 37 45 26 1 32 21 14 24 20 21 20 23 29 5 38 13 28 23 36 24 18 15 22 33 38 25 34 13 2 26 27 25 27 20 24 4 10 31 35 10 6 13 34 28 34 17 25 11 16 38 31 32 15 28 23 21 13 35 23 44 33 7 28 28 30 21 31 13 43 14 34 24 35 24 14 6 36 38 22 31 32 21 11 16 29 36 37 0 34 19 27 24
0 15 34 30 2 2 17 30 27 34 21 24 20 10 9 17 27 30 24 18 23 16 29 30 44 28 41 35 42 23 16 7 27 40 11 21 43 13 3 29 22 29 40 25 34 40 30 15 28 26 30 16 20 27 42 21 24 33 22 17 41 16 37 26 36 28 26 20 29 36 19 39 5 40 33 7 17 27 33 34 24 11 36 11 7 23 15 35 12 7 11 21 26 26 42 29 30 0 23 18 30
0 7 18 29 14 26 23 24 1 8 27 26 13 7 17 41 20 30 20 14 46 25 14 11 21 23 42 27 22 10 20 42 31 39 13 23 33 47 17 22 19 17 13 25 36 6 21 22 21 34 24 26 15 7 25 30 33 47 24 26 22 10 34 45 16 11 30 31 27 18 34 14 10 37 38 41 27 12 22 2 19 28 36 17 2 4 14 30 19 16 18 35 22 30 13 39 6 44 0 15 28
0 31 4 23 19 20 27 27 24 18 18 12 21 35 32 46 21 31 12 21 21 34 47 30 22 17 19 22 26 17 17 19 31 4 21 37 26 22 24 17 16 37 20 32 12 23 29 33 17 26 19 25 21 21 9 28 10 38 22 25 12 18 7 17 22 9 7 33 20 21 33 27 29 29 38 32 3 29 18 29 21 22 32 20 11 17 35 13 11 7 31 17 31 30 21 18 23 46 13 0 27
0 22 32 47 16 20 15 9 34 24 29 11 18 15 24 10 26 13 9 21 21 21 14 23 13 14 35 10 28 20 39 34 13 39 34 28 4 18 17 19 6 9 17 16 15 19 10 31 21 23 33 15 30 6 9 13 17 20 6 34 16 7 27 38 20 21 14 24 19 14 37 28 25 8 8 29 36 15 28 20 31 26 25 22 13 29 47 32 40 20 26 42 13 26 21 42 21 1 20 26 0
