100 2
3 1065 5 7
3 2018 3 6
10 1828 7 9
7 1226 2 6
13 1143 3 10
13 1644 6 10
11 773 7 8
13 1921 2 7
22 971 3 10
16 2312 2 7
5 1270 6 2
21 1598 2 8
27 1811 2 10
20 815 9 7
18 731 4 6
23 1784 8 7
27 2306 8 8
22 2375 10 6
15 1423 8 4
38 684 1 10
24 2578 4 6
25 2229 6 6
22 625 7 5
45 621 7 10
32 2571 4 7
46 2466 5 10
20 1765 6 4
17 1489 8 3
23 1985 9 4
54 1109 6 9
38 2238 3 6
38 590 3 6
38 535 1 6
32 1074 9 5
53 2064 6 8
50 1349 5 7
36 1624 7 5
22 1322 3 3
69 2072 6 9
31 2055 9 4
16 2515 6 2
24 1831 1 3
65 987 10 8
82 2311 7 10
74 1680 1 9
26 1607 5 3
44 2334 7 5
71 1153 8 8
66 882 4 7
85 1896 4 9
85 1097 1 9
62 2056 9 6
21 551 1 2
54 1024 7 5
55 2405 5 5
91 887 4 8
91 2345 3 8
96 2422 2 8
85 1655 3 7
73 2588 1 6
73 667 10 6
73 940 7 6
87 1367 5 7
79 2196 2 6
82 1705 8 6
42 1708 1 3
64 1690 6 4
16 2300 4 1
97 607 5 6
51 896 2 3
90 974 2 5
73 611 2 4
55 2222 4 3
95 2081 4 5
57 1976 1 3
19 2031 5 1
96 1074 8 5
99 1984 7 5
84 735 2 4
84 2604 2 4
93 1703 10 4
78 649 4 3
85 2528 10 3
87 710 10 3
59 750 2 2
92 2279 7 3
37 952 6 1
40 765 4 1
44 674 10 1
89 749 10 2
48 1243 6 1
97 744 9 2
98 1713 7 2
99 1145 1 2
57 2301 10 1
63 1336 4 1
74 2170 1 1
83 1755 6 1
88 1347 7 1
91 1146 5 1
SETUP
0 21 35 26 22 19 26 32 8 21 40 23 21 20 5 39 13 16 23 45 7 22 48 30 4 10 37 39 30 14 28 23 24 24 19 34 9 43 11 29 15 10 48 24 51 8 25 13 36 28 42 32 11 21 29 31 28 29 22 24 25 26 35 23 7 46 24 9 39 32 22 21 23 30 29 27 14 37 37 25 42 35 32 15 17 36 20 22 26 7 23 14 30 19 21 40 14 13 32 31 13
0 0 33 36 12 33 37 18 4 17 25 47 1 44 43 9 14 43 18 36 21 14 7 27 24 43 22 9 16 0 17 27 31 13 36 24 43 30 11 18 12 33 14 38 35 35 37 32 22 27 17 22 30 7 18 36 33 42 40 32 29 40 23 28 49 32 8 33 22 31 41 25 1 22 33 33 21 21 46 19 24 26 31 19 12 21 15 10 28 34 50 19 18 33 9 45 30 17 17 10 33
0 27 0 22 21 13 21 47 10 36 14 19 24 32 26 26 9 21 22 35 43 13 33 32 34 2 18 45 28 24 26 24 27 37 34 10 9 25 26 17 17 38 27 41 30 28 46 44 20 17 43 16 52 46 21 27 14 26 40 20 25 20 30 17 33 31 22 23 40 18 25 20 38 12 43 45 11 37 25 46 38 34 32 25 25 13 20 32 34 27 29 35 5 51 12 20 11 19 9 35 42
0 22 20 0 24 27 37 22 28 29 33 19 25 23 21 38 36 10 27 40 37 28 27 25 41 42 15 47 11 34 37 39 37 16 31 7 11 20 25 11 30 4 32 31 36 13 35 12 22 28 15 50 25 39 18 44 23 41 46 11 26 31 16 24 11 27 25 17 31 26 25 41 45 49 30 24 39 44 11 22 33 14 39 23 14 35 32 40 23 26 12 31 24 33 26 36 39 32 39 37 37
0 45 49 30 0 35 28 35 32 31 33 13 33 21 37 29 33 8 18 11 31 33 20 29 37 28 4 39 29 44 14 28 12 24 12 38 16 37 22 36 14 19 27 25 37 24 42 21 32 28 10 18 33 12 7 33 12 23 13 16 38 37 36 23 27 38 28 36 18 27 8 27 33 43 30 37 23 33 28 26 22 21 40 28 37 27 50 35 37 26 37 26 28 32 23 26 48 35 18 15 41
0 7 21 36 36 0 25 12 22 28 15 15 15 8 29 20 20 19 17 19 15 11 0 42 10 8 10 25 32 24 35 32 42 23 32 17 31 45 12 19 41 34 38 37 1 34 27 42 40 23 19 27 19 9 17 48 16 16 34 7 33 41 13 10 34 29 20 24 3 45 22 20 27 26 22 26 21 13 19 27 30 12 37 29 13 21 30 41 10 26 39 5 21 43 19 37 33 30 33 24 22
0 16 33 27 22 39 0 39 10 22 25 19 38 22 17 19 3 27 22 5 34 27 26 18 26 30 20 16 22 46 14 23 28 19 23 40 32 14 21 14 12 18 15 13 51 41 41 42 24 29 29 10 36 19 26 43 30 29 7 28 31 4 42 29 43 17 2 33 30 13 30 23 8 38 32 39 50 13 28 28 47 28 23 44 52 30 25 18 9 31 43 28 27 30 37 22 27 30 28 24 15
0 39 22 29 52 32 8 0 31 18 2 12 18 41 35 31 25 11 17 30 25 33 31 23 22 36 40 24 41 37 42 26 16 7 14 39 25 38 23 24 7 30 31 39 38 31 34 25 25 24 23 17 29 32 33 23 25 5 31 9 42 16 17 37 42 32 27 32 35 28 22 23 14 19 31 14 18 27 8 45 32 14 23 19 10 41 13 10 18 22 40 51 23 42 34 48 14 22 29 29 29
0 12 21 15 30 10 27 14 0 34 29 21 36 28 29 51 14 41 22 32 28 29 41 18 36 24 23 41 16 43 48 25 28 15 28 45 32 30 18 27 26 24 25 13 21 34 37 19 28 9 25 36 25 40 38 18 11 40 20 36 39 4 28 17 12 42 30 19 33 52 14 47 30 45 12 26 34 32 32 39 13 11 20 31 37 7 23 19 19 33 3 41 52 14 46 23 13 21 43 40 1
0 20 7 37 28 4 37 41 29 0 19 4 33 24 15 34 35 20 21 12 23 38 15 33 27 37 51 25 38 28 19 33 17 31 36 25 26 24 21 38 36 25 29 9 42 26 7 24 14 19 32 26 26 24 16 0 23 18 20 33 32 34 36 36 49 16 50 14 32 18 12 28 29 12 32 22 38 22 33 36 4 48 41 34 26 43 9 27 51 44 13 27 44 37 46 3 40 36 18 25 34
0 7 33 37 49 28 29 19 24 22 0 26 13 31 16 19 46 5 20 36 32 24 15 28 36 5 14 32 38 32 39 33 23 14 16 46 3 31 15 23 30 5 25 34 32 21 50 40 44 3 44 24 52 16 25 37 48 16 19 44 18 9 25 23 23 11 26 8 26 23 42 20 18 36 33 25 1 29 34 23 29 27 41 30 6 26 12 35 26 25 26 17 14 43 34 9 21 21 29 22 43
0 7 19 34 9 45 26 14 25 2 39 0 28 41 36 19 37 28 27 27 42 15 30 28 21 35 1 19 41 6 41 24 51 7 35 29 30 26 18 41 24 31 25 39 20 29 17 43 17 27 34 18 16 26 42 14 11 11 45 11 23 27 24 9 26 51 4 26 14 19 16 36 18 27 39 32 6 19 41 11 19 37 4 49 27 21 28 27 19 40 19 40 24 27 22 27 44 29 33 14 28
0 40 25 28 11 19 31 50 25 25 10 35 0 12 8 34 3 17 25 41 17 21 22 2 19 17 39 24 7 3 24 43 22 23 13 17 23 25 43 33 9 8 16 39 28 40 20 12 21 31 36 37 8 32 24 23 28 29 48 33 10 21 41 9 10 16 12 29 42 13 38 27 17 21 25 34 34 48 24 19 30 24 18 16 27 44 7 26 25 12 22 42 18 30 9 29 11 26 32 31 17
0 28 36 41 1 21 26 48 28 18 43 21 40 0 27 5 4 31 50 42 13 24 28 25 13 29 47 40 23 25 29 13 4 33 40 26 32 22 42 47 38 42 42 16 45 51 31 21 28 28 24 8 34 43 44 42 40 39 20 24 35 23 28 19 21 16 15 31 17 32 18 35 20 25 15 19 26 26 10 16 36 28 20 26 34 35 39 25 5 23 23 50 34 23 45 28 30 27 22 38 46
0 20 35 11 41 4 27 33 46 22 35 18 43 10 0 17 45 28 33 44 9 33 11 49 24 35 39 19 33 29 36 18 24 25 40 21 26 22 38 6 5 33 24 36 49 8 26 15 26 19 46 12 9 15 33 35 39 39 23 35 24 17 17 48 17 18 30 23 11 15 49 33 27 34 40 19 25 24 45 19 30 19 20 29 20 19 9 41 45 33 20 18 28 22 19 30 6 36 44 38 11
0 39 26 23 2 32 12 27 40 42 41 20 24 28 47 0 27 33 4 36 29 21 19 1 25 15 25 27 29 44 18 24 36 28 39 23 8 19 17 20 40 46 24 19 49 23 18 39 13 17 40 40 26 29 32 26 50 17 19 18 19 27 14 22 14 6 22 18 39 16 31 22 36 27 26 35 21 30 28 26 30 26 40 32 20 15 28 24 23 35 50 15 26 9 31 32 23 7 19 32 34
0 29 36 38 21 4 35 22 42 14 30 23 0 13 47 47 0 34 31 11 19 18 30 14 12 31 19 32 14 20 29 30 32 36 20 6 36 3 11 23 17 26 38 45 37 7 21 36 31 13 17 34 16 38 26 32 34 17 4 37 9 50 22 38 26 18 24 13 22 36 15 15 21 21 30 26 18 23 29 35 5 23 25 18 38 25 9 25 32 33 7 26 37 15 40 20 16 15 37 14 42
0 23 35 23 11 29 38 7 14 37 10 30 52 38 42 27 39 0 24 14 18 0 43 24 22 10 14 12 32 36 39 22 12 23 33 18 46 19 33 35 19 10 37 52 42 36 37 48 21 27 32 40 42 36 28 18 36 15 22 11 23 40 40 23 4 21 15 29 19 28 11 17 19 22 24 10 46 47 28 9 10 25 23 10 31 22 36 26 45 31 45 19 43 14 27 19 31 31 38 1 21
0 29 41 4 36 36 16 33 16 32 34 37 32 29 33 25 30 52 0 29 27 15 43 23 27 23 22 10 50 19 5 28 34 7 9 20 10 2 48 30 51 20 15 15 17 20 30 29 27 19 10 36 19 34 18 13 27 26 21 18 28 14 21 5 29 27 19 17 37 22 20 37 27 21 25 11 43 31 36 36 38 25 38 31 48 41 35 50 42 15 29 17 42 31 22 20 48 34 40 29 15
0 40 23 27 32 30 15 46 38 41 47 15 14 9 42 38 11 38 4 0 39 41 2 27 41 23 11 40 27 4 11 20 32 33 20 20 19 28 39 13 36 16 28 2 26 10 14 41 25 48 29 36 32 33 17 15 6 46 37 29 27 5 42 17 33 37 47 30 19 5 22 20 44 36 40 27 27 23 29 28 26 35 10 18 36 20 30 7 22 37 17 10 31 37 20 2 31 31 34 24 29
0 9 30 25 13 29 23 46 33 32 40 22 5 16 22 46 35 28 11 24 0 14 31 40 18 26 23 40 20 29 38 26 20 21 28 36 33 49 43 22 38 5 43 52 30 42 29 16 31 34 18 40 40 23 45 35 35 23 12 13 14 11 29 36 27 16 36 31 21 34 20 19 11 16 39 26 35 13 20 51 4 24 32 50 26 45 26 17 37 31 25 18 32 22 25 22 37 18 27 12 11
0 21 38 11 28 28 25 23 25 17 16 23 29 43 33 26 24 32 39 31 40 0 8 21 25 16 27 23 32 29 15 21 15 33 33 35 31 18 17 33 25 28 45 35 25 28 24 26 25 40 20 27 29 24 46 19 21 20 24 18 28 26 26 42 21 35 29 36 28 11 13 29 33 34 46 24 17 24 15 39 23 10 11 5 26 25 16 18 9 36 27 45 37 23 20 20 19 20 10 24 0
0 31 1 31 26 18 28 31 33 5 10 25 21 48 8 41 23 41 28 27 25 40 0 9 37 30 47 45 41 21 21 2 24 34 13 24 41 39 27 35 34 13 43 17 44 27 50 49 15 13 23 41 32 44 24 21 39 37 31 29 21 27 27 40 24 9 21 51 7 3 30 18 38 12 11 26 47 20 27 36 12 28 17 3 34 24 46 20 31 23 24 17 30 18 7 23 24 6 42 35 4
0 14 36 2 15 22 42 34 18 49 13 4 45 44 31 25 14 10 42 32 30 18 37 0 12 27 21 20 26 48 41 44 17 15 20 11 26 49 27 43 22 29 36 30 48 19 16 34 39 29 17 17 22 47 18 46 29 12 43 20 24 2 43 47 22 29 39 28 23 4 5 41 39 26 29 6 31 40 24 38 33 43 15 26 39 23 27 29 47 22 25 31 41 34 22 19 28 24 16 30 19
0 25 29 24 38 18 23 18 29 29 34 2 31 24 7 30 24 29 30 31 27 19 50 20 0 35 14 35 1 25 42 21 33 44 36 13 16 16 3 44 29 15 11 29 43 44 38 26 26 26 28 8 25 46 21 5 19 16 27 7 43 23 14 17 24 2 24 25 17 13 7 12 17 12 33 30 30 42 16 19 39 20 25 21 33 41 23 29 11 17 43 13 9 52 38 40 26 12 18 26 4
0 8 13 37 10 22 11 38 49 11 14 22 28 44 28 28 45 35 32 41 32 33 16 34 15 0 5 10 26 30 29 24 25 6 14 6 6 15 34 22 35 32 7 24 33 29 30 14 19 19 17 36 26 45 30 41 9 32 35 35 27 40 41 24 9 34 33 50 26 29 51 40 12 30 35 31 49 27 17 42 20 34 37 30 18 38 5 38 35 26 5 11 26 19 25 42 29 43 1 17 22
0 27 20 50 21 23 2 37 36 33 15 26 30 25 15 34 17 33 27 40 31 6 21 26 31 29 0 29 18 22 17 34 8 28 26 20 32 29 47 18 17 10 34 27 25 49 43 31 31 21 11 18 7 5 2 22 10 30 18 18 30 21 28 33 2 11 31 47 24 31 20 45 18 37 25 32 12 35 35 31 34 27 15 30 11 22 19 18 27 20 42 45 33 35 20 7 20 51 51 21 40
0 49 41 34 47 5 30 2 29 26 39 31 3 24 24 12 21 19 43 37 43 19 28 4 5 40 16 0 22 22 22 31 34 28 45 44 40 26 21 23 46 18 25 19 44 20 19 19 36 43 29 39 14 23 39 19 15 36 38 34 20 13 26 9 18 30 39 18 42 27 29 40 42 42 33 39 30 26 28 47 46 24 24 8 5 24 22 11 27 20 24 23 36 28 16 6 26 30 40 42 22
0 47 31 16 17 39 24 26 28 22 21 21 23 49 45 23 14 38 27 24 28 25 22 30 20 40 19 40 0 21 28 32 50 15 29 25 26 36 19 45 20 43 43 15 33 7 25 30 29 50 19 48 41 15 26 44 12 49 43 29 4 14 18 16 32 34 28 13 15 20 23 36 38 13 21 15 34 30 29 31 14 35 30 41 32 26 20 41 37 50 34 49 13 25 25 8 16 29 47 24 9
0 20 25 15 50 35 9 32 25 15 46 21 10 36 17 36 34 33 11 35 17 43 37 27 22 31 41 39 13 0 24 18 23 14 4 16 31 23 36 18 20 28 7 19 23 5 2 26 28 19 38 33 30 15 29 2 32 32 34 7 17 19 34 35 12 23 29 24 42 8 14 20 27 20 27 14 25 37 42 23 51 42 22 33 13 16 43 47 10 14 51 25 7 22 32 31 24 42 7 19 31
0 20 20 13 46 24 14 7 15 14 34 13 24 20 13 52 7 52 28 1 10 34 33 18 22 19 7 38 29 23 0 32 12 14 25 2 23 20 10 14 19 44 23 26 23 28 37 27 14 24 27 24 29 38 27 20 17 39 23 21 25 16 17 24 23 28 10 14 4 41 14 26 19 35 19 47 13 13 21 33 27 27 24 18 13 31 39 49 23 27 16 26 9 32 35 26 15 21 4 20 44
0 34 40 26 21 44 29 19 34 20 38 30 21 44 14 11 24 38 5 34 18 20 25 38 8 30 36 32 26 37 11 0 49 41 7 39 20 44 31 17 32 37 32 51 17 37 23 7 29 23 4 18 37 19 47 17 28 22 26 22 2 7 23 34 41 33 36 38 11 27 26 2 10 22 21 33 17 42 49 13 33 32 33 36 26 14 16 34 12 4 26 22 38 44 20 32 37 5 6 3 6
0 34 10 41 31 47 29 30 28 18 41 44 20 3 11 42 37 3 13 20 49 38 23 31 40 4 32 34 3 24 37 32 0 29 15 35 21 39 17 32 25 34 17 47 45 17 23 16 19 18 14 23 15 25 27 2 32 19 36 38 30 14 32 35 34 38 19 28 14 27 18 30 39 37 40 22 4 19 1 50 34 47 30 30 34 11 33 27 22 27 42 39 29 20 42 21 40 37 33 19 11
0 32 46 26 30 48 46 31 10 19 33 25 12 28 48 29 27 31 31 10 37 36 37 11 11 45 12 21 35 12 22 23 20 0 19 44 36 51 20 16 47 32 23 31 32 26 44 28 4 20 38 14 44 43 32 31 24 6 5 17 29 34 12 21 51 44 28 40 38 29 44 23 38 17 44 48 46 30 17 33 38 18 28 17 33 6 14 10 46 29 25 26 28 14 17 18 39 28 37 42 29
0 37 13 8 13 29 7 19 29 20 1 19 7 47 19 40 43 24 29 3 26 24 17 33 28 22 29 24 50 12 37 24 37 42 0 19 49 41 42 9 16 18 11 16 24 29 28 6 8 29 21 22 14 2 23 14 27 12 30 34 25 40 39 16 27 14 41 31 24 30 30 21 19 9 27 19 29 41 46 15 27 28 11 43 24 17 27 28 13 24 35 44 21 31 26 26 29 35 29 52 8
0 40 27 2 15 41 19 26 50 20 24 14 43 18 2 14 26 17 2 25 2 10 13 24 17 18 44 35 26 25 32 9 41 25 29 0 7 32 41 26 19 23 30 26 35 39 35 25 37 4 28 23 17 16 22 25 12 27 39 38 39 14 18 17 30 31 17 20 42 1 47 15 3 20 34 39 9 16 21 27 2 28 35 41 49 39 20 14 26 15 24 32 17 17 32 47 13 6 31 7 27
0 36 47 19 20 13 34 41 37 22 20 34 17 37 50 30 4 26 26 9 26 16 14 43 35 28 31 31 31 33 29 14 31 24 9 13 0 27 23 25 34 25 7 48 32 40 16 15 23 28 28 45 21 18 23 38 27 2 27 31 26 38 19 23 48 22 30 15 31 44 12 14 26 14 7 29 37 35 45 7 23 16 26 7 45 2 27 37 47 24 24 36 21 26 12 33 16 15 25 21 22
0 31 44 42 32 47 31 21 4 15 38 17 16 18 40 23 26 15 6 27 11 25 36 30 32 48 24 45 30 23 19 32 18 11 31 41 28 0 48 37 26 42 27 22 10 16 32 35 7 26 16 23 25 23 34 17 40 40 11 35 21 22 0 17 29 31 7 23 35 11 39 29 27 15 23 21 17 41 20 25 30 34 4 40 33 28 33 41 32 34 26 43 25 31 42 31 12 16 1 24 15
0 33 28 15 22 24 35 19 32 27 33 14 33 46 16 27 9 26 21 20 18 18 17 19 38 23 32 13 13 19 31 25 16 26 43 42 33 28 0 11 33 21 14 31 31 21 25 33 35 6 42 24 10 13 22 17 19 29 36 13 24 39 36 31 33 14 24 16 37 27 35 24 27 33 18 42 11 31 24 30 29 47 6 12 2 0 28 24 40 30 41 35 43 25 3 23 26 41 25 11 39
0 31 16 36 41 52 19 3 46 28 15 35 26 42 19 42 9 38 32 13 11 34 3 10 13 40 30 2 29 24 18 32 43 33 47 25 32 23 24 0 51 5 49 48 29 52 16 29 18 22 4 22 46 17 16 7 26 29 32 43 35 12 30 7 20 12 16 28 19 8 27 19 6 46 14 4 4 33 28 5 32 11 34 39 19 14 28 33 18 30 17 34 24 8 25 25 19 27 48 9 26
0 38 14 37 35 15 22 30 41 21 46 14 44 23 14 31 43 42 14 36 26 30 25 28 35 32 11 35 16 12 31 21 34 21 21 17 38 25 27 22 0 25 26 29 26 14 9 42 37 49 22 39 35 24 26 45 5 35 10 23 18 16 2 24 10 36 12 32 13 40 26 21 33 23 29 26 31 18 33 29 21 32 37 7 16 33 21 34 41 22 10 16 13 20 15 42 6 13 39 16 19
0 25 24 38 23 41 18 23 7 15 24 15 25 6 5 43 45 10 13 4 14 43 7 9 42 21 25 21 11 45 26 51 15 14 40 25 38 15 17 37 11 0 25 30 21 9 24 18 44 32 46 44 25 31 44 26 23 35 43 20 14 20 27 6 30 21 37 23 33 48 18 27 38 4 27 28 29 22 12 27 29 15 32 13 17 29 32 26 12 51 37 10 28 20 32 35 17 36 35 26 31
0 22 32 36 35 24 22 6 6 22 19 36 14 34 29 37 37 8 25 5 28 26 14 25 18 28 8 18 29 38 30 21 43 23 26 19 34 29 7 41 19 6 0 9 35 18 10 17 25 30 6 45 14 51 12 31 50 24 11 22 11 18 42 38 4 12 37 34 9 36 42 37 1 13 19 12 16 42 5 31 34 28 44 34 32 48 28 14 30 47 12 11 18 44 26 19 9 8 28 27 13
0 13 7 5 13 42 10 41 8 43 37 35 41 24 23 28 19 15 9 32 14 13 28 18 36 40 13 30 27 45 33 47 33 12 32 20 17 18 18 18 18 4 12 0 46 48 34 31 32 26 34 10 50 4 31 12 15 47 29 8 38 28 47 38 5 34 32 24 28 34 27 28 8 39 15 30 13 24 24 50 24 49 27 17 8 23 36 19 27 38 32 50 4 37 27 27 27 31 40 12 35
0 15 31 11 22 11 22 31 45 11 14 36 18 34 28 14 5 22 19 16 12 34 32 33 13 22 38 22 47 30 18 23 41 13 38 24 29 16 30 16 18 31 36 42 0 20 23 28 42 31 15 22 50 35 18 8 48 48 40 17 25 27 14 39 12 42 14 13 18 25 39 14 16 43 21 21 37 16 13 9 44 29 22 36 27 43 23 24 36 26 27 28 29 5 17 32 38 25 10 26 10
0 6 16 34 9 36 30 12 29 9 49 7 18 38 42 11 21 42 30 13 30 24 29 13 12 19 34 31 19 20 16 13 1 34 27 21 11 23 24 18 44 38 44 16 25 0 24 23 39 28 22 22 41 28 10 32 24 39 27 18 19 17 19 31 17 23 45 33 50 19 7 8 30 29 46 35 2 38 20 14 22 2 11 17 8 28 2 41 35 9 16 27 34 18 22 32 17 8 41 9 11
0 27 43 23 23 36 20 42 34 33 10 36 31 29 20 15 19 11 6 7 41 30 31 19 28 24 30 21 24 30 16 29 26 18 6 38 10 15 46 24 39 7 2 42 30 30 0 9 25 45 27 37 26 39 21 21 24 38 6 26 23 32 50 18 30 25 43 28 40 38 45 17 35 42 28 27 29 24 27 12 28 9 29 18 42 35 15 29 13 21 18 27 48 13 19 44 21 37 33 29 4
0 38 2 28 12 21 27 24 18 35 6 52 37 17 17 21 28 36 20 28 29 30 46 31 23 27 23 41 14 23 31 16 37 16 3 9 2 29 25 8 34 24 13 13 38 12 31 0 35 29 29 17 25 22 43 13 41 22 43 18 30 47 16 8 44 50 6 26 19 21 35 7 24 11 21 36 26 29 7 22 24 33 11 4 28 4 37 11 15 17 17 48 9 23 41 12 23 18 34 2 25
0 52 42 23 39 30 40 6 34 39 30 30 27 16 37 47 22 18 20 20 18 5 33 39 42 21 31 35 37 30 20 46 17 4 29 18 43 32 0 36 44 20 23 11 22 32 17 40 0 38 17 22 15 23 16 33 29 17 2 37 23 1 43 40 41 32 39 31 31 14 30 5 20 30 21 16 40 25 36 24 20 21 26 15 36 20 12 2 47 33 9 33 17 39 22 41 34 21 33 37 20
0 19 28 23 51 10 32 23 18 13 25 17 21 21 15 31 10 15 35 6 30 21 15 21 10 4 37 3 0 5 27 12 34 28 24 4 40 46 44 42 27 12 13 30 13 36 7 24 48 0 24 20 34 19 28 27 22 31 19 40 46 31 20 33 16 27 37 18 36 27 20 31 22 28 19 45 22 25 27 31 41 24 25 20 39 49 21 22 25 6 23 22 13 12 47 19 38 29 23 1 16
0 36 40 49 12 39 18 20 41 23 28 13 12 23 30 13 30 17 13 36 39 39 16 35 15 31 24 33 45 32 29 10 34 49 25 12 40 36 28 38 9 1 6 17 35 35 41 20 41 14 0 43 27 28 30 38 21 24 40 15 11 14 43 14 28 6 9 8 11 27 36 32 24 36 16 38 16 12 46 11 40 17 20 33 13 37 9 29 10 35 18 10 19 24 23 23 6 24 18 24 23
0 10 18 32 26 40 10 41 37 36 35 28 9 30 36 9 11 28 39 22 14 32 12 32 22 20 25 38 10 31 5 18 4 24 22 24 34 13 18 13 22 17 3 40 36 13 23 43 28 13 11 0 51 16 10 33 6 23 30 34 50 5 36 33 29 6 34 31 41 30 25 30 15 26 23 21 26 7 24 25 29 18 11 23 26 22 31 38 3 36 38 22 25 34 30 22 26 8 31 19 43
0 24 20 26 23 27 37 31 18 50 11 33 28 40 29 12 13 23 19 34 35 16 35 16 38 20 16 22 47 28 2 45 15 12 30 15 45 21 24 40 39 28 23 38 23 15 7 12 19 18 18 15 0 37 0 12 35 38 16 20 47 33 23 33 4 33 15 28 29 41 40 31 28 10 14 44 20 23 33 34 25 42 13 30 30 19 18 26 44 49 17 20 36 27 22 22 36 51 19 27 15
0 25 35 32 44 13 23 45 25 51 27 26 48 28 25 44 26 35 33 36 33 16 26 17 36 33 27 11 17 42 46 26 16 14 21 18 35 11 30 17 48 24 37 17 35 22 35 14 18 32 13 31 4 0 42 19 35 17 34 21 30 38 11 38 26 38 29 21 34 9 41 18 24 23 20 29 38 23 42 20 24 18 33 33 39 28 23 36 25 20 44 13 24 27 23 17 28 41 18 4 23
0 30 43 31 18 18 12 52 22 38 16 33 10 41 20 48 41 22 29 31 23 22 33 26 27 30 16 31 24 10 36 35 26 42 35 17 34 32 25 39 20 37 3 34 47 30 31 17 21 22 2 30 39 4 0 47 25 10 24 32 32 29 11 25 31 10 18 42 47 50 20 30 22 13 46 29 14 28 38 20 21 30 39 30 28 17 32 26 45 27 42 36 29 33 44 41 28 22 28 18 13
0 1 24 21 13 48 9 23 31 6 5 25 43 40 22 42 21 32 20 32 13 28 29 33 45 20 39 37 38 34 28 10 31 22 26 9 17 19 32 15 12 29 42 19 30 35 44 35 17 28 20 24 31 35 32 0 9 30 29 27 25 26 38 49 45 26 26 27 23 23 28 15 27 28 36 14 43 26 22 6 18 29 20 23 23 44 24 14 11 8 23 20 11 32 34 16 17 16 22 20 30
0 32 16 5 33 39 26 25 26 15 37 35 21 36 26 32 32 40 13 16 18 42 23 36 23 4 30 28 13 7 46 20 7 34 28 34 37 12 15 39 44 47 30 15 8 19 33 48 33 12 18 22 36 28 7 8 0 24 40 8 25 11 30 27 27 3 41 32 9 24 37 25 36 30 10 16 4 23 16 17 11 18 38 34 22 32 11 26 43 27 33 15 41 9 30 10 32 35 35 34 27
0 18 39 38 31 51 23 24 12 39 47 28 27 26 45 13 21 28 30 35 13 50 22 19 32 26 42 40 46 36 27 16 28 28 27 27 23 18 30 24 13 21 34 37 35 4 23 30 24 30 19 9 2 29 23 16 38 0 48 7 35 51 35 41 19 1 27 23 33 23 20 25 17 15 17 12 15 44 20 14 1 36 16 16 40 1 16 25 21 17 32 24 43 26 39 16 25 20 14 33 9
0 26 19 11 40 34 12 27 3 22 35 25 21 36 10 8 51 47 23 17 32 26 52 34 20 27 35 21 9 39 45 23 14 3 20 28 21 10 11 33 21 22 40 18 22 33 25 31 23 41 37 19 39 43 37 36 32 42 0 22 28 32 33 21 28 40 29 38 24 9 35 28 32 22 28 26 24 47 30 20 29 40 27 35 27 20 42 26 27 27 16 43 19 37 16 15 23 50 25 7 27
0 2 25 49 9 11 40 39 20 29 14 27 27 31 33 34 4 25 7 12 37 36 51 27 19 9 33 29 12 35 43 31 3 18 33 30 10 26 20 28 24 36 44 28 25 14 21 14 33 29 29 4 5 27 29 48 36 32 18 0 44 24 35 34 30 21 41 33 25 29 32 26 29 1 32 18 22 5 43 29 10 25 14 21 28 18 28 20 32 45 35 19 13 17 25 21 26 42 16 32 16
0 23 12 22 14 16 43 29 27 32 34 43 16 20 30 26 21 25 23 23 16 25 14 41 28 31 17 14 31 37 33 41 7 21 22 24 13 44 8 31 17 38 31 29 49 39 48 38 19 19 8 15 36 12 25 14 26 36 40 39 0 6 44 24 33 13 24 27 36 37 3 24 46 20 12 15 16 33 26 36 42 18 46 35 22 24 29 35 16 21 27 7 35 33 18 27 28 47 5 17 42
0 36 33 35 5 8 36 43 47 34 25 14 31 34 11 35 41 12 42 47 28 20 29 29 33 35 15 45 27 26 25 17 26 29 43 20 30 26 31 21 40 34 38 17 29 30 23 6 1 34 16 18 24 30 32 32 39 32 17 28 17 0 11 28 25 27 25 42 3 22 17 13 20 22 8 13 19 25 28 24 4 17 29 48 21 19 31 38 50 18 11 7 23 37 21 18 38 26 20 35 19
0 2 15 44 3 16 31 34 16 24 14 41 2 20 48 7 41 26 50 30 33 33 34 25 17 20 24 13 34 35 28 24 28 30 25 26 17 36 42 52 40 9 20 33 10 16 23 34 42 14 17 25 34 32 27 27 18 44 44 27 10 20 0 31 37 43 22 1 37 41 23 28 25 19 38 34 18 46 20 23 45 5 44 31 8 42 18 32 42 4 10 51 22 27 33 26 24 24 32 47 28
0 24 20 52 3 18 24 5 26 28 35 39 31 20 20 14 20 14 11 32 17 6 34 22 24 19 50 36 20 15 39 12 39 17 4 38 19 38 14 46 50 31 35 32 15 15 29 22 45 30 7 52 3 32 35 16 3 28 40 18 51 43 44 0 11 22 12 34 32 26 17 44 31 29 23 17 9 47 18 12 21 27 22 40 45 47 33 14 39 35 42 25 29 24 20 23 7 37 21 42 24
0 32 27 29 27 2 29 32 22 18 43 7 10 32 21 15 34 32 26 34 16 41 30 32 3 38 43 29 17 27 24 36 31 34 49 38 27 32 20 45 26 46 21 23 32 49 30 28 26 43 28 36 21 14 14 23 46 26 46 27 32 31 35 36 0 41 6 32 24 30 16 25 13 38 26 13 18 33 19 23 29 34 22 11 47 24 11 43 43 24 20 29 40 36 30 48 16 13 12 17 47
0 21 40 35 11 20 35 29 21 3 32 23 8 45 16 45 41 41 35 32 47 19 44 43 42 7 11 40 20 25 24 52 26 40 2 29 26 29 34 31 15 11 32 14 20 10 29 14 26 43 26 23 32 37 16 26 17 5 17 27 39 13 28 12 9 0 16 36 4 14 14 29 30 3 11 17 13 31 19 35 14 36 26 34 20 21 17 33 17 15 30 27 18 11 22 32 17 30 24 35 37
0 40 31 30 48 32 36 15 37 27 22 26 9 16 44 30 1 22 45 24 4 11 29 24 29 25 22 18 22 20 22 24 14 26 31 28 34 38 38 32 22 23 36 26 23 26 39 33 31 24 33 24 43 27 23 22 34 30 33 22 33 28 18 31 20 24 0 13 11 10 8 42 35 27 16 11 32 24 19 36 34 24 15 25 35 24 33 44 24 26 36 4 13 36 26 32 15 24 42 39 37
0 33 38 8 48 25 8 26 12 34 40 35 20 46 11 46 20 16 29 19 15 39 7 38 41 28 17 37 23 27 45 36 21 19 16 32 39 16 35 24 44 16 28 42 34 9 31 28 11 20 20 36 29 38 7 9 16 3 25 21 35 20 11 9 7 21 8 0 17 19 18 31 39 16 49 10 16 29 36 10 24 29 13 43 19 45 13 36 45 17 22 10 12 30 3 16 19 21 10 23 27
0 8 31 39 52 21 19 33 45 36 38 37 44 5 27 27 29 30 6 23 10 7 44 13 50 45 16 31 39 10 24 21 23 35 27 41 39 21 17 25 29 27 21 19 2 13 23 13 15 44 22 17 20 39 33 30 22 18 10 34 5 22 31 15 39 21 24 45 0 28 21 16 5 34 18 36 6 23 30 16 20 38 15 16 21 36 32 43 19 6 38 11 31 37 21 25 19 4 41 25 44
0 35 31 28 44 37 17 31 38 21 24 27 25 33 33 39 13 28 38 19 39 26 18 17 11 14 25 44 26 33 12 48 44 34 38 28 42 31 28 25 18 9 25 29 35 8 39 18 13 33 20 9 20 19 28 23 28 37 16 28 22 28 40 21 29 2 32 35 8 0 7 45 37 33 33 41 45 51 24 31 27 42 22 29 35 38 18 26 35 16 28 23 33 18 42 46 7 14 8 6 22
0 35 7 31 34 46 16 21 7 18 7 21 50 43 27 37 29 51 34 19 23 38 19 32 13 40 31 22 20 31 14 19 27 44 26 24 32 20 28 40 24 35 37 12 26 51 28 48 15 17 40 33 24 12 26 26 43 22 3 37 31 17 39 44 25 25 34 12 17 39 0 18 18 8 16 31 40 31 32 29 32 28 42 20 44 15 26 17 16 13 41 28 21 37 32 22 24 28 31 36 18
0 19 27 14 26 29 1 18 20 31 47 5 28 16 41 26 25 5 38 25 11 26 39 0 8 31 44 21 27 30 25 45 47 22 16 4 50 12 33 31 20 32 34 36 20 28 32 40 43 19 51 41 14 50 43 8 20 35 29 35 37 41 37 42 39 25 26 34 34 29 10 0 47 29 30 23 50 30 28 39 16 21 32 31 19 26 20 39 41 29 6 21 14 0 16 32 29 17 30 2 33
0 34 35 2 33 26 18 34 15 31 15 26 7 33 32 28 5 13 8 51 27 4 24 40 34 22 37 31 31 39 42 25 46 43 20 34 28 16 26 33 11 33 25 20 20 29 32 35 24 26 29 35 30 31 24 39 44 36 45 39 28 46 41 33 33 29 25 11 42 14 23 6 0 12 39 27 12 28 25 16 24 27 23 50 24 30 34 41 19 23 28 27 24 23 33 13 11 37 12 22 44
0 41 20 21 24 9 25 17 17 42 36 3 31 5 39 33 17 18 26 36 21 28 49 28 20 20 26 16 32 24 43 27 6 7 12 28 41 34 27 13 21 25 35 32 23 39 27 24 35 21 14 25 34 42 34 31 26 27 12 19 18 36 16 31 29 35 13 30 21 50 15 23 6 0 52 29 13 38 31 30 7 31 44 11 30 27 46 12 18 32 13 26 10 26 28 14 30 24 25 46 45
0 36 42 30 37 36 6 38 19 31 22 26 20 35 35 36 31 20 28 20 16 35 8 13 23 15 27 25 41 47 15 15 33 16 17 36 14 27 31 27 20 45 13 23 21 32 17 5 19 45 32 2 42 17 33 42 20 28 20 31 38 22 44 9 25 2 48 7 31 49 39 10 35 18 0 47 31 29 18 17 34 9 23 34 22 10 27 26 21 34 27 40 44 24 31 33 3 24 20 44 19
0 39 19 19 39 25 29 49 13 3 45 41 38 17 3 34 33 42 12 38 27 39 41 28 25 25 39 49 18 39 22 13 16 31 48 37 28 24 4 31 30 14 15 16 17 18 24 24 31 27 48 18 9 21 43 5 1 24 43 25 3 32 11 9 22 25 36 37 36 38 21 16 33 11 31 0 23 15 18 31 35 25 6 37 16 44 29 8 45 36 37 20 26 32 27 37 38 17 8 38 33
0 33 21 15 11 30 48 24 30 24 16 21 31 20 5 8 17 40 25 19 40 10 35 19 6 15 17 20 31 45 25 30 19 23 26 25 16 43 32 23 5 38 15 26 41 15 14 35 5 35 13 20 37 40 24 34 13 33 35 32 5 30 42 28 22 42 19 16 35 27 6 28 19 38 34 16 0 44 24 23 51 47 30 42 37 46 6 18 32 33 28 2 26 26 25 8 40 26 15 49 21
0 22 14 28 43 47 25 32 28 32 28 17 1 19 36 25 24 24 25 37 49 39 36 39 0 34 22 32 29 2 19 40 7 9 22 45 29 36 42 7 1 13 26 11 14 10 29 18 12 41 51 26 41 39 34 22 33 18 34 19 21 10 10 45 42 35 29 29 13 21 38 30 35 43 35 41 39 0 20 26 38 15 5 27 49 19 21 5 20 24 21 38 39 22 1 41 11 11 35 44 19
0 36 20 31 16 22 36 15 44 30 5 37 14 25 10 31 12 38 35 33 25 28 34 32 31 1 30 27 13 30 18 12 37 26 22 36 14 37 15 45 24 21 27 37 11 10 41 12 36 47 8 37 35 9 11 46 18 13 33 39 33 38 50 25 20 37 6 10 24 27 1 26 42 49 12 23 10 43 0 38 36 36 29 28 22 7 36 28 10 24 33 25 26 39 30 16 28 18 14 29 38
0 46 41 22 35 26 23 26 30 41 51 27 11 26 47 22 47 23 28 9 40 39 33 39 26 6 20 37 38 10 10 24 35 44 15 26 38 6 11 34 45 6 21 31 46 5 26 12 29 49 5 30 6 22 31 18 33 41 25 34 9 34 21 32 43 38 11 22 3 18 24 4 16 51 28 29 38 19 17 0 27 17 33 41 27 24 19 43 15 3 31 38 33 27 48 26 6 52 23 5 46
0 16 27 22 45 26 13 29 37 23 25 6 24 47 27 39 1 23 17 10 10 25 21 36 7 10 27 26 19 34 0 37 13 31 25 34 19 18 42 25 17 26 31 45 23 17 23 36 26 29 14 10 36 39 45 30 4 1 46 33 41 25 46 27 18 23 14 8 26 31 25 33 10 15 31 9 31 44 44 24 0 35 40 35 24 21 33 24 24 8 4 32 7 19 24 8 42 29 28 10 12
0 36 16 15 0 14 21 23 36 33 39 23 37 29 32 48 13 40 8 21 37 41 9 23 28 9 10 25 25 14 18 29 12 42 45 41 44 24 43 14 33 43 37 9 2 26 27 36 39 34 48 21 22 20 36 26 19 39 33 22 15 30 31 9 35 38 43 3 27 40 33 41 38 28 35 25 36 6 37 5 36 0 13 25 43 19 38 44 31 17 51 44 23 46 14 10 35 13 21 3 20
0 7 19 25 17 17 12 20 13 39 43 31 28 25 19 21 30 39 44 29 24 19 32 30 32 16 33 8 52 43 5 23 22 4 26 27 23 28 30 24 12 20 20 29 9 20 26 15 18 35 24 31 25 26 38 15 48 40 23 12 11 37 22 38 30 19 22 1 42 34 14 37 25 5 16 25 21 40 43 18 23 24 0 30 27 14 13 6 26 8 39 9 43 12 29 16 37 31 17 26 35
0 30 33 36 12 23 22 8 32 31 48 30 4 14 27 38 27 6 46 26 20 24 45 35 22 24 23 37 21 19 9 6 36 33 6 36 29 33 19 17 9 22 19 2 30 34 12 11 14 25 36 42 26 25 25 23 21 22 17 16 1 40 31 23 26 20 41 35 41 29 18 33 37 15 31 17 16 21 19 10 42 33 21 0 44 48 29 31 31 21 30 16 36 14 27 16 50 39 31 12 17
0 17 17 5 34 8 32 20 19 20 12 35 36 13 39 47 25 31 39 23 23 32 24 41 24 5 16 10 10 21 10 27 43 21 33 28 24 19 29 52 32 32 27 23 17 25 19 31 17 9 37 22 25 34 18 25 48 37 21 5 23 22 23 32 8 11 13 12 39 24 20 40 46 14 26 45 29 28 21 38 32 25 17 14 0 37 36 26 40 13 13 18 15 28 43 31 19 33 17 12 15
0 35 19 32 3 16 48 22 40 10 21 32 16 20 14 24 28 42 16 39 30 5 17 21 29 2 52 26 35 29 48 29 20 51 36 16 22 11 29 28 14 25 26 18 16 25 25 21 29 32 34 11 46 38 27 28 36 34 9 47 38 6 32 42 41 1 35 46 5 17 38 19 30 26 16 14 30 14 29 15 7 22 23 9 25 0 13 26 46 17 11 39 50 21 39 35 20 8 13 33 16
0 33 30 7 19 16 19 25 26 33 23 31 23 42 22 48 20 34 19 27 20 32 32 21 15 21 28 26 34 30 32 17 34 23 14 20 35 20 33 48 1 8 41 33 41 39 11 30 37 24 34 18 19 14 51 21 26 46 51 36 16 32 39 38 33 49 24 48 15 2 32 48 15 25 46 24 8 45 28 30 27 32 29 17 32 46 0 38 19 22 8 17 36 31 13 31 44 35 14 21 33
0 39 23 28 16 27 7 36 37 38 2 33 44 18 37 38 26 36 32 17 6 32 22 19 20 14 41 26 13 23 18 44 23 2 24 16 32 34 37 9 44 36 29 26 17 30 16 39 7 17 32 48 32 27 43 37 1 27 33 24 2 20 36 11 42 23 17 24 15 25 18 34 16 12 16 22 32 33 45 19 14 15 28 27 17 26 41 0 47 29 48 16 27 12 40 27 23 47 21 22 27
0 28 28 32 9 37 42 41 6 47 0 51 49 26 32 30 31 40 52 49 46 41 12 5 27 45 35 28 39 16 42 26 31 24 5 17 2 31 21 34 19 36 31 36 19 16 14 28 24 15 10 22 28 18 40 30 20 21 23 39 35 28 29 18 1 25 8 19 23 16 23 20 24 30 7 31 21 37 15 39 5 3 13 15 8 43 12 15 0 19 42 28 37 7 31 19 26 28 29 29 24
0 10 38 26 48 29 21 21 23 22 34 5 14 37 37 23 7 46 35 18 34 24 31 22 45 35 6 10 18 13 23 17 17 38 26 17 20 15 48 20 8 21 40 7 33 39 34 35 48 11 25 15 17 26 35 33 17 25 16 16 29 9 32 42 33 33 37 37 3 22 14 32 24 19 19 39 41 17 25 8 14 12 24 13 21 22 34 35 28 0 39 35 18 33 31 17 30 24 26 46 38
0 26 23 31 22 27 24 35 3 27 17 7 27 52 35 23 23 24 28 9 20 2 27 27 37 32 40 26 39 28 19 19 14 22 15 21 32 3 30 15 39 36 21 33 28 36 25 38 45 34 34 8 34 25 20 14 40 26 20 22 34 48 23 8 30 43 27 9 20 40 40 14 20 32 9 48 30 35 45 34 23 48 18 6 21 12 21 12 44 36 0 40 20 13 13 9 37 35 42 16 49
0 21 32 11 40 41 28 28 11 16 14 21 5 29 42 27 40 36 40 8 9 10 10 38 22 19 6 22 43 29 44 35 30 18 40 13 44 15 40 36 16 15 13 18 24 39 40 24 17 9 34 8 21 43 31 23 13 18 29 38 39 21 25 22 40 27 24 30 26 16 26 2 31 13 38 24 16 33 2 20 31 37 29 19 24 34 42 34 20 18 33 0 5 14 19 32 38 26 1 40 34
0 27 34 28 9 6 15 33 13 21 28 17 18 16 15 46 26 12 15 27 41 15 26 46 37 43 6 33 45 40 33 28 14 41 9 44 14 27 28 30 45 3 7 51 39 45 42 34 50 12 28 40 34 27 45 29 29 33 17 31 50 19 21 43 18 26 35 1 47 35 28 40 15 42 25 34 26 29 32 40 48 22 25 26 15 19 21 32 27 15 24 33 0 30 19 47 18 25 42 47 33
0 45 47 28 24 16 35 32 52 47 41 33 48 1 29 19 30 9 24 26 23 10 17 2 44 33 12 40 31 12 8 16 27 30 29 14 32 25 33 24 40 34 19 24 32 42 31 20 26 0 35 29 43 50 17 34 23 33 8 43 22 16 1 34 48 5 25 24 21 24 24 33 41 8 14 30 5 39 1 33 4 17 15 41 49 35 28 38 30 22 18 32 21 0 19 15 13 42 19 19 20
0 12 29 14 43 23 16 15 37 19 8 24 50 16 18 28 29 27 15 12 23 28 21 33 21 18 26 19 17 30 9 30 3 19 6 39 42 5 13 12 21 36 25 29 13 42 7 0 29 29 39 24 29 14 29 9 14 40 15 28 14 45 26 10 14 52 26 20 9 3 35 14 13 18 33 30 38 26 16 38 18 16 19 32 12 46 28 37 15 28 25 34 31 27 0 43 40 15 22 37 18
0 11 20 43 8 31 23 18 24 43 23 27 39 5 21 40 33 28 8 16 20 14 3 17 44 6 10 40 31 28 37 30 46 30 37 33 24 26 8 23 36 2 13 46 25 26 41 38 13 21 13 14 25 17 20 42 18 27 10 23 39 29 12 41 27 50 18 39 24 37 13 6 36 20 40 29 34 12 29 24 23 37 28 28 28 8 33 25 36 17 43 27 14 18 15 0 9 20 20 13 12
0 24 35 4 12 36 30 27 22 36 31 40 19 1 18 34 25 36 13 18 21 33 17 35 16 35 20 16 37 2 27 41 18 34 20 3 33 35 36 13 31 1 33 12 18 21 6 32 12 31 39 8 36 24 10 18 27 34 17 21 28 35 33 23 29 21 31 17 25 25 18 25 19 17 20 33 11 25 21 27 33 32 15 15 27 22 22 20 23 19 35 43 24 44 8 11 0 11 40 20 40
0 23 50 17 37 41 21 32 16 19 47 32 17 20 42 28 12 2 28 22 8 47 43 35 20 43 40 17 48 32 34 34 16 13 19 28 9 34 20 14 41 19 26 25 33 31 45 25 28 32 34 37 27 36 30 15 31 17 25 32 25 23 41 8 21 47 19 44 16 33 51 19 29 13 39 19 8 33 34 31 20 40 42 16 20 39 19 12 32 22 13 23 29 17 34 28 31 0 10 17 31
0 18 19 39 23 16 39 28 27 35 42 23 0 42 18 35 40 43 42 28 45 26 22 17 36 34 20 52 24 28 11 28 28 20 52 16 2 19 49 29 12 24 32 31 14 14 23 32 35 19 20 43 19 32 5 26 23 38 45 51 7 41 17 31 33 25 27 19 28 27 4 31 17 45 39 31 7 39 36 29 43 41 28 37 49 14 19 17 9 46 24 46 40 14 17 46 47 5 0 28 33
0 39 39 35 42 28 17 20 40 19 13 31 48 41 47 18 25 21 34 23 24 22 20 42 16 34 35 18 19 24 28 3 25 24 24 27 29 27 18 37 27 16 17 38 24 32 17 13 20 9 39 18 10 27 37 15 22 32 40 15 23 14 14 34 7 20 7 16 30 30 11 18 23 6 28 8 22 38 32 36 12 30 41 29 35 22 28 39 41 21 30 32 21 23 36 19 28 23 26 0 20
0 43 34 18 46 43 36 2 23 8 15 40 27 27 21 22 33 47 27 15 39 30 13 24 32 46 40 38 37 26 16 12 16 19 15 14 13 21 14 39 35 47 38 17 31 51 40 26 38 32 23 45 43 36 17 21 23 18 27 29 7 6 14 20 12 6 24 7 32 32 14 26 47 29 34 6 6 26 24 26 22 21 3 35 28 14 35 5 15 47 28 42 26 45 16 17 28 37 31 37 0
