100 2
4 33 8 10
3 378 1 6
5 684 4 8
7 308 6 9
11 41 10 9
5 586 4 4
14 324 6 10
13 935 5 9
7 723 3 4
12 65 8 6
10 321 3 5
16 815 3 8
8 634 4 4
21 488 9 10
24 733 9 10
22 244 10 9
22 537 5 9
5 419 1 2
20 312 6 7
26 826 1 8
17 843 1 5
11 416 2 3
39 686 6 10
38 525 2 9
22 893 7 5
40 23 8 9
14 310 4 3
38 168 10 8
39 792 1 8
51 220 1 10
36 63 2 7
21 548 10 4
28 864 2 5
45 524 7 8
24 716 8 4
58 742 1 9
13 622 2 2
33 818 3 5
47 92 7 7
68 881 4 9
53 929 10 7
61 804 9 8
72 734 8 9
41 224 3 5
58 200 7 7
58 275 7 7
83 706 5 10
63 51 1 7
72 220 9 8
76 74 10 8
77 868 3 8
87 493 9 9
68 652 3 7
89 646 9 9
50 113 10 5
81 352 10 8
51 827 6 5
62 180 5 6
83 637 1 8
75 601 9 7
67 437 6 6
46 779 2 4
46 1000 8 4
94 939 7 8
59 277 8 5
12 365 7 1
96 811 9 7
29 830 1 2
91 52 10 6
96 467 5 6
66 570 4 4
18 456 1 1
72 566 6 4
90 172 4 5
93 266 6 5
59 923 2 3
40 147 10 2
62 760 10 3
42 126 5 2
90 952 8 4
74 731 1 3
52 67 7 2
53 792 8 2
81 678 5 3
81 890 7 3
57 287 7 2
86 754 6 3
87 584 3 3
99 314 2 3
85 976 6 2
44 707 1 1
89 284 9 2
91 350 7 2
93 927 10 2
51 504 5 1
66 351 6 1
68 239 7 1
74 410 5 1
85 805 8 1
98 7 8 1
SETUP
0 5 25 4 26 23 20 18 9 25 17 20 44 10 36 10 20 47 16 7 36 40 43 18 9 29 38 15 31 49 23 18 32 26 37 26 9 28 33 17 46 19 25 28 20 16 33 28 13 38 17 0 24 22 23 48 43 9 8 12 39 22 27 37 14 41 30 35 12 34 47 12 14 36 36 23 42 10 49 45 6 23 16 26 23 45 27 31 12 48 9 35 18 25 13 38 40 44 31 28 46
0 0 30 20 19 9 6 30 12 36 39 15 26 31 34 34 15 14 38 34 38 19 22 44 26 24 31 28 19 30 22 17 27 33 22 30 33 22 17 11 23 27 27 10 42 24 26 24 36 44 26 17 35 30 17 28 10 44 41 29 32 11 29 27 35 34 29 24 29 17 45 29 23 42 18 21 27 31 2 13 27 18 25 20 13 27 37 36 39 21 25 26 35 19 16 25 24 30 44 18 40
0 7 0 43 26 45 32 21 42 18 11 32 30 41 36 29 26 19 17 23 13 7 12 9 34 46 19 41 0 36 39 14 32 22 36 23 23 4 10 39 18 23 22 32 15 14 10 37 47 27 29 34 42 18 33 30 37 40 10 19 34 23 39 10 25 13 38 16 27 32 27 33 15 33 19 24 26 37 8 47 11 3 35 11 5 28 40 22 34 41 15 44 27 12 33 14 24 14 29 17 28
0 29 32 0 24 42 35 18 35 31 31 16 29 37 22 36 10 15 44 34 18 4 34 31 10 30 25 19 24 29 15 40 23 21 38 30 27 40 37 36 28 35 28 32 39 27 32 39 30 30 16 43 13 7 8 35 29 12 21 25 14 25 8 36 33 12 30 20 26 30 20 29 10 33 28 15 23 43 47 16 24 17 31 1 24 28 16 41 24 32 5 34 25 22 10 37 18 29 11 6 17
0 46 33 27 0 10 22 16 1 20 5 20 25 18 23 7 32 19 30 29 20 23 10 29 17 15 22 22 21 33 15 30 27 38 19 24 28 31 26 28 37 13 26 25 41 43 23 8 17 46 26 27 8 17 16 29 35 33 42 24 5 19 35 35 34 24 22 15 47 22 35 12 38 38 31 27 50 34 17 21 21 13 34 13 27 16 12 12 36 30 41 12 20 12 1 16 28 25 32 40 21
0 23 23 34 6 0 33 22 22 14 20 22 23 14 33 10 24 34 8 31 32 39 38 12 15 24 14 26 49 33 22 6 40 20 25 10 23 6 12 43 28 20 46 24 14 40 10 21 27 20 28 13 22 30 33 26 10 20 40 13 12 21 37 23 50 29 31 26 19 20 37 14 39 27 34 9 14 12 37 24 38 17 44 12 32 11 30 21 40 35 22 2 31 26 27 35 28 35 24 20 33
0 27 30 40 25 30 0 25 33 31 47 10 26 2 31 19 46 13 20 30 37 50 39 31 23 45 33 27 30 36 14 32 4 32 46 32 8 24 22 22 22 40 22 13 45 11 31 15 35 29 15 0 25 19 40 18 17 13 16 15 25 40 19 38 31 36 37 17 42 9 19 31 17 28 43 9 22 41 23 35 27 14 23 12 35 34 25 27 43 42 12 20 25 20 44 13 29 50 36 40 18
0 14 38 37 4 19 37 0 24 39 29 11 8 2 30 16 22 36 19 12 15 35 19 30 31 34 15 8 29 35 24 32 11 20 7 27 18 16 26 43 31 12 11 31 24 25 39 6 18 38 30 12 35 24 16 26 7 11 27 35 3 14 20 22 41 19 36 21 30 32 36 31 22 28 31 23 8 17 20 22 10 42 18 13 26 34 22 44 25 35 24 27 22 25 25 6 26 24 29 37 25
0 39 37 33 30 26 9 28 0 22 1 31 29 20 12 28 38 17 30 20 39 34 26 43 10 36 12 17 49 46 12 15 23 6 29 50 9 31 39 27 24 22 5 24 30 23 39 25 25 13 27 1 20 3 27 45 41 39 22 17 33 35 15 18 44 28 0 39 28 48 23 43 29 36 8 4 30 1 21 27 39 27 27 25 34 24 39 31 17 28 33 26 39 44 2 16 41 16 12 11 21
0 24 6 33 34 8 43 31 0 0 9 26 4 35 22 43 17 13 7 18 18 2 5 6 21 46 1 21 26 49 10 20 17 20 43 19 28 21 40 34 23 31 14 7 22 14 41 26 40 31 18 31 16 16 19 20 9 28 34 46 24 8 29 22 50 36 26 19 0 34 24 8 29 49 40 12 21 25 15 12 30 25 18 14 20 22 24 41 40 13 22 13 10 15 23 7 22 25 18 11 38
0 10 27 17 21 30 21 25 24 14 0 34 42 7 19 15 30 25 26 25 35 26 12 8 17 2 34 39 31 45 39 24 20 29 41 15 20 50 36 5 17 38 37 31 27 23 23 37 10 13 7 36 13 33 15 17 47 16 25 40 39 18 29 20 39 4 39 24 21 31 36 45 25 14 49 21 16 45 23 38 2 33 36 12 39 32 21 26 31 15 32 32 4 20 16 26 5 45 19 29 48
0 39 17 23 19 31 24 4 8 41 42 0 32 31 29 27 7 0 40 24 25 22 36 41 34 30 31 13 16 18 22 22 28 16 33 17 25 41 23 24 36 6 22 43 35 24 38 14 34 37 28 22 27 23 15 31 21 22 2 15 26 11 17 20 12 37 14 37 30 28 42 20 21 19 25 14 9 42 28 29 43 10 32 23 29 42 8 14 37 36 29 30 37 28 20 36 30 16 16 14 29
0 31 32 29 29 17 23 25 9 14 26 41 0 14 37 26 21 22 24 26 35 32 38 10 42 26 31 32 33 17 23 15 23 28 6 23 8 19 40 12 46 34 25 40 43 37 28 23 15 31 23 41 13 7 42 24 21 14 18 37 31 23 45 42 3 11 9 11 36 26 9 22 22 14 3 19 34 26 23 18 27 20 15 35 23 31 21 20 38 14 35 38 22 15 9 18 38 11 22 20 18
0 23 16 28 18 32 24 26 46 16 30 11 32 0 48 30 40 32 20 7 18 27 17 27 18 19 22 44 29 21 27 40 32 32 25 32 20 20 33 40 24 33 4 5 42 26 40 51 20 12 32 43 35 24 23 40 30 44 15 13 20 24 24 32 29 29 21 38 22 22 25 29 28 26 44 39 21 6 22 37 15 13 13 29 47 30 15 15 14 34 6 2 27 23 6 27 21 23 34 34 12
0 48 38 25 31 16 26 30 28 16 36 38 24 29 0 40 14 38 30 28 15 41 15 20 25 50 41 8 16 25 12 15 36 43 29 24 25 31 10 17 15 21 7 23 9 12 8 35 28 32 15 38 36 35 13 5 31 48 31 47 32 44 39 31 50 35 27 19 38 28 5 28 31 25 23 5 31 4 28 25 31 34 34 16 23 30 42 31 40 12 33 17 35 40 44 36 22 33 1 10 35
0 18 33 24 22 22 42 20 17 26 11 0 10 39 13 0 46 27 26 31 21 41 21 29 42 45 25 12 7 43 2 25 9 34 28 18 29 26 35 4 19 36 24 36 22 29 2 27 18 14 31 18 7 30 31 21 34 24 12 25 1 9 16 21 38 13 10 39 23 31 38 22 18 41 26 13 20 22 14 37 24 24 21 25 13 20 16 26 11 4 31 12 6 38 35 37 10 20 18 28 21
0 14 37 23 13 19 16 10 30 34 15 7 27 10 20 22 0 38 8 22 28 44 18 18 33 27 23 20 39 48 44 4 32 14 26 24 31 27 18 41 25 31 26 27 15 33 26 21 11 12 21 19 48 16 42 23 43 7 22 31 25 7 28 32 44 48 18 4 34 45 14 32 20 9 17 32 21 35 16 0 8 35 28 2 18 33 8 25 7 37 42 24 38 31 26 15 33 40 20 20 41
0 20 48 25 27 45 22 21 36 13 17 21 15 5 20 13 24 0 36 6 46 44 17 28 3 39 11 37 16 26 22 24 30 42 8 26 39 5 35 29 16 39 32 40 31 17 46 15 18 23 30 41 41 10 40 36 26 29 39 37 35 16 38 48 30 21 33 37 3 29 35 7 9 24 30 45 36 26 16 8 26 30 8 25 31 15 9 35 21 13 32 17 33 45 38 30 27 32 13 29 30
0 27 45 36 33 28 10 38 33 35 38 36 27 28 32 26 17 14 0 38 46 29 28 50 15 8 12 32 40 18 12 31 26 16 16 28 26 12 42 18 8 16 27 17 44 42 27 15 2 23 5 10 27 36 21 32 30 49 11 0 40 16 37 23 6 22 8 32 22 15 29 30 10 31 7 21 8 30 23 24 22 29 2 16 1 46 36 18 11 49 40 45 22 29 37 11 18 13 24 41 34
0 28 39 28 8 20 3 40 34 25 38 13 26 40 25 36 48 23 18 0 12 24 18 38 9 34 14 33 27 34 23 25 27 8 18 25 26 26 26 38 15 22 35 32 4 49 30 34 23 32 4 37 25 26 8 26 25 45 18 24 49 32 25 49 17 16 23 15 30 32 32 47 41 21 49 38 9 26 16 30 14 17 45 24 11 18 31 25 25 8 28 18 10 28 40 16 25 23 23 33 40
0 27 16 27 40 34 43 4 19 17 34 34 49 26 21 25 11 23 19 39 0 21 42 48 34 30 1 30 33 26 40 27 30 41 19 25 22 35 28 36 19 32 46 28 46 48 35 38 25 20 34 13 33 30 20 24 16 37 21 28 33 33 28 47 32 50 29 22 6 40 30 11 35 18 16 48 42 33 15 11 32 45 26 50 27 19 5 25 35 29 16 48 47 26 27 35 49 37 39 29 39
0 26 28 17 37 21 37 34 28 39 25 22 10 22 11 20 19 19 9 38 18 0 8 24 43 23 29 18 16 27 19 22 7 44 43 21 26 41 40 38 35 33 21 37 23 27 38 41 42 25 38 25 39 25 50 17 40 24 29 43 34 45 34 33 25 15 7 34 29 39 27 26 22 19 37 38 38 33 32 18 49 48 44 22 21 21 22 4 27 32 12 11 47 40 25 49 42 31 12 10 32
0 40 47 25 22 22 26 14 33 33 42 27 16 22 3 37 15 44 20 24 30 28 0 22 12 26 28 21 16 16 15 45 21 21 26 10 32 29 20 13 23 38 32 35 25 44 31 28 17 27 41 12 27 13 22 25 10 31 8 21 14 20 34 21 5 10 6 21 31 38 28 29 6 20 16 10 7 8 30 22 37 33 40 26 17 23 8 4 40 30 14 18 46 28 43 4 28 35 39 18 18
0 37 37 16 38 22 36 21 34 22 39 29 8 38 21 39 42 28 21 28 24 23 30 0 43 23 32 28 38 11 18 6 12 22 19 20 13 33 25 25 38 25 11 41 4 24 47 15 41 20 16 4 23 24 44 4 46 35 34 32 5 43 32 15 10 32 48 34 36 48 30 13 6 44 5 18 23 22 32 10 23 19 38 38 30 24 29 31 41 50 32 7 41 38 24 27 17 32 20 31 35
0 28 14 32 24 19 32 28 28 41 23 25 42 28 40 46 16 29 36 35 23 44 20 43 0 50 25 24 49 34 19 8 6 20 15 6 28 17 7 21 19 30 29 17 6 38 31 12 20 19 41 14 41 17 21 30 22 3 27 41 43 34 29 38 23 24 3 28 28 21 17 26 32 22 30 28 41 22 25 16 41 4 9 38 25 32 33 25 16 44 41 37 29 32 33 15 25 14 9 16 32
0 0 19 40 30 4 5 13 41 4 30 11 23 19 2 10 27 11 12 19 42 27 30 14 47 0 34 33 10 24 27 32 18 42 38 16 36 25 18 30 27 17 17 33 30 21 2 13 36 14 43 31 3 37 18 35 37 24 16 14 23 26 23 38 46 27 33 33 18 21 19 41 35 15 31 18 23 36 14 30 28 8 44 19 21 11 10 9 8 20 38 43 13 20 21 10 19 38 20 19 33
0 31 13 18 11 24 28 9 32 39 38 12 20 17 6 5 8 21 36 43 23 19 47 3 18 32 0 48 19 29 18 41 40 23 28 31 38 37 41 22 31 21 38 18 21 27 30 43 29 20 22 30 40 24 40 14 19 28 42 47 38 15 30 4 48 33 32 7 17 11 20 14 36 29 10 40 21 43 24 21 42 24 18 49 14 32 18 32 16 35 14 26 10 16 17 21 16 43 12 34 26
0 15 21 2 31 23 12 20 35 28 18 24 24 17 27 22 22 39 11 23 24 30 43 22 31 13 7 0 18 18 26 30 46 23 23 38 29 21 41 45 33 25 19 32 12 36 2 37 21 41 23 34 41 29 24 5 31 27 20 34 12 21 12 37 30 12 20 20 9 18 19 9 19 37 40 7 38 25 32 28 17 30 25 15 19 39 13 19 42 27 30 21 15 22 33 30 13 15 32 21 36
0 23 30 25 31 25 19 14 34 42 26 35 25 27 25 35 33 41 10 25 3 22 38 20 27 38 16 43 0 48 28 19 32 35 12 35 39 29 12 44 48 38 23 16 29 10 33 33 33 12 4 11 50 22 10 19 41 17 35 23 7 49 30 50 28 18 29 27 14 32 30 16 32 36 38 20 13 42 18 41 34 20 20 36 29 27 23 21 29 42 15 23 13 34 26 28 28 33 24 16 20
0 12 21 18 14 44 14 18 25 24 25 22 27 21 28 17 40 21 16 16 24 37 40 27 5 9 24 31 5 0 36 36 45 34 25 23 9 22 15 23 37 38 13 38 30 18 22 29 35 30 29 22 26 23 38 23 22 7 21 22 21 24 31 25 23 28 45 27 26 35 26 27 11 12 29 32 36 39 49 1 32 24 26 2 10 34 22 21 34 39 23 20 17 18 32 27 29 33 3 14 19
0 49 23 35 7 29 23 32 14 42 18 26 45 5 20 23 25 29 13 41 34 31 33 37 38 36 10 21 29 19 0 42 30 12 16 28 25 35 9 21 18 39 21 26 46 37 44 21 24 5 21 40 16 50 30 17 25 27 23 49 27 29 28 14 15 20 20 40 31 21 37 30 21 34 8 34 13 11 22 15 27 23 23 49 33 26 28 47 23 44 35 26 1 27 25 21 26 21 21 22 32
0 12 36 20 7 7 22 15 28 22 30 18 18 50 47 19 9 11 27 34 29 8 5 38 13 36 6 32 47 29 5 0 25 31 37 15 36 28 14 20 43 16 22 39 10 21 39 37 10 21 32 46 43 33 18 42 47 22 43 21 19 19 21 18 35 20 38 19 4 46 44 7 13 27 33 37 23 25 33 20 0 30 17 23 42 12 43 25 37 18 45 20 37 20 39 47 35 25 32 44 13
0 7 28 24 16 21 36 17 11 35 24 8 38 31 22 13 31 28 6 14 20 25 37 12 13 21 7 18 32 29 16 30 0 25 18 46 2 41 33 27 35 37 23 39 30 18 45 51 21 31 25 37 36 29 37 24 4 12 17 41 30 32 27 18 21 17 35 11 41 29 27 19 3 47 22 31 24 1 3 30 39 39 19 18 17 22 10 22 36 36 36 44 16 4 0 37 13 17 18 38 20
0 31 40 12 48 28 34 12 31 29 38 28 37 3 27 45 36 30 15 12 35 21 23 6 43 33 30 42 8 36 21 30 21 0 37 35 9 23 34 27 36 11 17 42 42 14 22 16 23 22 25 42 16 35 2 47 21 4 1 40 13 18 19 29 5 20 23 31 11 35 37 19 37 18 45 29 4 13 23 3 22 10 23 38 22 14 30 28 3 23 31 19 22 22 1 37 40 19 43 27 34
0 28 4 28 34 44 47 37 39 2 22 11 10 49 38 36 17 35 2 31 45 21 5 12 25 49 16 29 34 22 24 11 34 2 0 22 23 7 44 29 17 36 30 39 25 26 8 30 46 46 50 6 2 11 41 33 26 22 2 17 28 47 14 30 8 32 12 19 37 16 7 14 21 37 6 34 44 18 21 24 34 13 17 21 14 21 3 43 22 25 20 6 34 24 40 15 6 30 25 11 2
0 23 17 18 28 16 38 42 18 8 24 17 22 17 22 24 37 47 20 18 11 41 36 15 3 20 0 20 33 28 20 31 37 28 46 0 25 15 31 31 21 12 16 31 26 20 6 18 17 28 39 31 19 21 20 6 16 31 21 32 47 37 14 30 22 21 29 15 44 23 38 30 27 14 38 15 27 16 20 35 16 40 18 36 40 32 23 22 49 11 24 31 25 21 15 19 12 17 28 50 12
0 17 32 49 37 28 15 34 30 5 38 24 7 16 22 12 12 39 2 19 30 6 7 20 30 21 23 19 25 10 32 25 36 29 28 35 0 19 34 37 45 46 38 38 22 7 21 15 18 23 3 16 23 21 32 20 29 22 26 27 13 19 31 25 31 51 28 32 13 39 37 3 21 23 9 41 38 29 6 50 29 39 27 22 25 40 27 23 31 9 31 45 33 4 19 32 18 30 26 34 41
0 25 25 30 12 8 29 22 30 39 11 22 38 37 23 28 7 29 19 28 34 25 34 29 9 18 11 33 20 14 29 8 25 16 20 11 30 0 20 14 3 30 39 19 29 10 27 11 16 14 10 10 33 13 26 38 25 22 34 18 16 28 30 35 30 27 31 10 41 14 21 35 20 23 32 12 31 29 26 20 19 38 10 42 19 32 23 17 27 25 30 28 39 28 32 31 31 32 29 24 37
0 45 2 25 18 36 31 34 37 23 43 33 23 30 27 29 37 42 33 12 26 27 16 11 18 48 45 6 24 29 11 18 25 9 19 15 22 15 0 21 27 4 33 39 39 13 35 21 14 5 19 6 16 33 28 26 32 37 12 15 33 20 25 11 45 38 18 10 32 23 19 30 29 14 23 22 26 48 21 31 34 25 19 10 32 35 16 14 49 17 39 40 33 41 40 30 15 23 19 26 8
0 34 25 26 34 25 31 19 2 23 16 26 27 32 27 14 22 19 23 23 21 10 46 22 26 28 1 29 46 31 15 13 40 32 29 35 21 37 6 0 16 1 25 27 26 19 17 22 30 22 33 36 30 20 38 24 37 35 18 28 26 22 23 15 44 29 12 45 17 4 25 19 24 24 33 24 25 16 26 34 35 30 42 12 40 25 25 25 35 32 10 35 46 9 10 19 26 25 19 30 12
0 29 32 11 19 25 23 25 16 26 18 17 23 26 34 10 26 29 16 17 21 12 37 6 24 17 10 22 21 38 30 12 38 45 33 43 30 3 9 6 0 14 34 18 14 23 19 9 29 7 28 29 31 14 30 14 38 14 20 47 12 9 17 21 14 2 13 2 20 42 26 36 41 11 24 32 30 39 8 23 22 30 33 3 49 33 19 11 46 16 22 35 27 38 34 22 25 16 29 16 27
0 35 10 30 31 17 31 25 43 43 42 25 26 31 31 42 29 38 1 27 17 30 14 25 34 25 26 28 30 28 31 35 30 19 20 23 23 23 7 31 24 0 12 23 22 23 21 19 15 19 44 32 29 32 21 29 35 38 10 28 36 19 24 15 17 23 35 1 23 32 48 31 33 37 29 38 20 17 31 21 36 20 26 19 18 6 3 14 31 20 9 18 37 34 16 36 38 29 25 39 26
0 23 26 38 34 49 15 14 6 42 17 40 45 29 31 9 15 20 16 16 26 23 5 22 11 12 34 34 40 20 50 39 21 20 34 43 42 4 50 40 8 16 0 11 28 26 19 43 24 28 14 32 21 33 29 20 32 36 17 19 11 25 30 37 26 13 28 21 36 30 40 14 29 15 43 35 21 35 12 3 23 6 32 13 39 45 40 26 33 18 12 34 21 21 15 40 21 20 23 42 47
0 10 21 20 18 20 27 24 10 20 48 11 16 27 50 6 32 32 17 28 41 24 21 41 37 37 1 3 18 16 32 5 22 11 24 14 19 36 27 27 20 25 33 0 25 8 7 38 14 24 21 25 15 28 25 18 44 30 43 18 22 20 22 6 28 33 30 35 24 32 26 14 11 25 40 28 19 15 46 38 48 47 18 38 28 28 16 26 30 31 26 30 31 38 31 1 17 40 3 33 11
0 32 4 23 35 23 34 36 13 32 46 29 38 31 36 18 16 1 16 36 43 10 17 7 35 46 21 12 43 33 15 2 15 37 13 36 20 18 17 22 21 45 42 20 0 19 35 19 28 10 8 39 34 24 31 4 18 14 46 44 12 30 30 27 35 32 6 20 29 21 14 30 47 29 6 19 25 5 37 20 31 29 13 8 24 19 38 13 14 15 26 34 31 30 3 34 23 30 3 28 23
0 23 3 32 50 33 44 17 11 15 8 17 20 19 6 29 22 16 31 28 28 11 26 13 37 45 21 30 46 27 4 11 26 20 39 14 12 44 40 40 10 45 23 45 43 0 13 21 40 37 12 22 16 7 10 5 17 32 28 17 47 34 33 22 28 24 14 20 23 22 16 14 27 27 45 8 22 41 29 27 17 24 11 35 19 13 37 37 24 31 19 26 33 15 20 19 22 9 21 22 22
0 27 9 30 50 22 32 7 18 9 40 12 9 13 8 14 20 3 44 35 21 34 15 35 10 10 8 31 23 7 20 31 6 5 25 22 19 37 35 19 21 37 26 43 38 30 0 19 17 13 25 30 25 10 29 35 29 18 44 39 33 24 51 2 17 22 34 45 7 36 40 20 19 43 5 27 16 22 43 43 39 36 19 30 34 20 18 18 20 21 19 35 17 43 24 17 12 43 23 31 31
0 25 43 23 34 19 37 0 33 32 20 2 17 25 38 11 11 35 31 21 24 28 39 28 33 33 42 8 42 10 6 40 30 29 29 24 26 7 14 51 42 27 20 26 30 17 31 0 27 31 8 31 35 34 43 18 27 46 50 23 24 29 12 18 30 21 18 19 21 17 26 43 33 22 32 26 23 26 40 34 38 39 34 16 28 33 35 19 35 17 24 32 21 10 6 18 34 18 16 30 23
0 26 28 21 15 26 16 33 18 34 28 22 27 42 24 6 23 33 46 25 33 36 31 27 18 12 16 38 36 35 37 36 12 27 27 16 8 31 29 15 46 31 11 33 41 22 38 45 0 31 41 36 15 8 19 10 42 22 17 10 43 41 39 39 31 4 19 22 39 44 2 33 36 38 10 18 16 30 27 30 12 38 28 15 19 36 45 40 31 43 29 18 26 33 29 9 28 6 31 22 10
0 33 14 37 28 4 26 30 19 20 24 42 33 28 35 8 28 42 5 13 19 28 39 29 13 34 41 33 29 35 11 12 23 31 26 13 5 41 33 12 10 20 29 12 46 12 28 10 37 0 13 22 20 16 47 29 19 37 39 12 26 29 31 34 9 30 15 11 44 32 26 19 15 18 26 0 22 26 27 31 35 46 27 23 38 12 17 23 21 15 25 11 23 48 25 2 39 13 35 15 27
0 41 25 23 33 34 25 32 45 24 17 43 28 39 44 12 16 29 25 19 14 18 32 22 18 17 15 32 4 25 15 11 27 14 34 23 20 29 31 8 43 29 46 28 29 20 28 21 31 21 0 16 14 28 31 22 36 22 23 51 20 36 19 22 21 33 25 15 36 5 18 35 19 26 31 38 40 17 27 32 6 19 28 13 16 33 25 38 14 24 29 19 25 27 23 20 46 41 36 17 1
0 15 42 16 12 38 41 45 33 40 42 24 27 11 22 29 50 6 15 25 13 39 25 27 7 30 21 23 21 17 28 22 23 10 23 17 16 21 41 21 37 21 15 38 21 8 31 27 33 39 25 0 46 9 45 13 50 41 33 36 38 41 28 45 2 18 22 38 15 24 6 45 28 20 41 38 12 33 25 31 8 28 20 30 17 38 43 28 25 19 45 19 29 29 24 30 22 9 21 27 5
0 22 10 19 17 32 13 17 21 30 32 32 11 20 7 38 49 22 45 31 4 27 34 29 23 13 25 39 17 15 18 4 29 46 27 21 27 35 13 22 30 38 41 22 26 29 44 19 29 30 33 16 0 40 35 13 29 50 22 35 19 37 17 37 22 22 6 14 22 43 31 42 9 38 2 38 14 12 28 48 26 4 20 34 13 6 28 18 44 26 14 24 29 32 22 31 31 23 22 7 17
0 12 24 17 10 24 21 28 10 14 33 37 2 30 46 27 18 9 15 30 24 39 10 47 45 27 35 36 31 22 10 27 19 26 34 12 21 27 32 27 50 17 29 26 25 40 36 15 33 4 1 41 39 0 24 14 30 21 32 43 27 14 26 19 27 42 10 20 28 24 20 45 29 19 16 28 6 27 43 25 23 22 14 33 11 10 31 37 38 38 19 4 19 37 15 1 34 6 2 29 4
0 17 7 19 23 38 46 34 25 39 35 18 19 39 31 13 29 21 24 32 25 17 15 19 36 13 11 7 32 39 23 26 9 22 24 18 37 42 38 27 5 18 20 1 17 13 18 25 31 39 34 32 33 36 0 32 13 34 5 35 13 11 29 16 49 41 3 14 26 48 23 36 30 36 46 19 38 27 33 19 10 34 20 18 26 12 27 30 32 16 39 35 37 30 23 19 37 38 32 28 16
0 27 12 27 31 30 36 12 38 17 27 23 45 15 24 31 23 36 24 8 19 34 25 41 15 21 13 44 34 21 25 35 37 25 36 14 42 2 36 16 4 5 32 34 26 27 33 25 41 44 26 41 41 22 14 0 17 26 27 32 48 15 24 31 27 29 34 32 13 14 21 37 14 20 27 22 31 8 16 14 22 49 20 29 26 5 24 36 18 14 9 32 29 28 20 5 49 23 37 7 42
0 13 27 9 50 21 31 11 7 25 36 36 11 21 17 26 43 22 18 19 22 19 21 20 12 39 36 49 26 28 46 34 41 24 11 45 27 26 9 9 21 38 31 9 49 6 12 20 28 16 27 41 17 12 11 20 0 10 5 38 27 19 35 14 35 18 17 31 16 23 48 16 46 22 42 19 23 39 26 27 5 39 48 37 20 43 35 19 12 23 12 20 37 12 37 2 27 15 31 20 38
0 47 25 24 33 43 43 17 10 36 17 8 13 14 14 33 18 16 14 45 14 45 36 37 29 4 42 32 41 30 41 21 14 27 29 10 19 13 25 37 49 37 26 16 33 14 19 32 17 40 16 28 20 14 25 5 29 0 26 19 27 6 20 33 4 36 32 27 22 32 1 43 21 33 30 40 40 42 45 32 12 2 23 32 30 37 41 21 36 38 30 49 19 24 11 10 25 16 21 32 19
0 20 0 27 21 20 32 4 42 45 10 2 3 15 26 13 38 2 40 27 25 32 20 27 7 38 20 32 1 2 38 19 30 19 31 13 10 10 34 38 16 37 30 24 49 22 8 29 30 23 26 16 20 15 41 31 27 4 0 32 46 24 42 38 28 21 39 12 31 34 21 36 28 13 24 17 15 37 35 13 38 26 6 7 17 10 21 44 31 44 36 40 37 28 32 23 40 28 15 5 20
0 1 15 26 22 51 8 29 44 36 28 12 12 42 18 32 19 8 37 34 20 25 3 22 30 24 40 35 36 33 26 28 33 33 31 22 23 27 3 30 37 38 17 35 24 22 28 13 3 43 43 7 15 17 28 33 32 27 32 0 27 37 36 24 8 34 49 17 21 30 23 22 16 3 11 28 17 26 30 20 16 32 44 47 29 6 0 31 30 38 40 18 14 36 4 23 31 31 29 27 13
0 31 19 21 37 8 29 10 29 20 21 19 15 19 22 27 28 24 22 30 14 17 13 28 15 8 42 14 43 25 9 20 33 10 20 33 5 31 36 36 38 44 30 40 23 20 6 34 24 44 9 31 18 38 6 27 44 16 27 32 0 7 18 30 17 35 16 23 9 34 36 12 30 6 20 28 9 27 12 25 12 21 10 41 13 42 15 40 16 8 21 20 33 19 35 34 13 28 8 37 22
0 13 19 9 32 28 30 20 30 28 7 44 30 15 28 27 26 38 17 26 23 31 41 31 29 31 30 27 36 36 49 11 20 40 23 23 22 22 19 10 22 23 26 3 36 34 16 12 12 22 14 45 33 18 37 25 34 34 35 19 33 0 28 31 11 49 39 25 46 31 45 27 23 33 27 36 42 30 20 27 9 32 17 12 22 18 19 18 16 30 24 49 4 9 23 51 42 12 33 18 8
0 11 41 4 27 22 44 34 20 15 28 25 24 16 30 16 1 18 9 42 18 17 37 22 27 12 35 14 22 19 40 1 30 36 23 18 46 23 30 12 28 33 21 33 32 46 18 42 13 30 42 38 37 21 24 46 23 44 11 45 16 36 0 22 22 19 34 7 50 23 45 36 7 41 21 29 10 28 16 5 41 29 26 37 10 24 39 25 28 44 18 27 19 39 15 37 37 39 12 7 30
0 32 35 2 14 18 32 3 44 35 35 14 29 28 27 29 37 47 23 21 19 33 43 29 8 27 29 10 20 16 23 18 15 13 24 28 31 36 17 16 30 30 24 30 23 35 14 10 39 29 5 21 11 31 40 39 27 20 29 17 19 6 18 0 21 37 19 23 29 12 22 20 6 31 15 26 7 24 19 36 16 5 15 27 21 43 28 17 26 22 0 46 7 24 32 40 4 5 18 18 19
0 38 17 20 32 27 36 32 35 30 14 32 1 23 30 27 12 25 34 35 22 25 0 28 28 2 43 11 38 22 19 47 23 37 27 49 9 45 37 20 8 31 19 22 35 21 22 21 12 16 13 20 22 40 35 15 48 14 7 29 44 20 11 32 0 21 26 23 33 29 19 12 33 29 10 11 24 25 15 15 21 28 17 20 38 37 18 3 31 20 10 25 8 23 34 25 11 22 30 18 24
0 18 3 43 40 8 20 22 23 14 24 34 19 11 12 33 32 33 22 31 3 33 32 31 20 22 5 19 42 40 35 21 12 18 27 37 29 26 38 28 34 17 44 7 25 29 17 24 24 48 6 11 42 16 24 28 15 34 39 8 19 38 36 37 16 0 17 14 9 3 18 22 25 23 19 34 31 22 28 46 27 29 28 37 28 25 35 17 32 24 8 21 20 31 26 29 11 12 39 11 11
0 13 10 29 22 27 18 25 28 21 25 16 43 21 21 26 21 34 28 35 46 42 7 17 39 28 27 28 20 23 21 48 22 37 19 20 26 21 42 16 9 30 26 17 11 16 20 34 39 30 3 36 22 14 18 33 23 18 28 23 27 48 22 16 30 14 0 48 20 24 13 42 32 39 16 23 26 34 12 40 10 34 37 32 8 12 12 34 16 31 25 25 45 19 29 20 26 23 19 6 12
0 33 10 22 10 41 25 30 45 23 28 24 30 14 26 26 47 29 17 35 13 4 31 12 25 20 13 11 13 15 13 28 17 21 27 18 34 11 12 43 20 35 29 31 42 25 25 35 27 30 39 24 26 14 1 38 50 24 24 31 28 20 16 1 26 28 29 0 44 28 13 37 13 7 1 9 32 30 19 37 1 18 37 16 25 9 29 18 16 26 21 36 22 38 37 25 29 31 43 22 13
0 23 20 29 35 22 37 36 40 13 38 17 41 35 34 13 27 4 24 22 36 17 11 21 11 12 42 33 23 26 19 26 29 30 32 37 33 39 25 21 17 10 35 28 33 24 11 32 28 24 19 38 34 18 27 37 30 25 2 21 28 45 48 25 11 24 38 13 0 30 37 9 17 8 32 37 17 49 15 32 39 15 21 48 21 25 34 26 26 21 25 19 11 32 45 50 6 19 33 17 21
0 32 13 41 20 0 46 29 15 18 44 46 18 35 0 0 28 21 37 48 32 12 29 19 34 43 19 11 20 31 37 37 39 50 15 25 25 34 33 28 12 4 19 17 41 30 17 32 30 47 46 6 8 22 39 14 24 41 12 30 23 30 30 35 49 41 11 31 21 0 31 3 14 24 28 19 15 14 24 34 36 30 12 11 27 18 9 36 49 2 34 27 13 21 21 22 23 32 21 21 20
0 26 33 40 14 21 25 29 9 16 15 19 20 9 8 15 8 33 32 31 16 38 32 9 33 31 44 18 5 36 9 14 30 18 6 39 16 23 24 3 23 27 15 36 15 27 32 44 33 13 11 25 22 15 31 24 22 6 24 20 36 34 5 31 49 41 28 21 24 32 0 21 8 26 35 40 5 30 16 28 43 27 29 20 31 17 43 23 27 24 20 20 24 38 30 14 16 42 26 28 6
0 33 24 20 41 21 43 43 32 42 27 23 5 29 20 18 39 32 12 23 31 29 41 31 25 20 24 28 27 18 9 23 28 25 29 24 10 39 14 24 29 0 7 22 12 32 15 7 17 3 15 16 17 47 35 35 34 25 24 41 19 22 42 34 38 7 27 31 36 19 19 0 24 32 34 37 11 19 22 20 36 39 11 31 24 33 40 33 20 13 23 25 32 18 18 34 42 43 1 8 43
0 31 23 26 9 26 11 7 19 29 28 21 41 24 29 29 8 22 21 12 29 17 40 21 40 17 45 43 26 38 31 33 17 31 14 19 29 48 44 36 26 36 13 26 5 41 21 23 15 27 20 23 9 7 19 25 23 16 33 17 45 17 21 9 15 42 38 24 14 42 37 35 0 36 18 9 13 30 37 22 22 13 23 46 20 18 25 6 7 5 1 18 18 16 46 13 16 44 28 21 23
0 37 13 28 49 27 11 11 47 23 50 38 27 32 25 42 39 8 15 25 36 14 43 25 31 27 17 9 35 21 6 11 47 15 33 17 8 37 36 20 26 29 44 30 36 39 17 19 24 27 19 5 33 40 32 19 31 13 26 36 14 15 28 14 42 15 25 35 35 4 41 26 8 0 2 27 25 50 15 27 8 2 20 6 17 16 11 35 42 11 32 20 22 23 25 36 28 36 24 36 32
0 16 33 28 15 23 7 27 16 26 26 30 20 33 6 22 15 24 36 31 24 30 30 40 33 29 46 33 39 18 3 20 29 33 20 21 41 11 46 13 34 34 35 19 27 3 25 36 32 32 27 8 11 17 9 25 11 22 33 24 29 22 31 1 3 20 20 44 12 33 18 16 19 22 0 28 23 20 9 14 19 34 25 6 38 31 15 12 20 21 4 8 17 31 35 22 37 42 9 14 5
0 26 41 11 37 11 24 22 27 46 8 20 50 18 45 20 3 18 27 3 6 35 39 40 35 24 26 29 22 36 22 29 14 14 13 9 42 15 27 21 33 18 40 31 26 11 40 10 14 36 28 28 7 30 14 24 12 19 36 15 33 22 20 37 20 43 30 15 22 37 26 24 12 25 28 0 36 27 44 41 8 33 40 9 36 27 40 17 42 29 24 21 45 9 23 12 35 16 45 31 31
0 16 19 35 17 15 20 9 0 8 4 16 17 22 26 25 9 29 39 33 4 27 35 31 9 26 17 42 22 11 31 38 22 15 38 28 40 12 38 23 15 14 39 19 38 30 31 14 18 16 19 6 19 19 22 18 21 39 21 36 32 7 6 38 6 14 30 35 29 32 21 20 28 6 35 21 0 39 13 10 18 25 33 16 26 22 37 6 3 28 20 23 29 40 34 25 25 45 31 23 17
0 8 22 20 6 24 28 28 28 23 36 51 28 6 25 2 20 41 20 29 19 30 8 34 27 19 2 19 29 19 26 11 31 27 14 27 24 30 7 25 33 40 5 20 22 16 34 28 42 11 18 29 6 15 35 39 20 30 9 27 25 44 34 31 34 42 25 19 13 22 45 22 14 21 23 39 19 0 43 41 13 48 30 9 24 13 27 36 44 21 39 24 22 15 19 25 19 30 17 34 34
0 13 17 34 21 33 14 17 30 36 24 29 9 33 5 12 13 41 30 30 18 19 33 24 2 37 5 0 14 37 8 29 3 20 33 30 33 18 36 28 37 30 37 40 42 40 32 27 27 20 35 28 47 22 40 20 23 28 41 19 25 39 26 27 32 33 26 13 21 41 9 29 21 25 17 19 28 34 0 44 17 18 33 3 25 31 50 5 48 20 15 16 20 29 24 23 28 1 47 18 9
0 47 29 36 43 24 37 29 21 21 34 26 37 12 9 26 40 39 41 38 2 36 19 24 14 17 7 36 18 7 27 15 23 24 31 34 6 25 33 29 24 24 32 23 42 38 9 34 18 26 12 9 37 8 17 27 41 42 23 16 16 26 35 7 14 34 34 8 32 23 20 19 42 44 42 25 19 38 1 0 17 8 11 11 40 38 4 32 16 17 25 8 24 22 27 36 26 35 16 37 22
0 29 48 24 12 19 45 29 24 35 12 32 21 4 27 22 8 35 23 33 37 21 3 27 18 33 22 23 37 28 23 26 19 15 20 44 25 12 30 16 36 37 32 30 31 17 28 11 32 27 27 23 39 18 24 20 28 29 33 21 37 10 35 14 33 17 9 18 32 17 13 32 33 4 20 38 21 17 30 24 0 46 18 32 28 38 45 46 31 20 25 24 10 16 32 9 19 10 16 24 29
0 12 8 14 13 20 27 34 42 23 29 7 29 46 14 49 32 24 23 23 43 34 42 25 11 41 19 17 30 23 26 24 11 31 9 28 6 13 30 49 9 32 39 21 18 46 32 41 30 22 20 47 30 33 33 25 18 19 27 51 46 27 16 10 47 23 45 21 24 18 33 19 17 12 20 37 16 18 13 27 26 0 44 49 28 1 13 48 31 15 32 33 20 16 1 28 23 17 16 31 13
0 39 25 16 22 29 27 27 35 34 31 44 34 6 19 31 34 29 39 15 21 38 31 36 26 24 4 19 16 29 40 35 16 24 22 24 28 13 21 36 18 18 11 31 21 32 19 40 3 31 26 3 15 27 30 28 13 32 23 36 25 4 25 18 35 4 13 8 47 27 37 16 34 38 6 25 15 21 12 25 24 44 0 39 22 15 11 34 38 18 32 46 33 23 28 12 49 23 34 28 29
0 27 32 12 49 21 37 35 17 32 19 4 32 19 5 30 8 43 22 6 40 16 47 10 23 22 30 22 30 13 35 12 20 30 14 15 11 23 14 33 35 25 14 17 30 24 37 12 24 18 24 15 29 38 40 35 45 46 38 35 24 23 51 39 21 43 15 46 35 24 47 23 14 29 20 37 17 28 43 16 3 10 10 0 31 25 3 25 39 31 33 15 24 30 1 25 29 49 11 8 38
0 22 23 11 26 33 37 44 15 9 38 24 33 33 23 21 34 22 17 47 6 32 30 19 23 45 18 25 17 13 37 23 23 9 8 10 36 26 41 29 39 34 30 44 17 16 35 38 23 26 17 24 40 11 40 22 32 44 20 29 2 33 30 11 20 25 27 13 6 19 43 36 18 29 5 16 23 34 34 9 30 31 36 42 0 25 14 6 16 49 20 24 25 26 20 9 5 29 28 42 30
0 44 29 33 35 19 7 19 30 32 28 8 23 1 44 14 30 19 29 26 18 18 31 33 17 14 18 4 24 17 30 16 3 46 19 30 33 2 2 28 16 24 16 17 34 36 34 15 16 45 23 18 23 42 21 12 29 22 17 21 18 40 17 35 7 20 25 8 36 17 24 13 20 17 36 38 23 40 25 18 39 35 13 28 28 0 12 40 15 36 29 20 25 35 19 25 31 24 26 25 27
0 18 18 20 9 26 22 11 33 16 17 19 24 38 22 23 30 38 19 40 17 6 16 25 42 19 30 40 33 41 43 29 14 29 20 22 43 25 18 38 28 13 32 11 23 35 4 42 15 33 8 5 26 25 27 25 40 45 27 35 24 36 22 46 15 25 49 13 19 21 14 47 21 7 49 14 29 23 23 28 34 25 33 29 49 18 0 26 19 17 31 16 31 49 22 38 32 32 42 24 15
0 40 30 21 33 29 9 30 33 44 34 30 17 36 19 23 40 30 22 37 20 46 30 40 46 23 25 11 20 38 41 23 31 16 11 36 16 16 45 38 14 31 29 0 32 24 20 9 47 38 6 30 26 13 25 24 24 32 34 28 39 16 9 23 37 40 23 8 8 22 4 31 21 31 41 39 50 10 28 34 21 41 26 22 37 14 17 0 8 23 32 19 22 36 34 7 21 36 25 30 20
0 40 25 15 23 8 11 28 24 18 14 32 30 14 13 20 37 6 41 35 18 22 24 29 23 20 5 16 13 20 25 24 32 29 11 9 25 6 20 31 21 29 41 38 30 21 34 29 44 18 36 28 39 41 39 8 30 6 12 28 18 15 21 21 36 38 21 13 18 28 9 23 37 14 27 33 21 17 31 35 38 40 24 21 39 15 42 37 0 51 44 30 7 30 4 23 24 12 33 24 10
0 13 44 17 6 24 23 26 15 24 16 26 12 31 20 7 24 4 44 15 37 16 40 28 32 23 18 26 33 25 37 43 33 28 23 23 30 28 20 10 29 30 30 27 33 33 21 48 16 14 16 9 47 38 32 40 25 26 38 29 21 36 29 13 41 38 23 40 12 45 25 4 37 17 30 37 31 23 10 12 9 19 20 9 5 27 48 22 19 0 24 44 40 29 45 9 29 16 28 36 15
0 44 7 32 17 18 34 19 40 49 17 10 32 15 30 34 21 49 6 11 38 29 30 43 42 44 27 15 31 33 13 31 31 29 30 27 32 22 45 40 19 42 18 13 22 14 10 30 20 26 35 33 26 42 23 37 25 6 36 33 41 3 31 40 35 34 5 9 25 40 38 31 20 48 21 15 23 33 29 19 8 40 32 41 39 5 18 42 35 35 0 15 38 22 25 7 37 34 39 19 19
0 23 39 16 30 15 23 9 36 22 34 31 13 22 37 24 12 33 30 18 34 31 16 42 35 31 47 27 27 25 35 12 31 14 32 15 27 11 29 35 32 16 22 6 38 24 43 10 26 15 31 13 17 42 37 29 28 18 26 34 42 20 42 44 40 19 35 13 30 23 22 19 46 37 31 33 19 31 22 30 23 11 36 27 32 36 25 18 19 27 45 0 40 31 38 19 10 24 19 24 19
0 47 6 37 27 32 19 10 26 14 8 24 15 10 19 8 38 25 48 14 41 9 15 32 22 29 15 43 25 15 20 11 18 35 20 37 23 13 18 17 21 12 31 15 20 22 23 27 36 39 26 28 34 34 21 18 38 47 4 29 23 15 27 28 20 12 29 21 12 30 27 11 19 33 26 21 27 19 8 31 20 30 48 7 7 16 34 26 11 31 22 30 0 42 19 5 26 19 33 30 35
0 42 5 20 8 26 36 21 29 27 33 41 20 25 31 8 33 21 10 32 46 20 22 21 27 19 13 14 25 43 30 24 24 35 33 44 36 18 40 19 41 38 8 29 46 41 32 20 19 34 22 11 43 28 22 18 37 12 16 34 36 41 26 22 35 33 13 27 26 24 37 8 32 21 32 14 14 13 39 33 24 30 50 33 30 5 6 23 30 37 27 17 28 0 33 19 23 28 14 15 25
0 32 34 20 31 23 23 32 33 22 19 27 6 26 17 47 4 46 16 37 18 25 21 22 40 30 28 14 34 11 39 20 8 22 15 17 22 14 19 29 34 45 22 31 33 30 28 22 26 36 29 44 29 33 24 28 8 27 32 22 32 19 26 41 33 40 30 32 24 22 17 19 45 43 25 32 13 36 35 49 42 18 41 30 33 44 15 11 31 14 43 30 9 9 0 30 7 19 32 28 27
0 31 19 40 16 14 0 37 12 26 38 30 17 21 17 10 10 37 45 42 39 20 33 30 17 49 24 32 27 21 31 33 2 21 29 25 32 14 16 31 25 37 20 35 21 50 39 26 22 24 5 11 13 46 28 19 5 39 19 17 29 27 11 19 12 38 39 42 46 6 26 18 26 50 40 14 36 36 9 18 34 36 27 29 15 12 11 32 43 0 37 40 20 18 38 0 37 9 32 25 22
0 39 37 31 38 0 37 10 11 29 12 14 27 13 39 13 21 15 11 31 31 25 37 40 2 16 22 41 12 28 31 34 30 17 20 34 8 35 45 10 26 12 24 36 38 49 28 21 21 12 16 28 32 18 27 46 32 28 18 29 25 46 14 11 15 45 47 23 37 35 29 13 23 19 42 40 27 47 18 27 25 24 37 37 39 36 23 11 23 31 22 38 26 21 43 41 0 43 25 32 10
0 18 22 22 32 28 15 43 20 34 27 28 20 20 32 34 28 38 23 14 16 17 14 32 12 26 28 19 46 4 29 27 31 8 45 30 21 22 34 41 30 30 24 4 31 29 28 33 25 29 40 24 44 29 34 38 27 24 50 29 6 40 32 29 31 35 21 28 23 29 13 19 14 23 48 44 21 31 15 14 48 42 14 30 39 34 13 32 10 22 8 18 28 34 45 10 35 0 20 20 26
0 23 30 26 33 20 20 39 42 34 41 11 7 46 19 35 42 33 17 14 45 25 19 26 33 30 35 23 36 31 21 14 23 7 46 45 31 29 15 27 8 36 25 27 35 38 31 25 18 15 28 19 33 24 20 30 29 44 38 30 11 22 25 30 31 20 30 48 38 23 11 27 29 15 24 36 40 25 15 38 39 19 25 9 31 25 24 40 17 24 32 17 9 30 30 20 28 45 0 24 18
0 9 39 12 31 20 19 22 22 21 22 14 27 42 11 15 25 36 32 35 45 29 39 16 36 17 43 31 37 21 47 14 34 26 27 35 16 45 14 17 39 29 22 3 27 19 7 36 36 28 19 37 11 25 29 21 33 18 46 40 34 16 17 26 19 16 26 6 41 22 41 34 39 32 38 16 33 39 13 24 6 30 28 32 36 13 24 11 23 42 28 21 3 34 21 47 24 17 51 0 46
0 39 4 39 49 28 17 33 12 26 37 35 33 26 23 37 16 32 26 24 34 28 13 10 14 19 30 34 29 31 31 18 51 29 18 31 1 26 37 29 28 29 9 1 26 15 20 40 31 50 34 46 25 18 18 42 8 46 16 28 21 9 35 10 26 44 47 14 35 17 30 35 37 31 29 27 18 16 27 28 28 35 19 48 27 19 19 29 20 36 21 28 10 23 32 17 25 32 49 25 0
