100 2
1 992 9 6
8 1328 3 10
6 532 8 7
7 847 1 8
5 721 10 5
6 648 7 6
11 521 6 9
7 1190 5 5
5 1216 5 3
5 1032 3 3
16 575 7 9
18 795 9 8
17 661 4 7
30 769 1 10
31 1248 10 10
25 1181 10 8
21 1479 5 6
22 1354 6 5
19 1316 2 4
34 948 8 7
27 1424 6 5
27 1124 3 5
11 845 6 2
57 1148 7 10
38 851 8 6
51 984 1 8
26 646 9 4
59 1259 10 9
68 905 4 10
58 952 10 8
51 1196 10 7
60 988 4 8
53 708 3 7
79 920 10 10
48 1348 5 6
80 895 4 10
85 1024 6 10
52 539 10 6
70 1300 8 8
79 1500 1 9
54 1173 4 6
18 677 6 2
9 1503 1 1
93 550 10 10
56 677 7 6
90 1453 10 9
20 1512 1 2
61 1161 3 6
41 1151 7 4
72 1131 2 7
83 695 10 8
67 1251 2 6
56 530 6 5
91 1349 7 8
12 561 10 1
28 900 6 2
14 922 9 1
29 1441 9 2
73 581 5 5
88 1495 3 6
74 1196 8 5
30 538 4 2
61 759 8 4
47 990 2 3
95 1264 3 6
100 1098 2 6
51 1484 5 3
69 958 1 4
52 567 4 3
70 818 5 4
53 644 3 3
18 614 9 1
55 687 10 3
38 1371 3 2
96 513 8 5
96 1405 8 5
97 1189 4 5
39 711 8 2
59 759 1 3
64 573 10 3
87 1162 2 4
44 996 2 2
24 698 1 1
51 704 7 2
82 1410 1 3
85 922 1 3
29 926 2 1
87 1248 9 3
30 707 1 1
61 1504 6 2
41 1278 3 1
86 1162 10 2
89 1064 2 2
91 1250 1 2
92 1267 4 2
93 804 6 2
63 1225 4 1
63 840 10 1
70 653 6 1
92 1073 7 1
SETUP
0 10 10 10 10 10 12 9 9 4 8 7 8 9 6 10 14 13 11 3 7 7 6 13 5 4 7 7 13 10 7 10 9 6 9 12 8 9 9 13 9 8 9 7 6 11 10 9 7 11 9 8 8 9 11 5 7 9 16 12 11 8 13 3 8 13 5 8 9 9 8 9 5 10 7 11 7 7 10 7 10 8 8 10 7 12 7 10 3 11 11 8 6 8 11 8 12 10 7 14 14
0 0 2 5 0 0 7 0 4 4 4 6 3 7 4 4 10 8 3 3 4 5 2 8 4 4 4 6 9 6 5 6 4 4 4 5 0 8 3 5 7 0 1 6 6 3 3 4 1 10 6 5 6 8 3 5 6 1 8 7 7 4 8 2 4 4 4 4 5 7 8 4 5 3 7 10 7 3 4 7 6 7 4 5 6 8 5 0 3 4 9 4 4 6 5 5 7 6 5 11 6
0 8 0 3 7 8 5 7 6 4 2 7 1 7 6 7 8 9 6 3 3 7 6 10 5 4 5 7 7 4 4 5 8 6 2 6 8 9 7 6 9 7 5 5 6 8 8 2 6 8 6 4 6 9 1 5 4 6 13 5 11 8 9 3 4 3 5 6 7 8 8 9 5 1 7 9 6 5 3 7 4 7 8 7 5 7 3 8 3 4 9 2 6 7 11 3 5 4 3 9 10
0 9 10 0 9 9 8 9 9 4 7 7 8 9 5 10 11 12 8 3 7 6 3 13 5 4 4 6 12 9 6 7 6 6 7 10 8 9 9 13 8 8 2 7 6 8 10 7 7 11 9 8 8 9 11 5 1 9 11 10 10 5 11 3 8 9 5 5 6 8 8 9 5 10 7 10 7 4 10 7 7 8 8 4 6 9 7 9 3 9 9 7 6 8 9 8 10 7 7 14 11
0 10 9 8 0 10 12 9 9 4 8 7 8 7 6 10 13 13 11 3 7 7 6 13 4 4 7 7 13 7 7 10 9 6 9 12 7 9 9 13 9 6 9 7 6 10 8 7 7 11 9 8 8 9 10 5 7 6 14 10 11 8 13 3 7 12 5 8 9 9 8 9 5 10 7 11 7 7 10 7 10 8 8 5 7 12 7 10 3 11 11 8 6 6 11 8 12 9 7 14 13
0 6 2 5 0 0 7 0 4 4 4 6 3 7 6 4 10 8 8 3 4 5 2 8 4 4 7 6 9 6 5 7 4 4 4 5 0 8 3 5 9 0 6 7 6 3 3 4 1 10 6 6 8 8 3 5 6 1 8 7 7 4 10 2 6 5 5 5 6 9 8 6 5 3 7 10 7 4 4 7 6 8 8 5 6 9 5 6 3 6 10 4 4 6 5 5 7 6 5 11 6
0 9 10 10 9 9 0 9 7 4 8 7 8 9 6 10 3 13 11 3 7 7 6 11 5 4 7 7 13 10 7 10 9 6 9 12 8 9 9 12 9 8 9 7 6 11 10 9 7 11 8 8 8 9 11 5 7 9 12 12 11 8 11 3 8 13 5 8 9 9 8 9 5 10 7 11 7 7 10 7 10 8 8 10 7 7 7 9 3 9 11 8 6 8 11 8 12 10 7 14 14
0 6 8 7 6 6 11 0 4 4 7 7 6 9 6 10 13 11 9 3 4 7 2 8 5 4 7 7 12 9 5 10 5 6 7 9 6 9 9 5 9 6 7 7 6 7 3 7 7 11 9 8 8 9 9 5 7 7 14 10 7 4 10 3 8 10 5 7 8 9 8 8 5 9 7 10 7 7 8 7 9 8 8 9 6 10 7 6 3 10 11 7 6 8 8 8 10 9 7 14 8
0 2 4 7 2 2 9 2 0 4 6 7 5 8 6 6 12 10 5 3 6 6 4 4 5 4 6 7 11 8 7 8 6 6 6 7 2 9 5 7 9 2 3 5 6 5 5 6 3 10 8 4 6 9 5 2 7 3 10 9 9 6 9 3 6 6 4 6 7 9 7 6 5 5 7 11 7 5 6 7 8 8 6 7 7 10 7 2 3 6 9 6 5 8 7 7 9 7 7 12 8
0 10 10 10 10 10 12 9 9 0 8 7 8 9 6 10 14 13 8 3 7 7 6 13 5 4 7 7 13 10 7 10 9 6 9 12 8 9 9 13 9 8 9 7 6 10 10 9 7 11 9 8 8 5 11 5 7 9 16 9 11 8 13 3 8 11 5 8 9 9 8 9 5 10 7 11 7 7 10 7 10 8 8 6 7 12 7 10 3 9 11 8 6 8 11 8 12 10 7 14 13
0 6 8 10 6 6 9 6 4 4 0 7 8 9 6 8 12 13 9 3 7 7 6 8 4 4 7 7 13 10 7 10 9 6 9 11 6 9 8 7 9 6 6 3 6 9 6 7 7 11 9 2 4 9 9 5 7 7 14 10 11 8 9 3 8 10 5 5 6 9 7 9 5 9 7 11 7 4 10 7 7 8 8 7 7 12 7 6 3 4 7 8 6 7 11 8 12 7 7 7 12
0 10 10 10 10 10 12 9 9 4 8 0 8 9 6 10 12 9 11 3 7 7 6 13 5 4 7 7 11 10 7 10 8 6 9 6 8 9 9 11 9 8 9 7 6 4 10 9 7 11 9 8 8 9 11 5 7 9 16 12 11 8 12 3 8 12 5 8 9 9 8 9 5 10 7 11 7 7 10 7 10 8 8 10 7 12 7 10 3 11 11 8 6 8 11 8 9 10 7 12 7
0 8 8 4 6 8 5 6 6 4 5 7 0 6 6 9 8 10 5 3 7 7 5 10 5 4 4 7 10 3 7 5 8 6 1 9 8 9 9 9 9 7 6 7 6 7 7 1 6 7 5 7 5 9 9 5 5 5 13 4 11 7 10 3 3 9 5 5 6 8 8 9 5 6 7 8 6 4 2 7 7 8 8 7 4 12 2 8 3 6 10 5 6 8 11 7 4 3 2 12 9
0 9 4 7 9 9 9 9 9 4 6 7 5 0 5 6 12 10 10 3 7 7 6 12 4 4 6 7 11 8 6 7 6 6 6 7 2 9 5 10 8 2 2 7 6 5 1 6 3 11 8 7 8 9 5 5 7 3 10 9 10 3 12 3 8 7 5 5 6 8 8 6 5 5 7 11 7 4 7 7 7 8 8 7 7 9 7 7 3 8 11 6 6 7 7 7 9 7 7 13 8
0 4 6 5 4 4 11 4 8 4 4 7 7 7 0 8 8 11 7 3 7 7 4 12 5 4 7 7 7 4 1 10 7 6 8 8 4 9 7 9 3 4 5 7 6 7 7 8 5 11 6 6 8 9 7 5 6 5 12 11 5 6 9 3 4 7 5 4 5 3 8 8 5 7 7 7 7 7 8 7 6 8 8 6 3 12 7 4 3 8 11 4 6 8 9 6 8 6 7 11 10
0 6 7 9 6 6 9 6 9 4 8 7 5 9 6 0 12 13 9 3 7 7 6 13 5 4 7 7 13 8 7 10 9 6 6 11 6 7 9 11 5 6 7 7 6 9 9 6 7 11 9 8 8 6 8 5 7 7 14 9 11 8 13 3 8 10 5 8 9 9 7 9 5 5 7 11 7 7 7 7 10 8 8 10 7 11 7 6 3 10 11 8 6 8 11 8 9 8 7 14 8
0 10 9 10 10 10 11 9 9 4 8 7 8 9 6 10 0 13 11 3 7 7 6 13 5 4 7 7 11 10 7 10 9 6 9 12 7 9 9 13 9 7 8 5 6 10 10 9 7 11 9 7 6 9 10 5 7 8 15 12 10 8 8 3 8 10 5 7 8 9 8 9 5 10 7 11 7 6 10 7 9 8 8 9 7 12 7 10 3 6 9 8 6 8 11 8 12 9 7 12 13
0 3 5 5 3 3 10 3 1 4 6 7 6 7 5 6 8 0 6 3 2 7 5 5 5 4 7 7 7 4 3 7 6 6 7 6 3 6 5 8 8 2 2 6 6 4 6 7 4 10 6 5 7 8 6 3 6 1 10 10 10 7 10 3 4 7 5 5 2 3 8 7 5 6 7 9 1 4 7 7 7 8 7 3 5 8 7 3 3 7 10 6 6 8 7 8 9 3 7 12 7
0 6 8 8 6 6 9 6 4 4 5 7 8 8 6 8 8 7 0 3 7 7 6 7 4 4 7 7 10 10 6 9 9 5 9 4 6 7 8 9 9 6 6 3 6 2 6 5 3 10 9 2 4 7 9 5 7 7 14 8 11 8 9 3 5 10 5 5 6 9 7 9 5 9 6 11 7 4 10 7 7 8 5 7 7 12 7 6 3 1 7 5 6 7 11 7 7 7 6 10 5
0 8 7 9 8 8 10 8 6 4 8 4 5 7 6 9 11 13 10 0 4 6 6 10 2 4 7 7 10 8 5 7 9 6 6 10 5 9 8 13 9 5 7 4 6 8 7 6 4 11 9 8 5 9 8 2 7 6 13 9 11 8 10 3 5 10 4 6 7 6 5 6 5 8 7 11 7 5 7 4 8 8 5 8 7 10 4 7 3 8 8 8 5 5 10 8 9 8 4 11 11
0 8 10 8 8 8 12 8 9 4 8 7 8 9 6 10 9 13 11 3 0 7 6 13 5 4 7 7 8 7 1 9 9 6 5 12 8 9 9 11 9 8 9 7 6 11 10 5 7 11 9 8 8 9 11 5 7 9 16 8 11 8 13 3 7 7 5 8 9 9 8 8 5 10 7 11 7 7 10 7 10 8 8 9 7 6 6 8 3 11 11 8 6 8 11 8 8 7 6 11 13
0 10 10 10 10 10 10 9 9 4 8 7 8 9 6 6 12 12 11 3 7 0 6 7 5 4 7 7 11 9 7 9 6 6 7 10 8 9 5 10 9 8 9 7 6 8 5 7 7 11 9 8 8 9 10 5 7 9 16 10 11 8 12 3 8 11 5 8 9 9 8 9 5 10 7 11 7 7 10 7 9 8 8 10 7 12 6 10 3 11 11 8 6 8 4 8 6 9 6 13 11
0 8 10 9 8 8 12 8 9 4 8 7 8 9 4 8 12 9 10 3 7 7 0 13 5 4 7 7 11 8 5 10 3 6 9 7 8 9 7 12 7 8 9 7 6 5 7 6 7 11 9 8 8 7 11 5 7 9 16 9 9 2 8 3 8 11 5 8 9 7 8 9 5 10 7 11 7 7 10 7 10 8 8 10 7 12 7 8 3 11 11 8 6 8 6 8 10 8 7 12 8
0 8 10 7 8 8 12 8 7 4 8 7 8 9 6 10 10 13 11 3 6 7 6 0 5 4 7 7 13 10 7 10 9 6 8 12 8 9 9 13 9 8 9 7 6 11 10 8 2 7 8 8 8 9 11 5 7 9 12 11 7 8 5 3 8 12 5 8 9 9 3 9 5 10 7 11 7 7 10 7 10 8 8 10 7 11 7 8 3 11 11 8 6 8 11 8 11 10 7 14 14
0 10 5 7 10 10 10 9 8 2 6 7 6 9 6 7 12 11 10 3 7 7 6 12 0 4 7 7 11 9 7 10 7 6 7 8 3 9 6 11 9 3 7 7 4 6 9 7 4 9 8 6 8 7 6 5 7 4 11 10 11 8 11 3 8 8 5 6 7 7 8 9 5 6 5 9 5 7 8 7 8 8 8 8 5 12 7 10 3 9 11 6 6 3 8 8 10 8 7 13 9
0 10 6 8 10 10 11 9 9 4 8 7 7 9 6 10 14 13 11 3 7 7 4 12 5 0 7 7 13 10 7 10 7 6 8 11 7 9 9 12 9 7 5 7 6 9 10 8 7 11 9 8 8 9 7 5 7 8 15 11 11 6 12 3 8 9 5 4 5 9 8 9 5 7 7 11 7 3 9 7 6 8 8 6 7 12 7 10 3 10 11 8 6 8 10 8 11 6 7 14 12
0 10 10 10 10 10 12 9 8 4 8 7 8 9 6 10 12 11 4 3 7 7 6 11 5 4 0 7 13 10 7 10 9 6 9 8 8 9 9 13 9 8 7 7 6 6 10 9 7 11 9 6 8 9 11 5 7 9 12 12 11 8 13 3 8 13 5 8 9 9 8 9 5 10 7 11 7 7 10 7 10 8 8 9 7 12 7 10 3 5 11 8 6 8 11 8 11 10 7 12 9
0 10 10 3 10 10 11 9 9 4 8 7 8 9 6 10 14 13 11 3 7 7 6 13 5 4 7 0 13 10 7 10 9 6 9 12 8 9 9 10 9 8 5 7 6 11 10 7 7 8 9 8 8 9 11 5 4 9 14 10 11 8 13 3 8 12 5 7 8 9 8 9 5 10 7 11 7 7 10 7 10 8 8 7 7 5 7 10 3 11 11 8 6 8 11 8 12 9 7 14 14
0 6 8 9 6 6 9 6 4 4 4 2 8 9 6 8 1 11 9 3 7 7 4 8 4 4 7 7 0 8 3 10 7 6 9 8 6 8 7 11 9 4 5 3 6 6 6 7 7 11 6 2 4 7 9 5 7 5 12 10 11 6 9 3 8 9 5 4 5 5 7 9 5 9 7 7 3 4 10 7 6 8 8 1 3 12 7 6 3 7 7 4 6 7 9 6 11 6 7 10 9
0 7 7 1 7 7 8 7 9 4 8 7 3 3 6 8 6 13 8 3 7 7 4 10 4 4 5 7 13 0 7 8 7 6 4 10 5 8 8 12 6 5 3 4 6 8 4 4 6 7 2 8 5 9 8 5 2 6 10 7 11 6 10 3 0 10 5 6 7 9 8 9 5 8 7 9 7 5 5 7 8 8 8 5 7 10 5 7 3 9 8 8 6 5 10 8 7 6 5 11 11
0 7 9 8 7 7 12 7 9 4 8 7 8 9 6 10 14 13 10 3 7 7 6 13 5 4 7 7 13 9 0 10 9 6 7 12 7 9 9 12 9 7 8 7 6 10 10 7 7 11 9 8 8 9 10 5 7 8 15 10 11 8 13 3 8 6 5 8 9 9 8 7 5 10 7 11 7 7 10 7 10 8 8 10 7 12 7 7 3 11 11 8 6 8 11 8 10 9 7 10 13
0 6 8 7 6 6 12 6 9 4 6 7 8 9 6 6 8 11 9 3 7 7 6 12 5 4 7 7 7 6 6 0 6 6 9 10 6 6 5 10 9 2 3 7 6 8 8 9 7 10 8 8 8 9 9 5 7 3 10 11 11 8 11 3 6 10 5 6 3 3 8 9 5 8 7 9 1 5 10 7 8 8 8 4 5 10 7 6 3 10 11 6 6 8 7 8 12 4 4 13 6
0 9 10 10 9 9 12 9 7 3 7 7 8 9 6 10 13 6 10 3 7 7 6 11 5 4 7 7 12 10 7 9 0 6 9 4 8 9 9 9 9 8 8 7 6 2 10 5 7 10 9 8 8 7 11 5 7 7 16 8 11 8 13 3 8 10 5 8 8 9 8 9 5 10 6 11 7 7 10 7 9 8 8 9 7 12 7 9 3 11 11 7 6 8 11 8 7 7 6 10 5
0 10 9 10 10 10 12 9 9 4 8 7 8 9 6 4 11 10 11 3 7 7 6 13 5 4 7 7 10 10 7 9 4 0 9 8 8 9 3 13 9 8 9 7 6 6 10 9 7 10 9 8 8 9 8 5 7 9 16 12 11 8 13 3 8 10 5 8 9 7 8 9 5 9 7 11 7 7 9 7 7 8 8 10 7 12 7 10 3 11 10 8 6 7 11 8 11 10 7 14 9
0 7 9 3 5 7 10 7 9 4 8 6 5 5 6 8 8 9 7 3 7 7 6 9 5 4 3 7 11 2 7 4 8 5 0 8 7 9 8 8 8 6 5 6 6 6 6 0 5 6 4 8 4 9 10 5 4 4 12 3 11 8 9 3 2 8 5 5 6 7 8 9 4 10 7 11 5 4 7 6 6 8 7 7 7 12 1 7 3 8 10 8 6 7 10 8 3 2 1 13 8
0 6 8 8 6 6 12 6 4 3 3 7 8 8 6 8 9 3 6 3 5 6 6 8 5 4 7 7 8 7 6 10 8 6 9 0 6 9 8 10 9 5 5 6 6 4 9 9 7 6 9 5 7 3 9 5 7 4 13 8 11 8 9 3 7 9 5 8 5 6 8 9 5 9 2 7 4 7 10 7 5 8 8 6 7 11 7 6 3 7 10 3 5 8 10 5 9 6 7 10 7
0 7 2 5 7 7 7 7 8 4 4 6 3 9 6 4 10 8 8 3 5 7 6 10 5 4 7 7 9 6 6 7 4 6 4 5 0 8 3 8 9 0 7 7 6 3 6 4 1 10 6 6 8 8 3 5 6 1 8 7 11 8 10 3 6 5 5 8 8 9 8 9 5 3 7 11 7 7 5 7 6 8 8 9 7 9 5 7 3 6 10 4 6 7 5 5 7 6 5 11 6
0 10 9 6 8 10 6 8 8 2 6 7 2 8 6 10 9 8 7 3 7 7 6 12 5 4 6 7 11 5 7 7 9 6 3 5 8 0 9 11 9 8 7 6 6 9 9 3 5 9 7 8 7 7 10 3 7 7 14 6 11 8 10 3 5 11 5 7 8 9 8 7 5 2 5 10 7 6 4 7 8 8 8 8 6 8 4 8 3 8 10 6 6 8 11 8 6 5 4 13 11
0 7 6 7 7 7 10 7 8 4 7 7 6 9 6 1 13 7 10 3 7 7 6 12 5 4 7 7 12 9 5 10 1 6 7 5 7 7 0 10 6 7 8 6 6 3 9 6 6 7 9 8 7 7 5 5 7 8 15 9 11 8 12 3 8 7 5 8 9 9 8 8 5 6 7 10 7 7 8 7 4 5 8 10 7 12 7 7 3 9 7 8 6 4 11 7 8 8 7 11 6
0 8 10 8 8 8 9 8 6 4 2 7 4 9 6 7 8 9 7 3 6 7 2 10 5 4 5 7 7 7 6 8 5 6 5 6 8 9 8 0 9 5 3 5 6 7 8 5 6 9 4 4 6 9 9 5 7 3 13 8 9 3 7 3 7 10 5 2 3 7 8 9 5 9 7 5 5 5 6 7 4 8 8 4 1 10 6 8 3 6 9 2 6 7 8 4 8 4 6 9 10
0 1 3 6 1 1 8 1 5 4 5 7 4 8 5 5 11 9 4 3 5 6 3 9 5 4 5 7 10 7 6 7 5 5 5 6 1 9 4 6 0 1 2 7 6 4 4 5 2 11 7 6 7 9 4 5 7 2 9 8 8 5 9 3 5 5 5 5 6 8 8 5 5 4 7 11 7 4 5 7 7 8 5 6 7 9 6 1 3 5 10 5 5 7 6 6 5 7 6 12 7
0 10 9 10 10 10 11 9 9 4 7 7 8 9 6 4 14 9 11 3 7 7 6 10 5 4 7 7 13 10 7 10 4 6 8 8 8 9 3 13 9 0 9 7 6 6 6 8 7 10 6 8 8 9 8 5 7 1 8 9 11 8 10 3 8 10 5 8 9 9 8 9 5 9 7 11 7 7 10 7 7 8 8 10 7 12 7 10 3 11 10 8 6 7 5 8 11 10 7 14 9
0 7 8 8 7 7 12 7 9 4 7 7 8 8 3 10 11 12 10 3 7 6 6 11 5 4 7 7 10 7 4 5 9 6 9 11 6 9 9 12 6 6 0 7 6 9 9 9 7 11 9 8 8 9 9 5 7 7 14 12 8 8 12 3 7 7 4 3 4 6 8 9 5 9 7 10 6 2 10 7 5 8 8 5 6 7 7 7 3 11 11 7 5 8 10 8 11 5 7 14 11
0 8 6 8 8 8 6 8 9 3 6 7 7 7 6 5 9 11 10 3 7 6 6 10 1 4 7 7 11 10 6 8 6 6 8 9 4 9 5 12 7 4 3 0 5 7 8 8 5 10 9 7 1 7 7 4 7 5 12 11 8 8 6 3 8 9 5 2 3 8 4 8 5 7 6 10 6 1 9 7 4 8 8 4 6 10 7 8 3 6 4 6 6 4 9 8 11 4 7 7 10
0 6 8 7 6 6 9 6 4 2 2 7 7 9 6 6 8 9 7 3 6 7 2 8 4 4 7 7 7 6 6 8 5 6 8 6 6 6 5 9 9 2 3 3 0 7 6 7 6 5 4 2 4 7 9 5 7 3 10 10 9 4 7 3 6 10 5 2 3 3 7 8 5 8 1 5 1 4 9 7 4 8 8 4 1 10 7 6 3 6 7 2 6 7 7 4 10 4 7 9 10
0 8 10 10 8 8 12 8 6 4 5 7 8 9 6 10 11 5 8 3 7 7 6 10 5 4 5 7 10 9 7 7 9 6 9 2 8 9 9 7 9 6 7 7 6 0 10 9 7 8 9 7 8 5 11 5 7 6 14 10 11 8 11 3 8 8 5 8 7 7 8 9 5 10 4 9 5 7 9 7 7 8 8 8 7 12 7 8 3 9 11 5 6 8 11 7 5 8 4 8 3
0 10 7 10 10 10 12 9 8 4 8 7 8 9 6 10 12 13 9 3 7 7 6 12 5 4 5 7 11 10 7 10 9 6 9 12 8 9 9 13 9 8 9 7 6 11 0 9 7 11 9 6 8 9 8 5 7 9 13 12 11 8 12 3 8 10 5 8 9 9 8 5 5 8 7 10 7 7 10 7 6 8 8 10 7 12 7 6 3 10 11 8 6 8 11 8 12 10 7 14 10
0 7 9 10 5 7 12 7 9 4 8 7 8 9 6 8 13 9 10 3 7 7 6 13 5 4 6 7 12 10 7 7 9 5 9 10 7 9 8 12 9 7 6 7 6 8 10 0 7 11 9 8 4 9 10 5 7 4 15 3 11 8 11 3 8 8 5 5 6 8 8 9 4 10 7 11 6 4 10 7 6 8 8 7 7 12 7 7 3 11 11 8 6 8 11 8 10 2 7 14 8
0 6 8 5 6 6 12 6 9 4 8 7 8 9 6 10 14 13 9 3 7 7 6 13 5 4 7 7 13 10 7 10 9 6 9 11 6 9 9 11 9 6 7 7 6 9 9 9 0 11 9 8 8 9 9 5 6 7 14 12 11 8 13 3 8 10 5 8 9 9 8 9 5 9 7 11 7 7 10 7 10 8 8 9 7 9 7 6 3 10 11 8 6 8 11 8 12 10 7 14 12
0 9 9 10 7 7 12 3 7 4 8 7 8 9 6 10 14 8 11 3 7 4 5 11 5 4 7 7 13 10 7 10 2 6 9 6 7 9 9 8 9 7 9 7 6 4 6 7 7 0 9 8 8 9 10 5 7 8 14 10 9 7 7 3 8 10 5 8 9 9 8 9 5 10 7 5 7 7 10 7 8 8 8 10 7 10 7 9 3 11 11 8 6 8 8 8 9 4 7 12 7
0 10 10 10 5 10 12 8 9 4 8 7 8 9 6 10 14 13 11 3 7 7 6 13 5 4 7 7 13 10 7 10 7 6 9 11 8 9 9 13 9 8 6 7 6 9 10 9 7 5 0 8 8 9 11 5 7 9 16 12 11 8 12 3 8 13 5 5 6 9 8 9 5 10 7 10 7 4 10 7 7 8 8 7 7 12 7 10 3 11 11 8 6 8 11 8 12 7 7 14 12
0 4 6 9 4 4 7 4 2 4 7 7 7 8 6 6 10 12 7 3 7 7 6 6 2 4 7 7 12 10 7 9 7 6 8 9 4 9 6 9 8 4 4 1 6 7 4 5 5 11 9 0 2 8 7 4 7 5 12 8 9 8 7 3 8 8 5 3 4 9 5 8 5 7 7 11 7 2 8 7 5 8 8 5 7 11 7 4 3 7 5 7 6 5 9 8 11 5 7 8 10
0 9 6 9 9 9 11 9 9 4 5 7 7 6 5 4 11 10 10 3 7 5 6 9 5 4 7 7 10 9 5 7 8 6 8 9 4 9 7 12 8 4 2 6 6 7 7 8 5 10 8 7 0 9 7 3 7 5 12 11 9 8 7 3 8 9 5 1 2 8 8 7 5 7 7 9 7 0 9 7 3 8 8 3 5 9 7 8 3 9 10 5 6 8 9 7 11 3 7 12 9
0 9 9 8 9 9 11 9 7 4 8 7 6 5 6 9 11 10 3 3 7 3 6 10 5 4 7 7 13 9 4 9 9 6 7 7 7 9 8 12 9 7 7 6 6 5 6 7 6 11 9 5 7 0 8 4 7 8 15 10 11 8 12 3 8 6 5 8 9 9 8 8 5 10 7 11 7 7 8 7 7 8 8 10 7 12 7 6 3 4 10 8 2 8 7 8 9 9 7 13 8
0 9 1 2 8 8 6 8 7 4 3 7 2 8 6 7 9 10 7 3 4 7 5 11 5 4 6 7 8 5 5 6 7 6 3 7 8 9 6 7 8 8 4 6 6 9 8 3 7 9 7 5 5 9 0 5 3 7 13 6 11 7 10 3 5 2 5 6 7 9 8 9 5 2 7 10 7 5 4 7 5 6 8 6 6 8 4 9 3 5 10 3 6 8 11 2 6 5 3 10 11
0 8 6 7 8 8 9 8 9 4 8 7 7 6 6 8 11 12 11 3 7 4 6 11 4 4 7 7 10 10 5 10 9 6 8 9 7 9 8 12 9 7 6 3 6 10 7 8 2 11 9 7 4 9 7 0 7 8 12 11 11 8 9 3 8 9 2 5 6 9 7 4 5 7 7 11 7 4 9 7 7 8 8 7 7 11 7 5 3 6 7 8 3 7 8 8 10 7 7 10 13
0 9 10 9 9 9 7 9 9 4 6 7 8 9 5 9 10 13 11 3 7 7 6 13 5 4 7 7 11 8 5 7 9 6 9 10 8 9 9 13 8 8 2 7 6 11 10 9 7 11 8 8 8 9 11 5 0 9 14 12 10 8 11 3 8 9 5 5 6 8 8 9 5 10 7 9 7 4 10 7 7 8 8 3 5 9 7 9 3 10 11 6 6 7 11 8 12 7 7 13 13
0 10 9 10 10 10 12 9 9 4 6 7 8 9 6 10 14 8 11 3 7 7 6 9 4 4 7 7 13 10 7 10 9 6 9 12 7 9 9 13 9 7 9 7 6 10 10 9 7 10 5 8 8 9 10 5 7 0 15 12 11 8 13 3 8 12 5 8 9 9 8 9 5 10 7 11 7 7 10 7 7 8 8 10 7 12 7 10 3 10 11 8 6 7 11 8 12 10 7 13 13
0 10 10 10 10 10 11 9 9 4 8 7 6 9 6 9 11 10 11 3 7 7 6 11 5 4 7 7 10 9 5 10 9 6 7 9 8 9 8 7 9 5 9 7 6 11 8 7 7 11 7 8 8 9 11 5 7 2 0 1 11 8 13 3 8 11 5 8 9 6 8 9 5 10 7 11 4 7 8 7 9 6 8 10 7 12 7 10 3 11 11 8 6 6 10 8 10 9 7 13 6
0 10 10 9 10 10 10 9 9 4 7 7 8 9 6 8 10 9 11 3 7 7 6 10 5 4 7 7 9 8 4 10 8 6 9 9 8 8 7 9 9 4 9 6 6 10 7 9 7 11 6 8 7 9 11 5 7 1 12 0 11 8 12 3 8 10 5 8 9 5 8 9 5 10 7 11 3 7 10 7 8 5 8 10 7 12 7 10 3 10 10 8 6 8 9 8 12 10 7 12 5
0 9 10 10 9 9 12 9 9 4 8 7 8 9 5 10 13 13 11 3 7 7 6 13 5 4 7 7 12 9 6 10 9 6 9 12 8 9 9 12 8 8 9 7 6 11 10 9 7 11 9 8 8 9 11 5 7 9 16 12 0 8 13 3 8 12 5 8 9 8 8 9 5 10 7 11 7 7 10 7 10 8 8 10 7 12 7 9 3 11 10 8 6 8 11 8 12 10 7 14 14
0 10 9 10 10 10 12 9 9 4 8 7 8 9 6 10 14 13 11 3 7 7 6 13 5 4 7 7 13 10 7 10 9 6 9 12 8 9 9 13 9 8 8 6 6 11 10 9 5 11 9 8 7 9 10 3 7 9 15 12 11 0 12 3 8 12 5 7 8 9 8 7 5 10 7 10 7 7 10 7 10 8 8 9 7 12 7 8 3 9 10 8 6 8 11 8 12 9 7 13 14
0 10 10 10 8 10 12 9 9 4 8 7 8 9 6 10 14 12 11 3 7 7 6 7 5 4 7 7 13 10 7 10 9 6 9 12 8 9 9 12 9 8 9 7 6 11 10 9 7 8 3 8 8 9 11 5 7 9 16 12 2 8 0 3 8 9 5 8 9 9 8 9 5 10 7 11 7 7 10 7 9 8 8 10 7 12 7 10 3 11 11 8 6 8 11 8 12 5 7 14 14
0 10 9 7 10 10 10 9 9 4 8 7 8 9 6 10 13 10 11 3 7 7 3 13 5 4 7 4 13 10 7 7 6 6 9 10 8 9 9 13 9 8 6 7 6 8 10 9 7 11 9 8 8 9 10 5 4 9 15 12 11 5 11 0 8 12 5 8 9 9 8 7 5 10 7 11 7 7 10 7 10 8 8 7 7 9 7 8 3 11 11 8 6 8 9 8 12 10 7 14 11
0 10 7 10 10 10 10 9 9 4 8 7 8 3 6 9 13 13 11 3 7 7 6 13 5 4 7 7 13 10 7 10 9 6 9 10 5 9 8 13 9 5 5 4 6 8 4 9 6 11 9 8 5 9 8 5 7 6 10 11 11 6 10 3 0 10 5 6 7 9 8 9 5 8 7 11 7 5 10 7 8 8 8 8 7 12 7 10 3 10 8 8 6 5 10 8 12 8 7 11 11
0 7 6 2 6 6 10 6 7 4 3 7 7 9 6 5 9 10 8 3 7 7 5 11 5 4 6 7 8 10 7 9 5 6 8 7 6 9 4 10 6 6 4 6 6 7 9 8 6 11 9 5 7 9 7 4 3 7 13 11 11 7 12 3 8 0 5 7 8 9 8 8 5 7 7 11 7 6 9 7 5 8 8 6 7 11 7 7 3 7 10 3 6 8 11 5 11 9 7 10 10
0 10 8 9 10 10 9 9 8 4 7 7 5 4 6 8 9 10 10 3 7 2 6 9 5 4 7 7 12 8 3 9 8 6 6 7 6 9 7 12 9 6 6 7 6 9 5 6 7 10 9 8 8 9 7 5 7 7 14 9 11 7 13 3 8 9 0 8 9 9 8 9 5 5 6 11 7 7 7 7 9 8 8 10 7 11 7 5 3 11 11 7 1 8 6 8 8 8 6 13 12
0 8 9 9 8 8 11 8 9 4 5 7 7 9 4 9 11 9 10 3 6 7 5 10 5 4 6 7 10 8 4 6 8 5 8 9 7 9 8 12 7 7 1 7 6 8 10 8 6 11 7 7 8 9 10 5 7 8 13 11 9 7 10 3 8 8 5 0 1 7 8 9 4 7 7 8 7 3 9 7 4 8 8 2 4 8 7 8 3 9 11 5 6 8 11 7 11 2 7 12 10
0 7 8 8 7 7 12 7 8 4 4 7 8 8 3 8 10 8 9 3 7 6 4 11 5 4 5 7 9 7 3 5 7 4 9 8 6 9 7 11 6 6 0 7 6 7 9 9 7 11 6 6 8 9 9 5 7 7 12 12 8 6 9 3 7 7 4 3 0 6 8 8 3 9 7 7 6 2 10 7 5 8 8 1 3 7 7 7 3 8 11 4 5 8 10 6 11 1 7 11 10
0 9 10 4 9 9 11 9 7 4 3 6 6 6 6 8 5 9 8 3 7 7 3 11 5 4 7 7 4 3 7 9 6 6 7 7 8 9 9 10 9 6 4 6 6 8 7 7 7 10 5 5 7 9 10 5 5 7 13 10 10 5 8 3 3 11 5 3 4 0 8 9 5 10 7 6 6 6 8 7 5 8 8 5 2 11 7 9 3 7 10 3 6 8 9 5 10 5 7 10 11
0 10 9 10 10 10 9 9 8 4 8 6 7 9 6 10 12 13 11 2 6 7 6 12 4 4 7 7 12 10 7 9 9 6 8 12 7 9 9 13 9 7 9 6 6 10 9 8 6 11 9 8 7 9 10 4 7 8 9 10 8 8 6 3 7 12 5 8 9 8 0 8 5 10 7 11 7 7 9 6 10 8 7 10 7 12 6 9 3 10 10 8 6 7 11 8 11 10 6 13 13
0 10 2 5 9 10 7 9 8 4 4 7 3 8 6 9 7 11 8 3 5 7 6 12 5 4 5 7 6 6 6 7 9 6 4 8 8 9 9 8 9 8 7 7 6 6 7 4 7 10 8 6 7 9 3 5 6 5 8 7 11 8 11 3 5 5 5 7 8 9 8 0 5 3 7 11 7 7 5 7 6 8 5 7 7 9 5 1 3 6 10 4 6 8 11 5 7 6 5 11 9
0 10 7 10 10 10 12 9 9 4 8 7 8 9 6 5 12 11 6 3 7 7 6 13 5 4 2 7 11 10 7 10 5 1 9 9 8 9 4 13 9 8 9 7 6 7 10 9 7 11 9 8 8 9 8 5 7 9 13 12 9 8 13 3 8 10 5 8 9 8 8 5 0 8 7 11 7 7 10 7 8 8 8 10 7 12 7 6 3 7 11 8 6 8 11 8 12 10 7 14 10
0 8 8 4 6 8 4 6 6 4 5 7 0 6 6 9 7 10 5 3 7 7 5 10 5 4 4 7 10 3 7 5 8 6 1 9 8 9 9 9 9 7 6 7 6 7 7 1 6 7 5 7 5 9 9 5 5 5 12 4 10 7 8 3 3 9 5 5 6 8 8 9 5 0 7 8 6 4 2 7 7 8 8 7 4 6 2 8 3 6 10 5 6 8 11 7 4 3 2 12 9
0 7 9 10 7 7 10 7 5 1 1 7 7 9 6 6 7 8 6 3 7 7 6 9 5 3 7 7 6 10 7 10 6 6 8 5 7 9 9 8 9 7 7 4 6 8 7 8 5 4 9 3 5 6 8 5 7 8 11 10 11 8 10 3 8 10 5 6 7 9 8 7 5 10 0 9 7 5 9 7 3 7 8 7 7 12 7 7 3 5 8 1 6 6 11 3 11 8 7 8 11
0 10 7 10 10 10 12 9 8 4 6 7 8 9 6 9 12 7 6 3 7 7 3 9 5 4 7 7 11 10 7 9 6 6 9 4 5 9 8 9 9 5 9 7 6 2 10 9 6 9 5 8 8 7 8 5 7 6 13 12 4 5 2 3 8 10 5 8 9 9 8 9 5 8 5 0 7 7 10 7 8 8 8 10 7 12 7 10 3 7 11 6 6 8 9 8 5 7 6 10 5
0 10 10 6 10 10 11 9 9 4 5 7 7 8 6 5 7 10 10 3 7 7 5 11 5 4 7 7 6 5 7 10 5 6 8 9 8 5 4 12 9 1 6 7 6 7 7 8 7 9 7 7 7 9 9 5 7 2 9 10 11 7 10 3 5 11 5 5 6 2 8 9 5 7 7 8 0 7 9 7 7 8 8 7 4 12 7 10 3 9 11 5 6 8 6 7 11 7 7 12 10
0 9 6 9 9 9 11 9 9 4 6 7 7 6 5 8 11 10 11 3 7 5 6 9 5 4 7 7 10 9 5 7 8 6 8 9 4 9 7 12 8 4 2 7 6 7 7 8 5 10 8 8 8 9 7 5 7 5 12 11 10 8 11 3 8 9 5 1 2 8 8 9 5 7 7 9 7 0 9 7 3 8 8 3 5 9 7 9 3 10 11 6 6 8 9 8 11 3 7 13 10
0 10 6 9 10 10 11 9 9 4 7 7 7 8 6 10 13 12 11 3 7 7 6 11 5 4 7 7 12 10 7 9 9 6 8 11 6 9 9 12 9 6 4 7 6 9 9 8 7 11 9 8 8 9 7 5 7 7 14 11 11 8 12 3 5 9 5 3 4 9 8 9 5 7 7 10 7 2 0 7 5 8 8 5 6 11 7 10 3 10 11 7 6 8 11 8 11 5 7 14 12
0 8 6 8 8 8 6 8 9 3 5 0 7 4 6 5 7 9 10 3 7 6 6 10 1 4 7 6 11 7 6 8 6 6 8 6 4 9 5 11 7 4 3 0 5 4 3 8 5 10 9 7 1 7 7 4 7 5 11 11 8 7 6 3 1 9 5 2 3 8 4 8 5 7 6 10 6 1 9 0 4 4 1 4 6 10 7 8 3 6 4 6 6 4 9 7 9 4 7 7 7
0 8 10 7 8 8 12 8 9 4 8 7 8 9 6 7 14 13 11 3 7 7 6 13 5 4 7 7 13 10 7 10 9 6 9 12 8 9 9 13 9 8 7 7 6 11 10 7 2 7 9 8 8 9 11 5 7 9 16 10 11 8 12 3 8 9 5 8 7 9 8 9 5 10 7 11 7 7 10 7 0 8 8 8 7 11 7 8 3 11 11 8 6 8 11 8 12 8 7 14 14
0 9 7 9 9 9 7 9 8 4 7 7 8 8 6 6 8 12 11 3 7 6 6 11 2 4 7 7 7 10 7 9 7 6 9 9 5 9 6 13 8 5 4 1 6 7 9 9 4 11 9 6 2 8 8 2 7 6 13 12 9 8 7 3 8 10 4 3 4 9 5 6 5 8 7 11 7 2 10 7 5 0 8 5 7 8 7 7 3 7 5 7 5 5 10 8 12 5 7 8 10
0 10 7 10 10 10 10 9 8 4 4 7 8 3 6 6 6 8 11 3 7 7 6 11 5 4 7 7 10 10 7 9 9 6 8 5 5 9 8 10 9 5 4 4 6 3 2 8 6 11 9 6 2 8 8 5 7 6 10 11 11 6 9 3 0 8 5 3 4 9 8 7 5 8 7 11 7 2 10 7 5 3 0 5 7 11 7 8 3 8 8 7 6 5 10 6 8 5 7 11 6
0 9 10 10 9 9 12 9 7 4 3 6 8 9 6 8 9 10 8 3 7 7 3 11 5 4 7 7 8 10 2 9 6 6 9 7 8 9 9 10 9 6 4 6 6 8 9 9 7 10 5 5 7 9 10 5 7 7 11 12 10 5 8 3 8 8 5 3 4 8 8 9 5 10 7 6 6 6 10 7 5 8 8 0 2 11 7 9 3 7 10 3 6 8 9 5 11 5 7 10 11
0 7 9 10 7 7 10 7 5 4 1 7 8 9 5 6 7 8 6 3 5 7 1 9 5 4 7 7 6 9 5 7 4 6 9 5 7 9 7 8 8 4 2 4 6 6 7 7 5 8 3 3 5 8 8 5 7 5 12 10 8 3 6 3 8 9 5 1 2 6 8 9 5 8 7 4 4 4 10 7 3 7 8 3 0 9 7 7 3 5 8 1 6 6 7 3 9 3 7 8 9
0 9 10 7 7 9 10 9 9 4 7 7 8 9 6 10 13 11 11 3 7 7 6 13 5 4 7 7 12 8 3 9 9 6 6 11 8 9 9 5 8 8 5 7 6 10 6 2 7 11 9 8 6 9 11 5 3 6 16 5 11 8 12 3 8 9 5 7 8 9 8 9 5 10 7 10 7 6 10 7 8 8 8 6 6 0 7 9 3 11 11 7 6 8 11 8 9 4 7 13 10
0 9 10 10 9 9 10 9 9 4 8 5 8 9 6 9 11 13 6 3 6 7 6 8 5 4 7 7 10 9 7 3 9 6 9 10 8 9 8 13 9 5 6 5 6 8 8 6 7 11 9 8 6 9 11 5 7 6 13 9 11 8 11 3 6 11 5 7 6 6 8 9 5 10 7 11 4 6 10 5 9 8 6 7 7 12 0 9 3 7 9 8 6 8 10 8 12 7 0 12 9
0 10 10 10 10 10 12 9 9 4 8 7 8 7 6 10 10 12 8 3 7 6 6 13 5 4 4 7 13 10 7 10 9 6 9 9 8 9 9 13 9 8 8 7 6 7 6 9 7 11 9 8 6 9 11 5 7 9 14 12 11 8 13 3 4 12 4 7 8 9 8 9 5 9 7 11 7 6 10 7 9 7 4 9 7 12 7 0 3 9 9 8 5 8 10 8 12 9 7 14 10
0 10 7 9 10 10 9 6 9 1 8 7 7 6 6 10 11 12 9 3 7 4 5 11 5 1 7 7 12 10 5 10 8 6 8 9 8 6 9 11 9 8 6 6 6 10 7 8 7 11 9 8 7 6 8 5 7 6 16 10 11 7 12 3 8 10 2 5 6 9 8 9 5 7 7 11 7 4 9 7 7 5 8 7 7 12 7 7 0 10 10 8 3 8 8 8 10 7 7 13 13
0 5 7 10 5 5 8 5 3 4 8 7 8 7 6 7 10 12 8 3 7 7 6 7 3 4 7 7 13 10 5 10 8 6 9 9 5 6 7 10 9 5 5 2 6 7 5 4 6 11 9 1 3 9 8 5 7 6 13 7 10 8 8 3 4 9 5 4 5 9 6 9 5 8 7 11 7 3 9 7 6 7 4 6 7 11 7 5 3 0 6 8 6 6 10 8 12 6 7 9 10
0 7 9 8 7 7 10 7 5 4 8 7 8 9 6 9 12 13 10 3 7 7 6 9 5 4 7 7 13 10 7 10 9 6 9 11 7 8 9 12 9 7 7 4 6 9 7 6 7 11 9 3 5 9 10 5 7 8 15 9 11 8 10 3 6 6 5 6 7 9 8 9 5 10 7 11 7 5 10 7 8 8 6 8 7 12 7 7 3 2 0 8 6 8 11 8 10 8 7 11 12
0 6 8 9 6 6 9 6 4 4 0 7 8 9 6 5 6 7 5 3 7 7 6 8 4 4 7 7 5 10 7 10 9 6 8 4 6 9 8 7 9 6 6 3 6 7 6 7 4 9 9 2 4 7 7 5 7 7 14 10 11 8 9 3 8 9 5 5 6 9 7 9 5 9 6 11 7 4 10 7 2 6 8 6 7 12 7 6 3 4 7 0 6 5 11 2 11 7 7 7 10
0 9 7 8 9 9 11 9 9 4 8 7 8 3 6 7 13 9 11 3 7 1 6 8 5 4 7 7 12 10 2 10 7 6 8 6 5 9 6 11 9 5 5 7 6 8 4 8 6 11 9 8 8 9 6 5 7 6 13 11 11 6 13 3 8 8 5 8 9 9 8 9 5 8 7 11 7 7 10 7 10 8 8 10 7 12 7 4 3 11 11 8 0 8 5 8 7 10 7 12 11
0 9 10 6 9 9 12 9 7 4 3 7 8 9 6 10 11 13 11 3 7 7 6 11 5 4 7 7 10 10 7 10 9 6 9 10 8 9 9 10 9 8 8 6 6 8 9 9 7 11 9 5 7 9 11 5 7 9 16 12 10 8 8 3 8 13 5 8 9 9 8 9 5 10 7 6 7 7 10 7 10 8 8 10 7 12 7 9 3 7 10 8 6 0 11 8 11 10 7 10 11
0 8 7 6 8 8 6 8 8 4 4 7 7 8 6 2 9 8 8 3 7 7 6 10 5 4 6 7 9 5 6 5 2 6 3 6 7 8 1 11 7 7 8 7 6 4 1 3 7 7 7 6 7 8 6 5 7 7 14 6 11 8 12 3 5 8 5 8 8 8 8 6 5 7 3 11 6 7 9 7 5 6 8 9 7 10 2 7 3 8 8 4 6 5 0 6 6 5 2 9 7
0 10 9 9 10 10 11 9 9 4 8 7 8 9 6 7 12 13 11 3 7 5 6 12 5 4 7 7 11 8 7 10 9 6 6 12 7 9 9 13 9 7 5 5 6 10 10 6 7 11 9 8 3 9 10 5 7 8 15 9 11 8 10 3 8 12 5 4 5 9 8 9 5 10 7 11 7 3 10 7 6 4 8 6 7 12 7 10 3 11 9 8 6 8 9 0 9 6 7 12 12
0 10 7 9 10 10 12 9 9 4 7 7 8 9 6 10 14 13 10 3 7 7 5 13 5 1 7 7 13 10 7 7 8 6 9 12 8 9 9 13 9 8 6 7 6 10 10 6 7 11 9 8 8 9 8 5 7 9 16 9 11 7 12 3 8 10 5 5 6 9 8 9 5 8 7 10 7 4 10 7 7 8 8 7 7 12 7 10 3 11 11 8 6 4 11 8 0 7 4 14 13
0 10 9 8 10 10 12 9 8 4 8 7 8 9 6 7 14 7 8 3 7 7 6 11 5 4 4 7 13 10 7 10 7 3 9 8 8 9 6 13 9 8 9 7 6 6 10 9 6 11 9 8 8 9 10 5 7 8 15 12 11 8 13 3 8 6 5 8 9 9 8 7 2 10 7 11 7 7 10 7 4 8 8 10 7 12 7 8 3 9 11 8 6 8 11 8 11 0 7 14 9
0 9 10 10 9 9 10 9 9 4 8 5 8 9 6 9 11 13 6 3 7 7 6 13 5 4 7 7 10 9 7 3 9 6 9 10 8 9 8 13 9 5 6 5 6 8 8 9 7 11 9 8 6 9 11 5 7 6 13 12 11 8 11 3 6 13 5 7 6 6 8 9 5 10 7 11 4 6 10 5 9 8 6 7 7 12 7 9 3 7 9 8 6 8 10 8 12 7 0 12 9
0 10 3 6 10 10 8 9 9 1 5 7 4 9 6 10 8 12 9 3 6 7 6 13 5 4 7 7 10 7 7 8 9 6 5 9 8 9 9 9 9 8 8 7 6 11 10 5 7 11 9 7 8 6 4 5 7 9 16 8 11 8 12 3 7 6 5 8 9 9 8 9 5 4 7 11 7 7 6 7 7 8 8 7 7 10 6 10 3 7 9 5 6 8 11 6 8 7 6 0 13
0 10 10 10 10 10 12 9 8 4 6 7 8 9 6 10 12 7 6 3 7 7 6 12 5 4 2 7 11 10 7 10 9 6 9 4 8 9 9 4 9 8 7 7 6 8 10 9 7 10 8 8 8 7 11 5 7 7 14 12 10 7 8 3 8 13 5 6 7 9 8 9 5 10 6 6 7 7 10 7 8 8 8 6 5 12 7 10 3 7 11 6 6 8 11 8 11 8 7 13 0
