100 2
2 1759 9 9
7 712 3 7
3 839 5 3
7 1755 7 6
7 1017 5 6
12 1182 1 10
5 2372 7 4
9 792 6 7
15 1961 4 10
11 1289 3 6
6 1824 7 3
25 1032 5 10
25 1871 4 10
12 2113 7 4
27 2312 3 9
19 1610 2 6
33 1174 5 10
24 490 1 7
37 1994 3 10
27 751 7 7
41 2098 3 10
46 2082 10 10
47 837 5 10
19 879 4 4
19 2302 5 4
29 922 8 6
34 1238 1 7
49 450 6 10
35 2107 8 7
15 1508 9 3
15 358 2 3
27 1289 6 5
27 2551 3 5
38 985 6 7
40 1522 2 7
53 497 8 9
49 2121 8 8
19 1980 1 3
66 1353 3 10
69 388 1 10
21 437 3 3
21 2219 1 3
43 1185 7 6
65 1897 6 9
58 2170 8 8
73 1231 2 10
74 657 10 10
61 278 4 8
78 749 2 10
55 2066 2 7
63 2282 10 8
50 1869 6 6
43 406 1 5
70 743 4 8
92 851 2 10
74 2682 8 8
19 1862 4 2
86 1404 2 9
67 614 3 7
64 1438 1 6
86 1700 2 8
44 835 4 4
90 2242 8 8
45 1296 4 4
92 2143 1 8
73 2244 2 6
47 1242 1 3
18 1427 8 1
90 2363 2 5
93 2726 6 5
81 572 10 4
21 2051 6 1
85 439 8 4
86 2173 9 4
22 935 3 1
22 1634 7 1
91 2315 10 4
69 2225 2 3
95 640 10 4
98 340 3 4
100 1811 3 4
53 850 10 2
59 1105 1 2
93 323 6 3
95 854 5 3
99 1817 2 3
40 1421 3 1
44 1446 8 1
93 611 5 2
96 2640 7 2
49 2515 10 1
99 2378 6 2
52 1220 10 1
58 1196 8 1
64 1719 9 1
70 2739 2 1
71 1551 9 1
81 1062 2 1
90 1576 9 1
97 1249 10 1
SETUP
0 20 25 31 24 35 29 28 33 19 6 26 33 32 37 21 44 20 47 14 24 44 33 17 37 26 23 18 6 12 20 16 29 9 34 19 20 38 39 38 17 29 26 45 20 19 33 23 36 9 44 22 27 11 23 40 20 10 31 22 29 31 29 36 26 27 8 17 30 15 8 32 13 46 20 19 33 34 32 41 30 29 28 15 26 8 27 38 25 21 18 18 20 47 35 51 32 44 13 36 20
0 0 15 21 33 42 10 41 48 20 27 19 28 27 31 20 40 30 24 28 10 48 19 5 3 28 32 44 20 2 29 30 26 33 5 4 1 19 36 21 25 23 8 20 23 36 36 38 10 17 26 45 45 2 48 12 16 31 43 24 24 29 15 39 23 41 31 40 42 23 34 22 36 30 47 34 40 16 26 34 10 11 29 21 44 20 36 23 23 34 30 46 19 30 21 15 31 35 6 39 30
0 22 0 46 15 31 32 45 27 22 39 31 29 15 40 41 17 36 24 42 0 31 31 34 43 30 20 10 24 25 33 13 37 20 28 7 32 40 19 31 31 20 18 31 27 10 35 46 43 8 32 4 38 33 22 31 22 39 33 4 33 23 29 30 49 23 35 29 34 44 27 27 19 17 12 16 36 18 14 34 42 18 23 35 8 24 27 26 28 22 17 41 28 10 43 17 38 37 18 46 19
0 50 21 0 28 35 29 32 3 40 33 32 38 16 30 48 24 30 16 42 35 20 17 15 27 32 30 15 38 17 33 33 23 29 29 28 40 12 14 13 38 15 9 25 31 39 14 32 8 16 25 22 21 37 1 13 20 39 19 37 29 33 24 42 21 32 17 39 49 31 42 44 45 43 36 13 21 9 47 46 7 13 31 43 32 40 43 20 20 27 38 20 23 10 26 31 9 33 32 10 17
0 17 21 27 0 20 34 27 36 33 21 46 33 36 42 14 20 28 26 11 9 15 38 31 37 40 38 13 23 38 27 23 37 37 45 37 12 34 42 15 33 30 23 10 23 27 18 17 23 38 18 24 18 2 17 25 18 16 30 17 21 12 34 30 25 4 32 8 6 22 24 37 17 12 39 14 38 37 17 3 4 51 15 22 37 49 41 44 26 19 18 38 22 25 23 34 23 21 13 13 29
0 14 45 19 18 0 38 25 27 3 17 42 6 16 32 50 25 36 16 21 42 13 17 36 17 33 2 34 25 20 22 12 37 8 7 15 24 23 38 41 31 7 23 23 20 31 24 17 30 36 27 12 25 14 32 19 33 19 18 5 26 34 29 12 41 15 16 23 19 12 47 40 41 13 5 6 5 24 4 20 19 29 14 23 15 19 5 23 9 38 19 34 33 15 13 19 40 20 11 13 33
0 36 20 19 40 27 0 14 1 9 33 36 7 16 34 27 45 16 11 33 24 44 32 32 28 27 35 46 30 32 16 6 18 48 24 39 14 38 34 23 40 39 22 34 44 9 32 16 36 29 30 25 27 46 25 20 25 49 19 8 25 35 30 18 26 23 22 17 12 34 18 35 37 6 36 35 26 20 21 6 25 15 13 35 21 32 18 35 19 15 22 22 40 14 15 5 15 39 32 31 41
0 23 10 6 23 47 29 0 45 43 34 17 17 22 20 33 21 3 29 14 12 35 23 46 17 41 24 37 17 9 35 37 44 5 7 38 22 27 26 26 17 19 48 17 19 18 25 22 28 25 34 18 8 45 8 9 31 18 21 33 15 35 42 19 17 39 19 5 36 7 14 10 11 30 23 8 47 13 27 15 39 22 14 37 7 19 32 15 21 19 30 25 37 23 7 12 15 33 21 33 48
0 31 34 36 40 27 34 8 0 11 19 26 15 26 25 17 39 25 20 7 20 48 20 40 18 40 27 37 11 25 27 40 16 30 20 38 34 17 29 14 44 48 39 17 31 7 17 17 29 25 17 10 10 30 37 3 26 26 20 25 30 45 5 40 16 33 6 38 35 15 40 23 30 25 26 11 31 38 7 21 31 16 45 18 5 19 44 8 26 39 19 17 10 27 30 25 35 40 32 16 37
0 46 25 19 35 21 36 10 30 0 46 30 4 39 14 16 18 44 18 23 34 22 20 49 12 9 8 32 1 18 29 41 33 28 46 47 16 31 46 18 35 14 19 24 14 33 22 15 32 36 28 22 39 31 17 1 44 28 31 50 18 10 12 35 21 45 19 33 33 2 37 32 18 33 36 18 20 14 18 15 9 26 20 11 29 40 14 28 31 23 41 11 29 34 50 20 20 42 31 24 34
0 40 14 21 39 42 22 22 26 34 0 37 20 27 12 40 13 28 28 29 8 23 14 15 15 35 15 34 16 24 18 27 19 19 16 31 29 43 17 34 37 14 30 42 23 27 15 26 27 11 33 36 44 31 25 34 20 44 45 35 41 29 5 12 21 35 17 38 38 51 32 26 25 10 14 34 16 9 7 25 25 49 20 6 18 28 33 32 27 20 48 27 34 39 31 41 18 45 50 32 29
0 50 40 33 24 41 20 30 31 32 12 0 3 46 6 40 6 30 31 22 20 24 27 8 25 12 22 15 19 46 35 43 14 11 36 16 47 34 42 30 35 28 10 35 22 30 22 25 42 38 21 44 37 4 24 9 7 39 17 26 32 8 22 36 38 19 36 22 26 15 26 32 5 37 43 17 38 17 34 34 49 18 12 31 38 8 34 23 18 25 23 39 26 15 25 38 17 23 22 22 10
0 15 20 31 42 7 36 34 20 24 43 34 0 10 18 37 32 16 27 46 39 18 17 20 15 23 43 46 15 18 14 44 37 32 7 33 41 35 30 21 34 11 8 15 31 15 45 41 41 48 46 7 24 2 11 45 22 21 12 34 35 23 4 36 40 36 9 8 17 19 5 18 23 30 46 24 29 28 34 23 46 19 27 27 7 24 15 15 39 42 28 21 27 34 28 10 34 37 16 39 21
0 47 22 29 37 14 35 24 16 20 31 11 24 0 39 32 37 42 45 21 25 38 7 28 10 19 18 29 21 37 45 49 26 37 27 41 21 35 45 23 36 15 23 31 11 18 35 36 34 6 28 31 33 17 26 24 26 22 17 23 38 44 20 38 32 42 18 12 3 15 23 18 26 18 1 3 37 5 17 34 23 19 30 35 33 24 41 20 10 29 30 32 16 7 28 42 27 30 17 36 26
0 11 14 23 35 47 22 28 31 44 8 36 33 30 0 24 6 20 24 11 27 20 11 27 35 18 33 48 32 24 3 32 3 12 29 27 28 35 5 7 17 20 21 21 48 38 3 16 30 30 34 41 21 21 21 10 12 23 30 21 13 39 26 25 40 13 29 19 27 30 11 12 30 44 17 18 23 16 12 24 29 33 22 20 9 22 27 28 17 16 22 36 30 11 7 23 25 26 20 26 9
0 23 4 1 21 13 20 31 26 45 37 34 16 21 21 0 25 14 27 43 30 25 29 28 24 41 35 37 42 24 13 7 15 23 30 28 3 20 27 10 20 10 32 30 23 35 46 38 26 13 17 23 28 21 37 17 38 27 31 13 23 13 42 10 27 24 36 37 6 33 36 24 14 17 32 35 15 40 32 13 25 24 8 7 33 24 51 24 41 19 8 18 6 12 24 36 30 31 46 40 38
0 8 26 22 30 26 10 30 15 14 33 13 26 23 33 25 0 30 50 37 38 29 21 36 42 25 29 28 15 6 0 35 34 20 8 28 5 11 19 22 50 15 46 40 39 6 18 38 20 41 9 22 30 49 45 13 28 27 21 26 40 12 14 25 40 10 22 20 27 7 18 29 18 10 33 29 33 13 36 10 12 17 41 30 26 35 22 12 45 7 28 20 15 21 3 7 16 40 6 31 20
0 38 20 43 43 43 19 14 23 14 27 32 27 49 10 21 26 0 17 27 26 35 24 18 11 32 40 32 13 8 6 14 16 31 29 17 29 12 3 28 8 35 33 17 33 28 26 35 32 37 2 27 33 37 33 31 25 29 37 17 34 25 15 9 26 8 10 20 22 26 30 16 37 29 12 23 16 31 18 24 22 20 19 5 12 30 35 19 45 29 26 39 40 41 28 11 40 34 22 11 30
0 47 28 17 9 35 3 14 21 12 20 26 49 44 37 8 14 16 0 39 15 45 37 39 23 9 50 39 41 32 28 9 31 28 42 26 36 17 29 36 31 25 1 25 9 28 31 10 13 22 23 40 23 34 12 21 18 7 30 39 8 8 8 31 19 21 27 18 26 23 29 13 20 26 28 33 24 27 18 32 38 38 21 15 16 24 31 41 21 20 18 13 28 30 34 49 39 38 5 27 18
0 30 35 11 37 28 14 17 21 31 8 36 42 24 2 36 46 2 18 0 41 8 20 19 26 25 27 37 10 4 24 25 41 40 40 36 20 16 28 33 33 49 4 31 19 50 10 31 12 29 40 15 44 25 20 48 41 13 24 25 21 35 36 11 33 31 31 19 8 40 27 22 39 21 35 43 16 47 10 37 21 39 37 41 30 30 21 31 11 32 11 21 42 44 44 32 17 15 32 32 30
0 44 26 39 12 13 31 11 7 31 21 3 28 8 36 44 22 35 26 21 0 38 14 28 11 37 20 24 14 21 26 17 40 23 14 18 10 37 16 21 15 23 12 22 5 23 29 29 16 35 23 27 47 12 18 25 19 5 13 26 40 38 14 48 12 21 36 1 11 31 14 34 37 10 20 23 21 29 10 18 26 24 37 36 23 18 23 28 40 14 22 42 28 19 32 23 42 46 37 35 22
0 29 30 24 36 9 21 25 29 35 13 32 9 26 13 30 35 29 30 46 18 0 29 11 22 37 32 14 30 15 18 30 16 31 20 39 19 35 46 13 29 15 30 32 38 43 28 30 27 10 15 21 28 3 25 40 19 35 37 32 7 38 42 5 47 17 14 31 27 17 28 23 49 44 27 16 39 22 16 16 23 32 7 36 28 27 40 31 30 33 18 30 28 10 30 26 38 36 48 45 40
0 37 47 18 41 25 42 51 14 17 7 46 34 19 38 39 6 27 39 12 19 37 0 26 33 14 20 6 43 23 30 18 25 0 44 29 28 27 21 40 39 18 32 6 32 50 38 29 10 4 36 24 14 10 16 39 24 31 49 35 11 44 25 4 35 16 31 31 15 30 3 25 33 5 32 23 23 15 16 30 36 29 30 29 31 27 20 25 35 42 39 27 27 7 12 20 30 18 32 27 27
0 38 46 14 42 7 29 28 22 28 11 18 14 46 26 25 44 2 28 18 20 16 20 0 26 13 46 40 25 6 34 21 10 7 29 25 15 25 11 22 33 31 24 27 14 29 23 25 25 42 24 15 16 26 9 26 8 23 31 11 14 33 42 23 23 10 23 19 25 22 10 4 2 7 9 14 34 0 26 17 37 21 21 40 12 25 40 51 20 22 21 27 16 47 38 37 17 32 31 13 35
0 17 14 12 1 32 35 41 26 27 15 35 28 42 27 48 26 26 35 13 47 10 31 21 0 25 23 8 29 46 36 28 29 24 36 25 34 11 30 17 39 16 24 30 18 23 24 29 33 34 18 27 44 15 50 36 43 27 9 31 49 11 24 35 26 15 23 33 19 27 22 29 37 24 38 36 2 18 1 19 24 15 50 25 21 14 25 31 34 49 29 29 32 9 36 23 17 21 16 41 37
0 38 18 19 26 41 12 17 12 4 34 16 29 49 33 11 15 23 26 41 18 11 28 21 47 0 28 31 35 19 21 38 34 31 38 27 1 29 20 48 46 30 10 43 2 2 23 28 19 5 24 43 32 30 25 19 21 23 46 17 3 20 29 31 5 8 48 13 31 36 23 18 17 19 45 28 23 28 8 8 46 10 29 10 15 22 47 28 15 29 12 43 30 13 26 27 18 29 31 28 32
0 21 12 22 12 17 16 33 37 43 23 9 21 15 18 27 25 43 41 17 34 27 43 40 37 32 0 39 19 4 17 34 49 31 8 26 6 26 36 24 20 23 37 23 12 6 23 14 23 36 14 28 29 5 7 22 14 27 42 36 40 16 23 30 14 4 25 22 20 9 29 2 34 1 19 0 32 41 23 31 3 41 21 10 16 40 27 38 7 48 26 33 29 27 21 3 30 25 37 25 13
0 28 18 28 43 11 32 20 9 31 13 33 35 21 11 44 15 38 38 47 33 29 13 39 39 37 33 0 22 36 11 19 1 42 21 37 31 44 19 38 14 39 25 21 43 38 10 34 22 43 43 8 32 40 30 33 12 44 41 32 28 31 34 30 32 20 18 7 11 19 13 33 12 23 20 38 2 34 1 41 34 21 27 12 25 15 41 18 39 17 26 41 0 41 19 30 43 19 10 26 12
0 21 17 24 15 11 18 11 16 33 18 31 17 24 42 17 19 23 42 13 22 19 38 38 9 34 25 38 0 28 33 23 25 47 21 16 22 41 38 27 36 11 22 48 38 9 13 27 4 23 2 17 13 32 17 12 37 14 26 18 41 19 38 27 25 39 22 17 28 7 16 32 21 18 29 34 29 33 24 30 24 26 32 27 22 33 20 19 18 23 23 22 42 27 24 1 25 28 18 43 28
0 40 33 33 18 18 25 34 23 43 17 35 36 27 28 18 19 43 9 37 46 30 24 12 3 13 1 10 2 0 14 32 12 28 9 23 38 3 25 37 21 22 31 40 25 20 34 39 36 26 31 22 17 18 28 28 35 21 41 36 13 35 44 33 20 12 21 40 21 29 28 17 8 32 32 17 15 12 37 21 22 30 32 17 27 27 25 30 31 5 25 38 21 24 19 32 18 15 5 30 29
0 47 28 41 42 20 21 46 29 18 37 6 26 25 44 27 25 26 9 38 23 34 27 28 32 38 23 44 27 18 0 11 22 11 23 17 38 22 39 38 23 21 38 36 25 36 2 28 21 27 11 2 14 14 12 16 22 33 13 19 30 2 29 35 19 19 3 32 49 15 30 23 35 41 7 16 27 21 26 38 25 50 34 15 21 18 18 34 50 19 42 35 12 21 24 35 10 30 26 18 29
0 31 35 3 20 43 49 35 37 28 28 33 23 11 23 37 11 28 27 30 31 19 28 37 30 29 35 22 28 22 27 0 38 38 27 23 34 19 19 12 21 35 18 20 16 15 19 0 32 36 18 22 27 28 38 29 8 28 8 35 29 15 7 45 23 20 15 39 11 20 40 6 19 31 22 43 49 25 16 35 17 16 25 29 12 15 30 33 21 31 28 7 17 23 41 36 25 18 18 44 19
0 22 35 26 17 12 23 25 37 14 18 31 29 32 39 39 30 22 2 1 20 25 18 24 14 19 48 38 29 31 19 30 0 4 33 25 42 14 21 32 12 45 42 22 34 34 20 21 27 15 24 12 3 13 12 13 37 10 15 27 40 31 12 24 38 32 41 16 13 19 19 22 26 28 24 29 23 31 14 21 48 37 32 49 24 25 34 23 32 44 32 20 22 37 42 36 32 21 17 16 26
0 31 28 26 40 21 43 22 11 5 34 17 20 14 36 34 42 31 24 11 19 41 15 21 16 40 41 21 10 14 15 8 7 0 44 24 20 26 18 35 32 10 40 36 19 28 18 25 45 13 23 10 18 32 8 20 15 23 16 18 37 32 33 35 27 35 42 42 27 43 16 31 28 26 22 28 32 32 38 19 37 18 41 12 21 0 32 31 19 37 40 28 13 11 10 34 21 13 10 25 26
0 34 9 18 34 46 32 28 22 39 27 20 48 35 25 10 34 11 32 25 38 11 4 27 15 3 34 12 12 36 19 5 27 25 0 2 16 32 19 39 17 24 38 30 8 22 30 26 19 36 49 20 18 35 14 35 21 6 25 21 49 17 24 32 7 24 43 50 39 13 21 30 43 23 25 15 6 25 12 18 25 24 20 40 15 5 25 43 25 18 24 9 39 23 49 50 15 27 23 16 19
0 23 13 33 29 37 25 21 11 10 3 18 19 3 20 29 34 35 46 37 31 1 15 40 16 15 36 29 34 11 24 35 46 36 6 0 32 12 42 17 48 28 43 13 26 36 14 16 24 4 39 24 40 39 13 29 32 30 8 30 47 29 46 19 23 30 36 29 28 51 25 22 32 9 32 27 35 22 41 12 42 40 18 35 3 43 41 48 12 26 34 41 30 10 26 28 40 41 20 15 13
0 25 24 35 6 41 29 41 13 2 20 25 20 28 15 10 39 24 11 50 12 48 34 18 22 12 22 40 27 29 31 7 31 18 13 11 0 9 43 20 26 46 27 16 19 17 32 19 21 39 27 18 34 26 27 23 21 22 12 23 17 30 42 31 42 6 35 25 6 8 42 12 32 29 50 26 28 48 13 17 40 17 13 22 36 37 20 26 28 41 37 31 29 23 24 20 20 25 18 14 28
0 19 35 24 37 17 15 30 28 31 38 27 28 15 11 25 36 36 31 30 11 29 22 25 27 20 48 42 27 25 23 27 28 23 19 12 17 0 22 19 32 18 26 14 31 35 14 19 29 14 42 28 11 20 11 42 41 29 14 6 34 32 39 29 41 22 21 21 27 28 20 38 31 14 15 34 28 13 23 26 42 6 13 9 30 23 6 20 19 30 34 18 10 8 22 23 26 9 19 37 36
0 29 23 10 38 14 17 34 18 34 39 3 20 9 31 28 34 22 26 32 27 42 23 39 30 50 47 35 25 13 35 30 24 35 43 16 36 22 0 26 49 24 28 17 25 19 17 18 8 27 15 21 13 29 19 21 41 37 31 22 15 30 46 41 8 26 33 15 44 18 12 7 29 26 33 7 31 26 17 23 36 24 41 39 23 24 2 33 15 27 14 25 35 18 34 24 3 30 36 26 18
0 19 26 16 25 12 30 8 18 18 44 46 26 21 7 38 19 32 36 35 18 31 5 29 39 36 38 26 11 32 5 34 22 27 22 30 40 40 17 0 39 24 24 15 1 11 17 13 1 15 26 18 17 14 30 21 28 25 32 36 7 25 9 26 11 37 30 30 33 30 12 27 21 4 24 31 38 4 34 41 32 28 32 30 10 20 26 18 10 2 26 20 40 29 13 15 3 12 17 14 31
0 20 19 20 15 34 20 19 33 35 17 13 48 49 10 24 19 32 23 13 6 11 23 30 32 28 21 38 11 22 49 47 11 24 16 38 24 37 30 19 0 27 23 17 17 38 30 27 48 20 14 37 13 42 22 38 48 31 13 21 38 22 22 17 27 19 3 40 44 47 40 17 0 10 34 15 23 25 25 28 43 26 22 35 16 31 9 41 19 24 28 5 11 20 6 8 15 36 43 23 24
0 25 28 33 35 22 20 17 26 8 25 27 43 7 28 20 41 13 15 12 18 16 17 31 26 33 32 18 26 18 23 34 36 28 40 40 28 43 19 36 11 0 28 7 38 27 11 27 19 46 30 18 36 17 7 23 38 24 39 41 41 38 28 48 26 16 28 34 26 49 25 7 13 24 47 33 39 19 31 7 44 23 6 14 50 42 36 32 35 41 12 27 30 32 32 33 17 16 25 16 40
0 23 42 1 36 49 3 43 24 27 31 42 24 25 41 36 44 5 29 24 26 33 13 27 23 22 19 22 37 26 25 38 10 13 26 15 23 24 21 39 43 5 0 12 38 36 15 36 30 31 10 6 31 18 18 27 16 9 30 19 22 24 25 19 13 26 17 1 17 3 29 32 7 1 41 8 33 33 2 27 38 26 20 14 25 12 23 27 46 15 25 18 27 9 31 46 23 2 30 17 6
0 40 6 32 9 34 27 22 15 23 38 31 30 16 18 8 44 23 23 15 5 31 18 43 15 18 5 21 42 24 46 12 8 30 31 23 18 40 17 27 8 32 10 0 36 37 40 17 45 14 21 2 36 35 12 25 11 45 36 27 11 37 17 31 19 21 42 39 25 11 27 30 20 32 34 25 10 22 31 19 3 22 21 25 31 19 19 25 18 1 36 8 18 20 21 34 3 14 34 37 48
0 36 14 41 26 35 24 7 13 34 7 31 25 39 20 26 18 46 23 45 30 32 17 36 15 8 2 21 36 35 22 13 21 19 39 21 26 39 24 50 17 25 20 25 0 30 16 16 37 13 6 40 34 32 15 7 11 18 33 40 21 14 31 35 32 24 18 44 37 21 22 33 5 35 39 17 22 31 20 19 38 34 27 12 2 8 2 21 28 37 24 5 29 26 31 36 35 26 27 32 16
0 24 35 12 18 40 25 18 21 16 17 28 21 24 24 37 33 28 26 29 15 41 49 35 38 16 2 19 28 17 33 37 10 23 14 32 43 43 30 38 37 15 46 39 15 0 14 16 24 8 16 25 9 38 33 18 25 21 24 28 2 29 24 34 15 31 9 25 32 31 15 31 25 38 43 15 30 34 8 24 30 13 29 12 22 0 17 31 45 42 25 23 8 39 35 16 32 37 25 17 21
0 27 25 35 28 25 23 27 22 9 26 9 11 35 26 20 29 45 41 48 37 19 5 24 31 29 13 11 17 22 10 42 4 25 24 22 9 15 20 37 24 22 35 27 22 21 0 24 32 37 40 23 43 23 23 44 42 39 15 3 31 37 20 32 12 37 19 33 18 39 41 23 48 11 21 18 33 17 35 33 31 25 6 36 47 30 11 32 40 38 32 38 17 9 38 44 18 11 27 12 40
0 27 26 13 6 36 17 16 20 42 24 8 39 19 18 9 8 48 10 4 32 31 15 16 2 41 34 2 15 43 27 30 28 31 17 21 22 20 4 33 28 29 12 32 39 6 39 0 39 37 18 45 31 19 35 35 5 23 36 27 19 12 40 22 27 27 30 45 16 16 34 30 16 33 33 39 19 30 31 18 31 38 8 20 39 28 35 31 26 36 21 20 41 13 13 24 21 27 35 48 26
0 10 27 21 21 19 6 28 18 11 44 23 20 9 47 40 13 29 23 15 29 7 14 23 47 42 16 25 38 13 42 15 19 12 8 13 27 4 22 32 27 20 39 22 48 31 23 44 0 22 26 18 43 22 24 28 6 17 42 34 22 29 19 42 12 36 48 19 27 22 18 34 27 34 19 9 34 9 30 32 43 39 38 28 19 47 33 38 49 23 18 25 29 26 22 26 42 24 28 41 22
0 32 20 35 25 21 25 34 23 40 27 4 8 24 43 17 9 37 24 34 21 43 15 40 10 20 40 6 32 26 9 23 45 39 17 15 15 3 29 11 37 2 20 10 26 15 34 19 21 0 27 44 27 42 15 44 12 15 28 24 17 15 21 15 22 6 39 26 19 17 34 21 10 46 26 39 23 41 31 6 34 23 29 15 30 40 24 21 28 23 36 29 18 9 12 26 20 24 8 40 48
0 15 46 25 20 43 44 25 35 23 20 41 14 38 36 26 26 8 15 5 20 36 47 10 51 29 7 7 25 22 46 13 16 22 34 26 13 45 14 31 27 37 21 29 22 11 26 12 18 23 0 6 28 17 28 25 26 9 24 21 14 26 30 16 32 19 5 8 41 29 25 29 20 8 27 38 25 31 14 33 48 32 19 39 34 13 22 16 39 28 31 17 39 38 13 32 26 39 7 38 23
0 39 16 25 42 21 18 24 34 4 28 25 16 16 9 22 15 50 32 30 31 24 36 14 14 24 47 6 18 30 37 47 19 26 26 20 20 35 27 14 20 37 34 22 43 35 49 38 25 33 41 0 21 33 22 28 22 27 21 23 30 13 23 42 32 28 39 32 28 34 24 16 29 19 30 23 16 15 21 39 15 35 37 35 13 21 32 36 40 16 26 13 35 29 43 36 30 29 12 18 19
0 42 8 18 33 17 4 31 44 29 19 9 45 3 37 37 21 35 16 18 25 33 23 21 7 14 16 26 19 15 27 21 12 41 21 39 35 42 30 44 20 49 40 48 19 18 41 24 33 13 24 11 0 27 13 14 16 21 39 14 31 34 32 17 17 44 46 16 21 25 33 20 17 15 31 47 21 35 25 36 35 29 22 28 18 29 20 8 23 48 36 19 39 24 23 24 38 13 33 32 27
0 30 10 31 27 24 29 9 29 20 35 46 24 37 14 28 21 39 32 24 36 39 14 38 22 29 25 23 8 11 30 48 29 45 35 19 7 16 38 41 29 16 19 46 13 29 30 39 15 9 44 33 45 0 30 6 6 22 27 10 7 17 22 34 37 31 20 31 43 15 20 18 33 16 15 39 8 8 33 22 46 46 33 45 30 17 29 25 44 18 28 20 28 34 29 17 32 21 31 15 5
0 29 14 20 19 26 31 10 27 40 21 32 35 43 7 17 37 13 44 45 44 37 30 34 44 34 17 42 13 19 16 27 21 18 28 16 20 29 16 19 48 26 21 48 26 9 31 24 38 25 30 29 30 22 0 26 29 4 21 16 25 12 38 14 34 33 17 32 16 30 32 37 8 44 13 37 27 30 22 25 32 39 27 34 7 15 32 25 43 1 34 36 40 11 23 1 34 20 44 4 36
0 17 28 29 41 21 32 19 6 27 18 42 12 2 24 28 37 39 15 11 17 24 10 36 26 20 8 26 31 20 41 17 13 36 9 26 22 32 48 31 30 27 34 25 16 31 28 31 34 25 22 28 6 30 29 0 30 47 35 32 25 29 24 35 10 22 10 35 30 16 33 24 31 50 15 39 15 48 24 24 24 39 9 40 27 19 19 16 22 13 23 29 35 28 24 9 42 29 24 32 39
0 13 33 9 25 6 17 41 17 22 15 47 8 38 25 27 19 10 24 22 16 11 35 30 10 26 30 17 27 25 25 33 17 24 45 22 45 36 24 9 3 35 17 32 40 15 13 11 18 29 34 35 18 23 17 38 0 17 37 43 30 46 36 26 36 16 15 31 15 41 28 17 23 18 30 25 36 50 12 13 19 26 25 25 15 33 27 6 29 45 16 20 41 17 36 48 29 27 27 25 24
0 32 29 20 45 21 20 25 33 30 41 20 9 16 26 16 5 6 25 18 20 5 17 27 7 16 26 44 38 16 12 36 34 21 12 13 24 27 25 18 31 7 29 48 35 32 34 19 36 39 10 32 13 20 20 20 41 0 40 24 35 16 25 28 17 44 30 36 49 29 45 4 17 26 27 5 39 12 5 17 28 21 40 4 24 8 26 14 30 13 28 38 16 19 12 21 18 42 6 39 16
0 34 18 33 20 35 26 39 39 29 9 27 30 15 30 30 15 25 19 17 25 18 41 5 24 10 16 27 27 36 4 24 10 42 19 36 6 9 26 27 27 30 8 13 16 29 5 21 23 13 22 27 48 18 36 34 26 20 0 6 15 32 34 20 35 20 28 23 11 24 10 21 15 17 37 24 25 34 34 18 23 11 43 26 9 34 28 42 15 22 8 34 33 43 31 18 25 42 24 36 29
0 31 12 43 46 21 50 46 14 32 28 49 16 48 25 36 21 12 22 30 20 14 37 20 24 16 18 8 10 30 34 18 16 15 12 19 6 22 35 12 27 30 9 23 18 18 6 33 16 23 13 30 40 40 4 24 20 27 35 0 30 25 20 16 26 21 18 26 36 5 12 6 40 36 44 41 37 46 11 22 37 30 12 41 19 7 34 36 19 35 22 11 16 11 28 11 40 46 9 44 35
0 49 38 32 12 28 12 11 29 19 45 35 30 28 27 30 19 30 22 15 15 25 32 24 33 27 25 45 42 23 15 6 38 9 34 14 25 25 28 34 11 37 41 43 28 44 19 23 49 17 7 42 33 25 24 26 15 34 40 34 0 10 37 23 49 29 21 24 43 36 27 10 42 35 13 11 5 21 32 10 20 22 20 33 10 13 19 20 21 23 14 8 13 10 30 34 12 20 36 38 16
0 23 15 13 28 30 17 42 31 12 17 16 8 25 15 22 9 20 5 51 7 11 38 2 26 18 31 22 32 11 35 38 27 34 29 43 26 26 26 13 23 24 29 13 49 20 20 30 37 34 6 35 37 27 39 13 12 16 4 30 29 0 18 42 14 24 29 47 16 38 29 33 24 31 34 23 36 23 10 24 48 19 20 42 39 37 32 30 21 29 19 15 24 43 11 12 45 34 13 22 25
0 25 35 33 14 16 31 36 42 12 25 13 37 32 23 18 24 29 36 22 39 26 16 9 41 8 24 30 9 15 17 18 17 10 5 13 40 22 28 18 26 21 47 16 28 32 23 32 34 38 10 27 34 28 46 21 32 35 8 17 26 45 0 33 9 36 12 17 12 27 46 34 22 32 35 38 26 25 15 29 27 1 10 17 35 35 7 18 31 17 29 6 30 31 28 27 25 33 24 49 26
0 39 23 27 26 38 38 45 25 12 41 17 32 20 11 33 30 33 16 31 26 15 28 37 24 3 15 37 37 31 29 16 29 24 13 37 40 29 37 21 34 19 23 34 17 27 33 15 0 28 15 25 13 14 5 32 23 1 12 15 14 38 47 0 16 16 25 34 38 21 28 14 27 30 35 32 25 45 18 31 1 30 13 12 30 21 31 23 26 43 32 9 34 37 17 38 43 49 10 22 26
0 14 48 25 32 33 34 22 19 34 35 18 22 31 12 19 30 33 16 38 16 8 13 6 29 30 42 12 23 5 12 27 26 9 17 17 18 19 38 32 46 39 6 49 43 36 27 40 13 24 28 31 29 34 29 26 29 15 42 40 22 11 24 7 0 13 38 31 22 45 7 28 13 22 29 32 24 44 28 37 36 10 26 34 8 22 28 17 8 11 36 33 42 11 36 16 36 13 36 11 39
0 16 41 22 26 10 22 18 38 12 24 49 16 14 49 21 45 33 32 28 43 40 12 5 40 41 31 48 27 19 23 17 36 34 4 45 33 19 38 34 37 22 15 39 33 29 37 15 16 21 32 35 24 24 37 11 3 23 24 24 26 19 1 9 33 0 34 21 24 48 30 20 7 13 16 28 28 45 15 37 25 26 35 37 35 19 27 11 41 31 35 11 19 29 23 34 18 17 18 35 32
0 8 27 24 8 49 8 21 18 36 13 17 15 30 24 39 29 21 20 38 44 9 33 34 27 26 31 29 32 17 19 28 4 38 14 38 28 20 6 27 38 23 38 11 30 46 3 12 11 12 24 28 25 28 24 21 48 2 37 19 39 25 43 42 34 47 0 26 26 27 22 21 23 13 44 11 20 33 15 17 15 24 18 34 38 22 34 43 33 13 10 20 26 36 19 37 38 7 23 32 11
0 41 20 33 19 23 40 26 6 37 16 38 15 10 37 39 20 47 25 39 14 33 39 16 14 11 28 12 23 36 34 47 14 30 45 11 12 37 43 17 24 37 17 16 38 15 31 45 20 26 16 19 39 15 27 16 18 20 11 19 8 34 15 23 18 45 36 0 16 33 14 26 32 45 34 12 30 21 15 25 14 19 18 28 25 15 10 37 42 46 7 23 9 4 34 23 21 26 27 19 24
0 27 24 7 26 38 19 26 16 17 16 7 49 17 43 26 1 18 15 47 33 29 25 24 35 32 8 3 29 27 18 36 22 28 39 33 21 35 14 22 23 13 23 40 29 16 39 2 17 35 48 32 33 35 8 28 22 28 19 13 27 28 34 19 14 18 42 24 0 25 10 9 30 32 40 10 24 20 31 27 10 25 39 13 36 34 34 16 20 28 21 38 42 16 27 21 37 26 35 31 9
0 22 28 11 25 9 35 25 30 21 18 40 28 13 19 42 18 7 17 34 27 36 15 41 4 1 27 14 23 31 22 47 37 26 30 21 28 34 27 32 41 24 31 31 21 11 13 42 38 23 24 21 29 23 21 43 42 16 20 34 37 28 18 31 26 28 33 18 9 0 35 34 28 46 18 26 20 30 36 37 27 5 21 14 16 24 13 9 32 21 23 30 37 21 27 13 34 30 31 18 14
0 13 27 15 43 14 15 42 31 18 26 28 21 16 47 22 47 23 28 35 35 17 24 30 10 46 13 27 30 20 48 11 30 1 42 32 24 8 13 38 5 16 43 14 20 28 23 13 26 16 24 13 34 20 37 15 19 33 30 21 45 48 19 38 37 17 11 14 27 44 0 23 22 39 35 13 18 7 18 16 12 37 9 29 29 27 36 32 28 9 20 17 31 7 22 18 30 15 42 10 34
0 9 17 42 24 39 17 25 9 48 23 46 29 12 31 36 26 15 10 18 9 20 12 48 51 19 3 6 11 32 25 32 38 24 13 31 34 31 11 10 32 34 29 30 32 7 26 7 43 19 18 33 8 11 30 18 24 25 8 8 15 20 2 29 27 41 30 42 34 18 25 0 21 39 27 13 21 46 33 45 17 12 17 25 30 19 32 38 1 20 17 25 20 26 21 25 50 12 39 30 14
0 12 24 27 29 20 32 24 27 48 16 25 36 42 41 41 44 37 24 18 36 5 20 32 9 29 27 29 32 13 35 39 33 28 11 42 42 37 20 13 30 50 21 20 34 16 38 31 46 29 8 9 24 30 32 26 14 35 15 35 19 38 21 30 21 17 29 35 10 31 34 38 0 38 17 46 28 20 32 28 28 5 36 6 26 40 18 25 24 32 22 8 12 11 17 11 13 11 30 24 16
0 15 42 23 25 37 38 28 35 22 31 7 9 14 39 24 23 41 35 11 33 26 25 13 30 19 14 33 20 21 36 41 18 17 25 46 35 34 12 21 47 28 35 41 19 26 27 30 31 21 11 18 26 14 29 16 29 22 42 11 27 19 36 50 39 31 23 27 27 40 29 45 23 0 37 41 25 23 38 28 26 37 19 28 26 22 22 44 26 39 16 31 35 33 28 26 27 12 17 31 29
0 24 41 25 31 22 0 16 22 30 26 21 20 20 38 23 14 11 13 19 49 14 16 43 4 17 29 24 41 32 28 14 18 27 17 19 15 17 34 8 13 30 13 30 22 32 43 44 13 39 28 29 16 17 24 25 19 25 13 45 25 31 35 21 17 17 25 11 35 19 30 10 10 30 0 20 16 43 20 22 27 23 31 20 2 33 7 21 6 10 23 37 32 18 21 42 16 25 34 5 28
0 43 11 30 29 20 15 32 47 32 25 42 10 13 23 16 8 19 21 15 29 14 24 31 5 4 35 23 28 33 22 17 31 15 15 38 26 26 31 19 13 33 24 27 13 26 26 40 32 42 30 38 25 19 12 32 31 44 29 38 16 22 22 21 22 24 43 28 16 36 3 26 21 38 19 0 14 15 14 16 27 29 17 26 10 28 16 17 25 39 45 3 44 31 10 33 50 27 29 9 38
0 8 9 27 19 19 25 13 25 30 19 21 15 24 11 30 19 34 26 21 13 37 42 36 15 17 29 27 30 25 30 41 18 24 20 9 30 27 13 23 22 7 22 34 11 15 17 29 17 34 25 35 25 37 23 34 36 24 49 26 28 14 47 28 27 15 14 33 36 1 23 1 21 11 32 16 0 21 0 33 28 27 31 34 21 34 2 39 41 17 25 34 20 15 23 35 4 29 11 10 20
0 49 25 38 24 25 24 48 31 28 30 20 22 18 21 41 32 24 43 17 37 44 41 19 18 37 27 35 38 41 33 1 39 41 24 24 20 33 15 37 26 16 11 27 12 24 25 11 32 31 51 2 51 47 17 50 19 37 10 22 31 17 33 39 20 7 24 35 16 3 38 14 46 36 18 29 15 0 28 6 12 46 6 33 18 30 18 32 28 25 29 25 18 24 26 42 35 9 21 6 30
0 6 49 21 16 24 15 17 22 32 12 27 19 30 33 40 26 26 25 14 17 30 36 20 23 36 30 43 33 33 30 29 47 27 29 18 16 21 28 43 43 22 30 5 20 42 37 36 0 48 32 24 22 30 13 3 41 17 38 23 1 35 16 21 25 46 37 14 23 44 21 30 34 21 31 32 23 47 0 30 31 31 16 25 36 10 37 34 3 11 17 16 43 25 32 25 37 28 33 25 17
0 22 27 7 5 17 46 28 48 22 37 22 18 20 6 22 4 10 26 44 10 26 26 4 21 19 5 27 27 16 9 33 36 19 49 46 28 38 25 27 35 9 43 8 45 12 15 13 30 23 12 34 18 29 37 45 14 21 38 22 21 13 24 28 41 17 29 14 22 13 30 47 27 16 31 39 43 42 22 0 20 41 32 18 8 27 35 5 14 9 10 25 3 46 27 26 33 38 29 10 14
0 24 10 10 29 21 26 7 27 5 41 30 25 20 10 8 18 30 47 15 9 45 40 18 25 15 32 10 34 41 6 14 10 0 40 21 27 36 29 33 32 22 48 23 11 46 18 28 11 15 4 20 41 9 30 24 23 30 22 43 24 18 9 25 34 11 29 14 28 37 19 20 30 10 42 34 31 26 10 29 0 10 9 35 33 16 29 37 13 22 18 44 32 16 23 10 35 21 35 12 25
0 29 40 26 38 21 3 34 34 26 10 37 47 4 34 24 42 49 14 24 26 24 41 11 33 32 39 8 45 8 16 14 20 32 20 42 24 26 23 30 21 31 23 47 23 20 29 14 27 23 7 38 25 30 37 12 22 9 34 35 32 18 20 38 23 25 19 49 10 38 5 27 27 33 24 34 14 15 48 40 44 0 33 23 28 28 32 28 33 27 40 48 18 44 26 29 31 17 36 46 29
0 44 20 37 32 23 34 31 35 20 27 40 19 12 14 13 19 34 37 5 29 46 11 16 25 22 15 11 35 26 35 35 39 24 29 40 15 33 17 16 23 38 35 22 23 42 36 20 48 40 31 7 19 22 30 39 31 46 14 21 22 39 28 29 32 17 40 35 32 34 27 6 34 33 25 43 29 24 28 11 15 30 0 46 48 29 34 43 37 14 35 9 36 34 45 23 30 9 22 11 15
0 31 34 24 16 9 18 4 3 18 23 36 31 23 9 35 10 21 17 47 22 5 28 6 21 12 19 36 37 9 22 35 34 38 43 18 13 40 31 29 16 24 20 36 22 16 24 20 26 33 3 36 46 24 48 6 5 30 21 35 34 10 28 35 13 31 44 26 36 23 7 36 25 9 6 31 25 19 39 12 31 19 22 0 32 26 22 40 26 46 13 19 27 18 33 14 13 27 28 31 14
0 37 21 22 36 30 13 25 19 39 41 18 44 9 26 34 26 30 25 32 26 33 39 40 39 32 24 4 43 21 36 19 25 22 28 26 27 15 29 39 24 25 49 1 3 31 24 29 37 20 21 9 15 20 50 11 26 16 28 24 34 9 21 30 48 17 50 31 21 1 34 12 18 17 18 14 24 8 29 32 7 31 11 15 0 22 13 6 23 12 45 12 32 10 33 41 22 24 35 21 21
0 6 31 24 15 33 13 22 10 22 33 45 20 34 39 12 5 25 10 40 27 24 18 30 18 12 26 25 25 26 29 31 38 29 37 31 19 10 32 16 12 13 35 28 21 25 24 4 14 24 43 11 37 47 30 34 30 30 15 25 29 4 21 23 26 14 32 27 22 24 26 10 24 16 20 48 24 12 23 23 28 14 8 19 23 0 38 41 19 17 30 34 5 38 19 18 21 37 31 47 25
0 22 24 34 13 33 38 22 40 23 40 24 28 32 20 35 5 18 25 6 16 35 17 22 26 43 27 13 10 28 42 32 31 42 25 13 50 16 11 38 21 32 31 34 15 33 12 7 19 25 14 14 13 16 48 34 28 17 10 24 31 29 28 39 21 18 22 16 47 35 31 19 34 50 18 10 31 9 32 32 40 20 27 12 26 27 0 27 36 4 15 1 37 33 30 16 36 39 18 40 17
0 19 40 21 27 29 31 19 32 6 15 39 10 23 12 28 27 8 7 20 1 24 16 33 35 16 14 15 27 20 26 19 32 9 8 24 15 20 25 28 22 15 31 13 35 33 24 12 34 11 15 26 32 41 37 11 28 30 39 19 37 14 14 15 15 29 26 8 27 25 26 31 20 47 26 1 32 33 24 24 43 36 43 28 36 41 31 0 40 17 21 36 25 18 3 43 5 2 30 13 29
0 37 8 30 39 23 38 30 21 33 2 24 39 3 32 41 34 30 47 13 42 43 36 8 17 16 27 31 5 32 22 28 40 25 36 18 35 7 30 23 36 15 10 38 14 13 27 8 10 46 35 12 35 42 28 27 29 7 28 31 26 36 7 29 26 36 20 34 41 22 5 18 28 27 43 6 51 25 22 27 25 13 22 15 14 15 46 37 0 33 16 29 10 26 28 28 11 25 24 25 44
0 21 30 29 31 41 32 11 20 32 45 24 27 39 27 27 15 33 30 26 14 36 43 23 23 43 45 27 25 24 30 28 39 44 21 33 27 23 39 7 24 30 10 14 49 21 10 16 25 34 44 15 10 24 18 39 20 43 17 13 16 37 14 24 28 4 24 18 13 40 18 19 24 32 12 21 21 29 11 1 16 20 4 22 17 19 27 17 8 0 17 16 17 28 25 36 23 27 29 14 10
0 31 14 23 25 33 46 38 29 13 18 41 24 26 16 20 20 42 26 5 29 9 23 39 10 42 17 30 27 24 22 47 47 27 14 21 23 36 42 12 39 25 17 23 22 27 35 16 35 22 24 5 35 27 40 44 8 28 29 39 4 25 12 25 25 9 18 17 35 22 33 15 41 18 8 27 23 11 34 31 29 12 15 38 36 38 20 24 31 14 0 33 33 38 47 32 9 27 30 40 34
0 13 21 24 22 30 30 19 29 7 41 31 29 10 10 39 16 40 34 17 36 28 24 44 21 19 12 37 9 26 2 27 37 22 42 27 25 28 27 26 40 20 13 33 43 30 36 29 18 24 27 39 21 26 15 34 25 22 7 23 19 3 11 18 8 27 22 50 20 5 21 6 26 30 10 23 20 30 34 13 2 27 31 28 49 7 28 34 18 23 2 0 16 32 27 44 5 42 6 36 21
0 17 23 45 48 27 16 45 21 19 6 25 26 26 9 15 31 25 35 18 22 21 10 50 35 7 29 16 9 31 15 31 28 23 17 36 31 20 25 34 34 31 19 45 33 30 21 12 38 37 17 28 42 28 16 36 13 14 18 24 20 22 18 18 48 12 31 39 21 8 17 44 23 36 34 11 29 15 32 19 15 15 26 35 24 47 48 23 29 32 20 12 0 31 40 19 31 31 26 5 21
0 13 35 17 39 10 5 24 14 43 11 40 24 20 24 12 48 22 23 25 22 9 40 2 4 25 34 11 15 43 36 10 13 24 41 19 35 22 28 9 35 33 19 5 23 21 7 29 26 9 30 39 41 41 13 36 22 19 12 27 9 34 37 5 29 22 19 27 9 6 29 19 1 32 6 16 30 18 41 10 36 38 16 30 35 37 18 17 11 25 30 30 10 0 27 11 16 38 43 28 30
0 19 13 35 38 34 7 12 31 35 31 32 35 24 23 25 19 25 43 39 20 37 30 41 31 16 28 29 16 36 29 44 13 4 17 28 19 33 11 39 40 25 30 29 16 24 14 33 29 35 20 23 21 20 44 37 44 43 10 8 33 36 21 26 29 25 35 46 8 33 26 31 19 43 30 9 19 22 16 37 35 37 5 43 26 23 32 24 18 22 35 15 21 40 0 30 24 32 31 28 23
0 8 15 44 32 27 16 46 38 36 30 40 19 19 33 2 12 27 14 26 24 6 19 33 46 32 14 18 19 41 22 18 31 29 8 50 19 12 22 18 18 16 31 28 24 22 39 30 34 20 44 32 37 47 46 47 11 40 10 28 34 24 29 34 11 19 27 34 32 24 6 46 35 31 25 26 23 12 21 11 36 24 34 24 38 17 26 19 21 26 45 6 25 26 29 0 29 26 34 47 30
0 36 32 48 19 24 26 14 16 14 10 41 34 26 28 20 45 31 26 33 31 7 27 1 28 39 16 28 31 20 42 27 17 44 24 5 7 23 18 49 18 27 42 31 38 23 28 15 27 27 31 40 43 9 38 23 22 15 23 13 23 26 19 39 12 21 38 29 23 27 21 41 35 19 36 27 27 45 36 39 35 10 8 29 20 4 27 13 44 45 24 39 42 26 20 24 0 35 20 10 32
0 22 26 24 18 22 47 23 43 29 37 1 36 12 11 43 27 30 28 17 15 26 20 29 20 36 20 26 28 24 26 41 6 30 33 25 39 32 22 27 23 30 15 17 47 6 32 12 17 30 13 13 17 21 13 32 46 31 13 28 23 29 37 33 27 36 11 26 16 20 25 25 13 38 42 37 25 42 16 10 34 15 16 9 5 39 34 19 16 26 10 12 48 40 23 28 16 0 31 49 36
0 29 37 16 28 20 21 12 23 18 28 28 40 13 37 25 37 30 33 28 21 24 19 20 16 41 25 33 28 20 44 16 45 9 21 38 28 39 18 39 37 20 28 26 20 24 26 33 25 28 19 24 11 37 38 14 24 8 23 36 37 19 12 30 29 29 43 13 31 19 38 22 13 17 35 38 27 16 8 19 17 37 29 22 25 24 16 39 19 29 23 38 33 22 26 40 22 33 0 16 30
0 22 21 16 29 32 27 35 16 29 13 6 40 10 24 21 21 4 38 27 15 38 23 20 24 30 15 38 34 24 37 34 5 49 18 24 38 45 6 37 2 19 41 32 32 46 23 47 27 35 37 24 38 5 14 40 21 31 25 31 16 12 21 39 25 24 18 24 41 19 30 33 6 36 31 34 22 27 28 18 32 21 15 30 6 11 20 5 34 22 38 35 24 33 40 24 13 40 15 0 4
0 4 39 20 17 32 46 15 30 33 29 26 6 26 24 13 28 18 26 28 27 45 27 15 42 10 25 19 5 19 27 24 2 38 31 21 27 41 31 24 44 29 18 18 10 26 31 17 20 12 17 18 8 38 3 44 46 33 27 41 22 23 36 26 31 28 18 30 20 9 24 32 20 30 45 21 31 25 27 23 25 30 37 10 29 22 16 17 16 22 23 9 26 12 15 31 48 37 23 40 0
