100 2
1 970 8 6
1 1108 8 5
1 1159 2 5
3 1172 1 9
2 1125 6 6
2 884 7 3
8 876 3 10
10 1020 1 9
9 867 10 7
7 1275 4 5
15 937 10 9
12 836 2 7
15 916 10 8
24 1098 2 10
6 884 10 2
16 1087 1 5
31 1282 4 8
36 966 5 9
8 955 7 2
17 1081 9 4
40 864 7 9
43 1279 5 9
10 1237 3 2
30 1154 3 6
45 1250 3 9
47 1196 7 9
28 1223 1 5
36 1128 8 6
60 996 5 10
62 867 6 10
20 1302 1 3
61 1171 2 9
68 853 5 10
41 911 2 6
41 987 3 6
55 787 10 8
22 1242 10 3
44 1018 7 6
52 940 10 7
68 1029 9 9
31 1129 10 4
31 1242 2 4
81 810 1 10
65 1175 2 8
82 866 3 10
59 1038 2 7
76 842 4 9
43 1233 8 5
78 878 7 9
78 1207 10 9
80 1004 9 9
90 1002 3 10
46 1121 6 5
19 1055 1 2
67 1278 8 7
98 1100 8 10
92 862 8 9
73 1018 8 7
84 1259 7 8
87 865 2 8
33 885 5 3
44 1113 7 4
46 936 4 4
59 1161 2 5
95 905 10 8
36 804 8 3
97 896 1 8
76 1226 9 6
64 911 4 5
90 990 3 7
39 1264 10 3
65 1215 5 5
65 893 4 5
79 894 10 6
27 1288 8 2
97 1128 8 7
86 955 1 6
88 1213 1 6
74 1128 8 5
86 1109 9 5
69 1195 2 4
69 926 6 4
36 1142 4 2
73 964 8 4
92 934 6 5
93 898 1 5
80 1105 7 4
100 803 3 5
40 858 10 2
65 1138 4 3
71 887 7 3
100 1217 7 4
81 971 2 3
29 1034 2 1
90 852 8 3
92 1273 2 3
96 1291 9 3
35 1236 10 1
78 1013 2 2
50 809 2 1
SETUP
0 1 5 8 7 5 6 4 9 4 7 9 5 3 2 5 1 3 7 5 2 9 7 4 7 8 6 4 7 8 7 8 5 5 2 3 5 7 8 5 5 7 5 2 8 7 3 6 3 1 3 7 6 6 3 5 4 4 3 7 6 4 3 7 9 9 5 8 5 8 6 9 5 8 6 7 5 4 4 7 7 8 7 5 2 11 5 4 7 9 6 5 12 8 4 4 7 7 11 6 9
0 0 4 8 6 4 5 4 8 3 6 8 4 2 2 5 1 3 6 4 1 8 6 4 6 8 6 3 6 8 6 8 5 4 2 2 4 7 7 5 4 6 5 2 7 7 3 6 3 1 2 7 6 6 3 5 3 3 2 6 6 3 2 6 8 8 5 8 5 7 5 9 5 8 5 7 5 4 4 6 6 7 6 4 1 10 5 3 6 8 5 5 12 7 3 3 7 6 11 5 9
0 1 0 8 4 5 6 4 9 4 7 9 5 3 2 5 1 3 7 5 2 7 6 4 7 6 6 4 7 8 7 8 5 0 2 3 5 7 8 5 5 7 5 2 8 7 3 6 3 1 3 7 6 6 3 5 4 4 3 7 6 4 3 7 9 9 5 8 5 8 6 6 5 5 6 7 5 4 4 7 7 8 4 5 2 11 5 4 7 9 6 5 10 8 4 4 7 7 11 6 9
0 1 5 0 7 5 6 4 9 4 7 9 5 3 2 5 1 3 7 5 2 8 7 4 7 8 6 4 7 8 7 8 5 5 2 3 5 7 4 5 5 7 5 2 8 7 3 3 3 1 3 7 6 6 3 5 4 4 3 7 6 4 3 7 9 9 5 8 5 8 6 9 4 8 6 7 5 4 4 7 7 8 7 2 2 8 1 4 7 9 6 5 9 8 4 4 7 7 11 6 9
0 1 5 8 0 5 6 4 9 4 4 9 5 3 2 5 1 3 7 5 2 6 7 4 5 8 5 4 6 8 7 8 4 5 2 3 5 7 8 5 5 7 5 2 8 7 3 6 3 1 3 7 6 5 3 4 4 4 3 7 6 4 3 3 9 9 5 7 5 8 6 9 5 8 6 7 5 4 4 7 7 8 7 5 2 9 5 4 7 8 6 5 12 8 4 4 7 7 10 6 8
0 1 5 8 5 0 6 4 9 4 6 7 5 3 2 5 1 3 7 5 2 9 7 4 5 8 6 4 7 8 7 8 5 5 2 3 5 7 8 5 5 6 5 2 8 7 3 6 3 1 3 7 6 6 3 5 4 4 3 7 6 4 3 5 9 4 5 8 5 8 6 9 5 8 6 7 5 4 4 7 7 8 5 5 2 9 5 2 7 9 6 5 12 8 4 4 7 7 11 6 9
0 1 5 8 7 5 0 4 5 4 7 4 5 3 2 5 1 3 7 5 2 8 7 4 7 8 3 4 7 8 4 8 5 5 2 3 5 7 6 1 5 7 1 2 7 7 3 6 3 1 3 7 6 3 3 5 4 4 3 7 6 4 3 7 8 9 1 5 5 8 6 9 5 8 6 6 5 4 4 7 7 8 7 5 2 6 5 4 6 6 6 2 8 8 4 4 3 7 8 6 9
0 1 5 4 7 5 6 0 8 4 7 9 5 3 2 5 1 3 7 5 2 9 7 4 7 8 6 4 7 5 7 8 5 5 2 3 5 7 8 5 5 7 5 2 7 7 3 6 3 1 3 7 6 6 3 5 4 4 3 7 2 4 3 7 9 9 5 8 5 5 6 9 5 8 6 7 5 4 4 7 7 8 7 5 2 11 5 4 7 9 6 5 12 8 4 4 7 7 11 6 9
0 1 5 8 7 5 6 4 0 4 7 9 5 3 2 5 1 3 7 5 2 9 7 4 7 8 6 4 7 8 7 8 5 5 2 3 5 7 8 5 5 5 5 2 8 7 3 6 3 1 3 7 6 6 3 5 4 4 3 7 6 4 3 7 9 7 5 8 5 8 6 9 5 8 6 7 5 4 4 7 7 8 7 5 2 11 5 4 7 9 6 5 12 8 4 4 7 7 11 6 9
0 1 5 7 7 5 6 3 8 0 5 9 5 3 2 5 1 2 7 1 2 9 7 4 7 7 6 4 7 8 7 7 5 5 2 3 5 6 8 4 5 7 4 2 8 7 2 6 2 1 3 6 6 6 2 5 4 4 3 7 5 4 3 7 9 9 4 8 5 8 6 8 5 8 6 7 4 4 4 7 7 8 7 5 2 11 5 4 7 9 6 4 11 8 4 4 6 7 11 6 8
0 1 5 6 6 5 6 4 9 4 0 9 5 3 2 5 1 3 7 5 2 7 7 4 7 8 1 4 2 6 6 8 5 5 2 3 5 6 7 5 5 7 5 2 8 7 3 6 3 1 3 7 6 1 3 0 4 4 3 7 6 4 3 7 7 9 5 3 5 7 6 8 5 8 4 7 5 4 4 7 7 8 7 5 2 11 4 4 4 4 6 5 9 8 4 4 4 7 6 6 4
0 1 5 8 4 5 6 4 9 4 5 0 4 3 2 5 1 3 7 2 2 9 7 4 5 8 1 3 7 6 7 8 5 5 2 3 5 7 2 5 5 6 5 2 7 7 3 6 3 1 3 7 6 1 3 5 4 4 3 6 6 4 3 4 9 9 5 3 5 8 6 9 5 8 6 7 5 4 4 7 7 8 7 5 2 2 4 4 4 4 2 5 7 7 4 4 7 4 6 6 7
0 1 5 4 7 5 6 0 8 4 7 9 0 3 2 5 1 3 4 5 2 9 7 4 7 8 6 4 7 5 7 7 5 2 2 3 5 7 6 5 5 7 5 2 7 7 3 6 3 1 3 7 6 6 3 5 1 4 3 7 2 4 3 7 9 9 5 8 5 5 6 8 5 8 6 7 3 4 4 4 7 8 6 5 2 11 5 4 7 6 6 5 11 8 4 4 7 2 11 6 9
0 1 2 8 6 3 6 4 9 1 6 9 5 0 2 5 1 3 7 2 2 7 7 4 7 8 6 4 7 8 4 8 5 2 2 3 5 7 6 5 5 7 5 2 8 7 3 6 3 1 3 7 6 6 3 5 4 4 3 7 6 2 3 7 7 7 5 8 5 8 6 8 5 7 4 7 5 4 4 7 7 8 6 5 2 11 5 4 7 9 6 5 11 8 4 4 7 7 11 6 9
0 1 5 8 7 5 4 4 8 4 7 8 5 3 0 5 1 3 7 5 2 9 7 2 7 8 4 4 6 6 7 8 3 5 2 3 5 7 8 4 5 7 4 2 8 7 3 6 3 1 3 7 4 4 3 5 4 4 3 7 6 4 3 7 9 9 4 6 5 8 5 7 5 8 6 7 5 4 4 7 7 8 7 5 2 10 5 4 7 7 6 5 11 6 4 4 6 7 9 6 9
0 1 5 8 6 4 6 4 9 4 7 9 5 3 2 0 1 3 7 5 2 9 7 4 7 8 6 4 7 8 7 8 5 5 2 3 5 7 8 5 5 7 5 2 8 7 3 1 3 1 3 7 6 6 3 5 4 4 3 7 6 4 3 7 9 8 5 8 5 8 6 9 5 8 6 7 5 4 4 7 7 8 7 5 2 6 5 4 7 9 6 5 10 8 4 4 5 7 11 6 9
0 1 5 7 7 5 5 3 8 4 7 9 5 3 1 4 0 2 7 5 2 9 7 3 7 7 5 4 7 7 7 7 4 5 1 3 5 6 7 4 5 7 4 1 8 6 2 5 2 0 3 6 5 5 2 4 4 4 3 7 5 4 3 7 9 9 4 7 4 8 6 8 4 8 6 6 4 3 3 7 7 7 7 5 2 10 4 4 7 8 6 4 11 7 4 4 6 7 10 6 8
0 1 5 8 7 5 6 4 8 4 7 9 5 3 2 5 1 0 7 5 2 9 7 4 7 8 6 4 7 8 7 5 5 5 2 3 5 4 8 5 5 7 5 2 8 7 3 6 3 1 3 4 6 6 3 5 4 4 3 7 6 4 3 7 9 9 5 8 5 8 6 9 5 8 6 7 5 4 4 7 6 8 7 5 2 11 5 4 7 9 6 5 12 8 4 4 7 6 11 6 9
0 1 4 8 7 5 6 4 9 4 7 9 5 3 2 5 1 3 0 5 2 9 7 4 7 8 6 4 7 8 7 8 5 4 2 3 5 7 8 5 5 7 5 2 8 7 3 6 3 1 3 7 6 6 3 5 4 4 3 7 6 4 3 7 9 9 5 8 5 8 6 9 5 8 6 7 5 4 4 7 7 8 7 5 2 11 5 4 7 9 6 5 12 8 4 4 7 7 11 6 9
0 1 5 8 7 5 6 4 9 4 4 9 5 3 2 5 1 3 7 0 2 9 7 4 7 8 5 4 6 8 7 8 5 5 2 3 5 7 8 5 5 7 5 2 8 7 3 6 3 1 3 7 6 5 3 4 4 4 3 7 6 4 3 7 9 9 5 7 5 8 6 9 5 8 6 7 3 4 4 7 7 8 7 5 2 11 5 4 7 8 6 5 12 8 4 4 7 6 10 6 8
0 1 5 8 5 5 4 4 9 4 6 7 4 3 2 5 1 3 5 5 0 9 5 4 7 8 6 4 7 8 7 8 5 3 2 3 5 7 8 5 3 7 5 2 8 7 3 5 3 1 1 7 6 6 3 5 2 4 1 7 6 4 1 5 9 9 5 8 5 6 6 9 5 8 6 7 5 4 4 5 7 6 5 3 2 9 5 2 7 7 6 5 11 6 2 4 7 6 11 6 8
0 1 5 2 7 5 4 4 8 4 6 8 5 3 2 5 1 3 7 5 2 0 7 4 7 8 6 4 7 3 7 8 5 5 2 3 5 7 6 5 5 7 5 2 8 6 3 5 3 1 3 7 6 6 3 5 4 4 3 7 0 4 3 7 9 9 5 8 5 3 6 9 5 8 6 7 5 4 4 7 7 8 7 4 2 10 3 4 7 4 6 5 10 8 4 4 7 7 11 6 9
0 1 5 6 7 5 6 4 9 4 7 9 5 3 2 5 1 3 7 5 2 9 0 4 7 8 6 4 7 8 7 8 5 5 2 3 5 7 8 5 5 7 5 2 8 7 3 6 3 1 3 7 6 6 3 5 4 4 3 7 6 4 3 7 9 9 5 8 5 8 6 9 5 8 6 7 5 4 4 7 7 8 7 5 2 11 5 4 7 9 3 5 12 8 4 4 7 7 11 6 9
0 1 5 8 7 5 6 4 6 4 7 9 5 3 2 5 1 3 7 5 2 9 5 0 7 8 4 4 7 8 7 8 1 5 2 3 5 7 8 2 5 7 2 2 8 7 3 6 3 1 3 7 6 4 3 5 4 4 3 7 6 4 3 7 9 9 2 6 5 8 6 5 5 8 6 7 5 4 4 7 7 8 7 5 2 11 5 4 7 7 5 5 9 4 4 4 4 5 9 6 9
0 1 4 8 7 5 6 4 6 3 7 9 5 2 2 5 1 3 7 4 2 9 7 4 0 8 6 4 7 8 6 8 5 4 2 3 5 7 8 5 5 7 5 2 8 7 3 6 3 1 3 7 6 6 3 5 4 4 3 7 6 4 3 7 9 9 5 8 5 8 6 9 4 8 6 7 5 4 4 7 7 8 7 5 2 11 5 4 7 9 6 5 12 8 4 4 7 7 11 6 9
0 1 5 8 6 5 6 4 9 4 7 8 5 3 2 5 1 3 6 5 2 6 7 4 7 0 5 4 1 8 5 8 5 4 2 3 5 7 8 5 5 7 3 2 8 7 3 6 3 1 3 5 6 5 3 5 3 4 3 7 6 4 2 6 6 9 3 2 5 8 6 9 5 8 3 7 5 4 4 6 7 8 6 5 2 10 5 3 7 8 6 5 10 8 4 4 5 6 5 6 9
0 1 5 7 5 5 6 3 9 4 7 9 5 3 2 5 1 3 7 5 2 9 7 4 7 8 0 4 7 5 7 8 5 5 2 3 4 7 6 5 5 7 5 2 8 7 3 6 3 1 3 7 6 6 3 5 4 4 3 7 5 4 3 7 9 9 5 8 5 8 6 9 5 8 6 7 5 4 4 7 7 8 7 5 2 11 3 4 3 3 5 5 11 8 4 4 7 7 11 6 6
0 1 5 5 7 5 5 1 9 4 7 9 1 3 2 5 1 3 5 5 2 9 7 4 7 8 6 0 7 6 7 7 5 3 2 3 5 7 7 5 4 3 5 2 8 7 3 6 3 1 2 7 6 6 3 5 2 4 3 3 3 4 3 7 9 9 5 8 5 6 6 9 5 8 6 7 4 4 4 5 7 7 5 3 2 11 5 4 7 6 6 4 12 4 3 4 7 3 11 6 9
0 1 5 8 7 5 6 4 9 4 7 9 5 3 2 5 1 3 7 5 2 9 7 4 7 8 6 4 0 8 4 8 5 5 2 3 5 7 8 5 5 7 5 2 8 7 3 6 3 1 3 7 6 6 3 5 4 4 3 7 6 4 3 7 9 9 5 8 5 8 6 9 5 8 6 7 5 4 4 7 7 8 7 5 2 11 5 4 7 9 6 5 12 8 4 4 7 5 11 6 9
0 1 5 6 6 5 5 2 6 4 7 9 2 3 2 3 1 2 6 5 2 9 7 4 4 7 6 1 4 0 7 7 5 4 2 0 2 6 7 4 4 4 4 2 5 7 2 4 2 1 3 6 6 6 3 5 3 1 3 4 4 4 3 7 9 9 4 6 5 7 3 9 3 8 6 7 5 3 4 6 4 7 6 4 2 9 4 4 4 7 3 4 10 5 3 4 5 4 10 6 8
0 1 5 8 6 5 6 4 9 4 7 9 5 3 2 5 1 3 7 5 2 9 7 4 7 8 6 4 7 8 0 8 5 5 2 3 5 7 4 5 5 7 5 2 8 7 3 6 3 1 3 7 6 6 3 5 4 4 3 7 6 4 3 7 9 9 5 8 5 8 6 9 4 8 6 7 5 4 4 7 7 8 7 5 2 11 1 4 4 9 6 5 9 5 4 4 7 7 11 6 9
0 1 5 5 6 5 5 1 9 4 7 9 1 3 2 5 1 3 5 5 2 9 7 4 7 8 6 4 7 6 7 0 5 3 2 3 5 7 5 5 5 7 5 2 8 7 3 2 3 1 3 7 6 6 3 3 2 4 3 7 3 4 3 6 9 9 5 8 5 4 6 7 5 8 6 7 2 4 4 5 7 8 7 5 2 7 5 4 7 7 6 5 10 8 4 4 6 1 11 6 9
0 1 5 8 7 5 6 4 9 4 7 9 4 3 2 5 1 3 7 5 2 9 7 4 7 8 6 3 7 8 7 8 0 5 2 3 5 7 8 5 5 6 5 2 8 7 3 6 3 1 3 7 6 6 3 5 4 4 3 6 6 4 3 7 9 9 5 8 5 8 6 9 5 8 6 7 5 4 4 7 7 8 7 5 2 11 5 4 7 9 4 5 12 7 4 4 7 6 11 6 9
0 1 5 8 7 5 6 4 9 4 7 9 5 3 2 5 1 3 7 5 2 9 7 4 7 8 6 4 7 8 7 8 5 0 2 3 5 7 8 5 5 7 5 2 8 7 3 6 3 1 3 7 6 6 3 5 4 4 3 7 6 4 3 7 9 9 5 8 5 8 6 9 5 8 6 7 5 4 4 7 7 8 4 5 2 11 5 4 7 9 6 5 12 8 4 4 7 7 11 6 9
0 1 5 6 7 5 6 2 7 4 7 8 5 3 2 3 1 1 7 5 2 9 7 4 7 6 5 4 7 7 7 6 5 5 0 3 4 5 8 3 5 7 3 2 8 7 1 4 1 1 3 5 6 5 1 5 4 4 3 7 4 4 3 7 9 9 3 7 3 7 6 9 5 8 6 5 4 2 4 7 7 8 7 5 2 9 5 4 7 8 5 3 10 8 4 4 5 7 10 6 7
0 1 5 6 6 5 5 2 6 4 7 9 2 3 2 3 1 2 6 5 2 9 7 4 4 7 6 1 4 7 7 7 5 4 2 0 2 6 7 4 4 4 4 2 5 7 2 4 2 1 3 6 6 6 3 5 3 1 3 4 4 4 3 7 9 9 4 8 5 7 3 9 3 8 6 7 5 3 4 6 4 7 6 4 2 9 4 4 4 7 3 4 10 5 3 4 5 4 10 6 8
0 1 5 5 7 5 6 4 9 4 7 9 5 3 2 5 1 3 7 5 2 9 7 4 7 8 6 4 7 8 7 5 5 5 2 3 0 7 8 5 5 7 5 2 7 7 3 6 3 1 3 7 6 6 3 5 4 4 3 7 6 4 3 7 9 9 5 8 5 8 6 9 5 8 6 7 5 4 4 7 7 8 7 5 2 11 5 4 7 9 1 5 8 8 4 4 3 6 11 6 9
0 1 5 7 7 5 6 3 9 4 7 9 3 3 2 5 1 3 7 5 2 9 7 4 7 8 6 2 7 8 7 8 5 5 2 3 5 0 8 5 5 5 5 2 6 7 3 6 3 1 3 7 6 6 3 5 4 2 3 5 5 4 3 7 9 9 5 8 5 8 6 9 5 8 6 7 5 4 4 7 7 8 7 5 2 11 5 4 7 8 6 5 12 6 4 4 7 5 8 6 9
0 1 5 8 7 5 6 4 9 4 7 9 5 3 2 5 1 3 7 5 2 9 7 4 3 8 6 4 7 8 7 8 5 5 2 3 5 7 0 5 5 7 5 2 8 7 3 5 3 1 3 7 6 6 3 5 4 4 3 7 6 4 3 7 9 9 5 8 5 8 6 9 5 8 6 7 5 4 4 7 7 8 7 5 2 10 5 4 7 9 6 5 5 8 4 4 7 7 11 6 9
0 1 5 8 6 5 4 4 4 4 7 8 5 3 2 5 1 3 7 5 2 7 7 4 6 8 2 4 7 7 7 8 5 5 2 3 5 7 8 0 5 7 0 2 6 7 3 6 3 1 3 7 6 2 3 5 4 4 3 7 6 4 3 7 7 9 0 4 5 8 6 9 5 8 6 7 5 4 4 7 6 8 7 5 2 10 5 4 5 5 6 5 7 8 4 4 2 7 7 6 8
0 1 5 8 7 5 6 4 9 4 7 9 5 3 2 5 1 3 7 5 2 9 7 4 7 8 6 4 7 8 7 8 5 5 2 3 5 7 8 5 0 7 5 2 8 7 3 6 3 1 3 7 6 6 3 5 4 4 3 7 6 4 3 7 9 9 5 8 5 8 6 9 5 8 6 7 5 4 4 7 7 8 7 5 2 11 5 4 7 9 6 5 12 8 4 4 7 7 11 6 5
0 1 5 7 7 5 6 4 9 4 7 9 5 3 2 5 1 3 7 5 2 9 7 4 7 8 6 4 7 8 7 8 5 5 2 3 5 7 8 5 5 0 5 2 8 7 3 6 3 1 3 7 5 6 3 5 4 4 3 7 5 4 3 7 9 9 5 8 5 8 6 9 5 8 6 7 5 4 4 7 7 5 7 1 2 11 5 4 7 9 6 5 12 7 4 4 7 7 10 6 9
0 1 5 8 6 5 6 4 9 4 7 9 5 3 2 5 1 3 7 5 2 9 7 4 6 8 2 4 7 7 7 8 5 5 2 3 5 7 8 5 5 7 0 2 6 7 3 6 3 1 3 7 6 2 3 5 4 4 3 7 6 4 3 7 9 9 5 4 5 8 6 9 5 8 6 7 5 4 4 7 7 8 7 5 2 11 5 4 5 5 6 5 7 8 4 4 2 7 7 6 8
0 1 5 8 7 5 6 4 7 4 7 9 5 3 2 5 1 3 7 5 2 9 7 4 7 8 4 4 7 7 7 8 5 5 2 3 5 7 6 5 5 7 3 0 8 7 3 6 3 1 3 7 6 4 3 5 4 4 3 7 6 4 3 7 9 9 5 6 5 8 6 9 5 8 6 7 5 4 2 7 7 7 7 5 2 11 3 4 7 7 6 5 10 8 4 4 5 7 9 6 9
0 1 5 8 7 5 3 4 8 4 7 7 4 3 2 5 1 3 7 5 2 9 7 4 7 8 6 4 7 8 7 8 5 5 2 3 5 7 8 4 2 7 4 2 0 7 3 6 3 1 3 7 6 6 3 5 4 4 3 7 6 4 3 7 9 9 4 8 5 8 6 9 5 8 6 7 5 4 4 7 7 5 7 5 2 9 5 4 7 9 6 5 11 8 1 4 6 6 11 6 7
0 1 5 8 7 5 6 4 2 4 7 9 5 3 2 5 1 3 7 5 2 9 7 4 7 8 6 4 7 8 7 8 5 5 2 3 5 7 8 5 5 7 5 2 8 0 3 6 3 1 3 7 6 6 3 5 4 4 3 7 6 4 3 7 9 9 5 8 5 8 6 9 5 8 6 7 5 4 4 7 7 8 7 5 2 11 5 4 7 9 6 5 8 8 4 4 7 7 11 6 9
0 1 5 5 6 5 6 1 6 4 7 7 5 3 2 5 1 0 6 5 2 9 7 4 7 8 4 4 7 6 6 5 5 4 2 3 5 4 8 2 5 7 2 2 8 7 0 6 0 1 3 4 6 4 3 5 3 4 3 7 3 4 2 6 9 9 2 6 5 6 6 9 5 8 6 7 3 4 4 6 6 8 6 5 2 9 5 3 7 7 6 2 9 8 4 4 4 6 9 6 6
0 1 5 8 5 3 6 4 9 4 7 8 4 3 2 5 1 3 6 5 2 9 7 4 7 8 6 4 7 8 7 8 5 5 2 3 5 7 8 5 5 7 5 2 8 7 3 0 3 1 3 7 6 6 3 5 4 4 3 7 6 4 3 7 9 7 5 8 5 8 6 9 5 8 6 7 5 4 4 7 7 8 7 5 2 5 5 4 7 9 6 5 9 8 4 4 4 6 11 6 9
0 1 5 5 6 5 6 1 6 4 7 7 5 3 2 5 1 3 6 5 2 9 7 4 7 8 4 4 7 6 6 8 5 4 2 3 5 7 8 2 5 7 2 2 8 7 3 6 0 1 3 7 6 4 3 5 3 4 3 7 3 4 2 6 9 9 2 6 5 6 6 9 5 8 6 7 3 4 4 6 7 8 6 5 2 9 5 3 7 7 6 2 9 8 4 4 4 7 9 6 9
0 1 5 8 7 5 6 4 8 4 7 9 5 3 2 5 1 3 7 5 2 9 7 4 7 8 5 4 7 8 7 8 5 5 2 3 5 7 7 5 5 7 4 1 8 7 3 6 3 0 3 7 6 5 3 4 4 4 3 7 6 4 3 7 9 9 5 7 5 8 6 9 5 8 6 7 4 4 3 7 7 7 7 5 2 11 4 4 7 8 6 5 11 8 4 4 6 7 10 6 9
0 1 5 7 7 5 3 3 8 4 7 7 3 3 2 5 1 3 7 5 2 9 7 4 7 8 6 4 7 8 7 8 5 5 2 3 5 7 8 4 2 7 4 2 8 7 3 6 3 1 0 7 6 6 3 5 4 4 3 7 5 4 3 7 9 9 4 8 5 8 6 9 5 8 6 7 5 4 4 7 7 5 7 5 2 9 5 4 7 9 6 5 11 8 1 4 6 5 11 6 7
0 1 5 8 4 5 6 4 6 4 5 9 5 3 2 5 1 3 7 3 2 9 7 4 6 8 3 4 7 8 7 8 5 5 2 3 5 7 8 5 5 7 5 2 8 7 3 6 3 1 3 0 6 3 3 5 4 4 3 7 6 4 3 4 9 9 5 5 5 7 6 9 5 7 6 7 5 4 1 7 7 8 7 5 2 11 5 4 6 6 5 5 9 8 4 4 7 7 8 6 9
0 1 4 8 7 4 3 4 8 4 7 7 5 3 2 1 1 3 7 5 2 9 7 4 7 8 4 4 2 8 6 8 5 4 2 3 5 7 5 4 2 7 2 2 8 7 3 2 3 1 3 7 0 4 3 5 4 4 3 7 6 4 3 7 9 8 2 6 5 8 1 9 1 8 6 7 5 4 4 7 7 5 7 5 2 7 2 4 7 7 6 5 9 2 1 4 4 7 8 6 7
0 1 5 7 5 5 6 3 9 4 7 9 5 3 2 5 1 3 7 5 2 9 7 4 7 8 0 4 7 5 7 8 5 5 2 3 4 7 6 5 5 7 5 2 8 7 3 6 3 1 3 7 6 0 3 5 4 4 3 7 5 4 3 7 9 9 5 2 5 8 6 9 5 8 6 7 5 4 4 7 7 8 7 5 2 11 3 4 3 3 5 5 11 8 4 4 7 7 5 6 6
0 1 5 5 6 5 6 1 6 4 7 7 5 3 2 5 1 0 6 5 2 9 7 4 7 8 4 4 7 6 6 5 5 4 2 3 3 4 8 2 5 7 2 2 8 7 0 6 0 1 3 4 6 4 0 4 3 4 3 6 3 4 2 6 9 9 2 6 5 6 6 9 5 8 6 7 3 4 4 6 6 8 6 5 2 9 5 3 7 7 4 2 9 7 4 4 4 6 9 6 6
0 1 5 6 7 5 6 4 9 4 7 9 5 3 2 5 1 3 7 5 2 7 7 4 7 8 6 4 7 8 7 8 5 5 2 3 5 6 8 5 5 7 5 2 8 7 3 6 3 1 3 7 6 6 3 0 4 4 3 7 6 4 3 7 7 9 5 8 5 8 6 9 5 8 4 7 5 4 4 7 7 8 7 5 2 11 5 4 7 9 6 5 12 8 4 4 7 7 11 6 9
0 1 4 8 7 5 6 4 9 3 7 9 5 2 2 5 1 3 3 4 2 9 7 4 7 8 6 4 7 8 6 6 5 1 2 3 5 7 8 5 5 7 5 2 8 7 3 6 3 1 3 7 6 6 3 5 0 4 3 7 6 4 3 7 9 9 5 8 5 8 6 9 5 8 6 7 5 4 4 3 7 7 5 5 2 11 5 4 7 5 6 5 12 8 4 4 7 7 11 6 9
0 1 5 5 7 5 5 1 7 4 7 8 1 3 2 3 1 1 5 5 2 9 7 4 7 6 5 0 7 6 7 6 5 3 2 3 5 5 7 3 4 3 3 2 4 7 1 4 1 1 2 5 6 5 3 5 2 0 3 3 3 4 3 7 9 9 3 7 5 6 6 9 5 8 6 7 4 2 4 5 7 7 5 3 2 9 5 4 7 6 6 3 10 4 3 4 5 3 10 6 7
0 1 5 8 7 5 6 4 9 4 7 9 5 3 2 5 1 3 7 5 2 9 4 4 7 8 6 4 7 8 7 8 5 5 2 3 5 7 8 5 5 7 5 2 8 7 3 6 3 1 3 7 6 6 3 5 4 4 0 7 6 4 3 7 9 9 5 8 5 5 6 9 5 8 6 7 5 4 4 7 7 6 7 5 2 11 5 4 7 9 6 5 12 8 4 4 7 7 11 6 9
0 1 3 5 7 3 6 1 9 4 7 9 1 3 2 4 1 3 5 5 2 9 7 4 7 7 6 4 7 6 7 8 5 3 2 3 4 7 5 5 5 7 5 2 8 7 3 5 3 1 3 7 6 6 3 5 2 4 3 0 3 4 3 7 9 7 5 8 5 6 6 7 5 8 6 7 2 3 4 5 7 8 2 5 2 10 3 4 7 3 5 5 10 1 4 4 7 1 11 6 7
0 1 5 2 7 5 4 4 9 4 6 8 5 3 2 5 1 3 7 5 2 9 7 4 7 8 6 4 7 3 7 8 5 5 2 3 5 7 6 5 5 7 5 2 8 7 3 5 3 1 3 7 6 6 3 5 4 4 3 7 0 4 3 7 9 9 5 8 5 3 6 9 5 8 6 7 5 4 4 7 7 8 7 4 2 10 3 4 7 9 6 5 10 8 4 4 7 7 11 6 9
0 1 5 7 6 1 6 4 9 4 7 8 5 3 2 5 1 3 7 5 2 5 7 4 6 8 6 4 7 8 7 8 5 5 2 3 5 6 4 5 5 7 5 2 8 7 3 6 3 1 3 7 6 6 3 5 4 4 3 7 5 0 3 6 5 5 5 8 5 7 6 9 5 8 2 7 5 4 4 7 7 8 6 4 2 10 5 3 7 9 6 5 9 8 4 4 7 7 11 6 9
0 1 5 8 4 5 6 4 9 4 5 6 5 3 2 5 1 3 4 5 2 9 7 4 6 8 6 4 7 8 7 7 5 2 2 3 5 7 8 5 5 7 5 2 8 7 3 5 3 1 3 7 6 6 3 5 1 4 3 7 6 4 0 4 9 9 5 8 5 8 6 9 5 8 6 7 5 4 4 4 7 8 4 5 2 8 5 1 7 6 6 5 12 8 4 4 7 7 11 6 9
0 1 5 7 0 5 6 4 8 4 1 9 5 3 2 5 1 3 7 5 2 6 7 4 2 8 2 4 3 7 7 8 1 5 2 3 5 7 8 5 5 7 5 2 8 7 3 6 3 1 3 7 6 2 3 1 4 4 3 7 6 4 3 0 8 9 5 4 5 8 6 9 5 8 5 7 5 4 4 7 7 8 7 5 2 9 5 4 5 5 5 5 10 8 4 4 5 7 7 6 5
0 1 5 2 7 5 4 4 8 4 6 8 4 3 2 3 1 3 7 5 2 0 7 4 7 8 6 3 4 3 7 8 5 5 2 3 5 1 6 5 4 6 4 2 7 6 3 4 3 1 3 7 6 6 3 5 4 3 3 6 0 4 3 7 0 9 4 8 5 3 3 9 3 8 6 7 5 4 4 6 7 7 7 4 2 9 3 4 7 4 6 5 10 7 3 4 6 6 9 6 9
0 1 5 6 6 5 5 2 6 4 7 9 2 3 2 3 1 2 6 5 2 9 7 4 4 7 6 1 4 7 7 7 5 4 2 0 2 6 7 4 4 2 4 2 5 7 2 4 2 1 3 6 6 6 3 5 3 1 3 4 4 4 3 7 9 0 4 8 5 7 3 9 3 8 6 7 5 3 4 6 4 7 6 3 2 9 4 4 4 7 3 4 10 5 3 4 5 4 10 6 8
0 1 5 8 6 5 6 4 8 4 7 9 5 3 2 5 1 3 7 5 2 9 7 4 6 8 2 4 7 7 7 8 5 5 2 3 5 7 8 5 5 7 0 2 6 7 3 6 3 1 3 7 6 2 3 5 4 4 3 7 6 4 3 7 9 9 0 4 5 8 6 9 5 8 6 7 5 4 4 7 6 8 7 5 2 11 5 4 5 5 6 5 7 8 4 4 2 7 7 6 8
0 1 5 8 7 5 6 4 8 4 7 9 5 3 2 5 1 3 7 5 2 8 7 4 7 8 6 4 5 8 7 8 5 5 2 3 5 7 8 4 5 7 4 2 8 7 3 6 3 1 3 7 6 6 3 5 4 4 3 6 6 4 3 7 8 9 4 0 5 8 6 9 5 8 5 7 5 4 4 7 7 8 7 5 2 11 5 4 7 9 6 3 11 7 4 4 6 7 11 6 9
0 1 5 8 7 5 6 4 9 4 7 9 5 3 2 5 1 3 7 5 2 9 7 4 7 8 6 4 7 8 7 8 5 5 2 3 5 7 8 5 5 7 5 2 8 7 3 6 3 1 3 7 6 6 3 5 4 4 3 7 6 4 3 7 9 9 5 8 0 8 6 9 5 8 6 7 5 4 4 7 7 8 7 5 2 11 5 4 7 9 6 5 12 8 4 4 7 7 11 6 9
0 1 5 8 7 5 1 4 6 4 7 5 5 3 2 5 1 3 7 5 2 9 4 4 7 8 4 4 7 8 5 8 5 5 2 3 5 7 7 2 5 7 2 2 8 7 3 6 3 1 3 7 6 4 3 5 4 4 3 7 6 4 3 7 9 9 2 6 5 0 6 9 5 7 6 7 5 4 4 7 7 8 7 5 2 7 5 4 7 6 6 3 7 8 4 4 4 7 9 6 9
0 1 5 8 6 4 2 4 7 4 7 6 5 3 2 0 1 3 7 5 2 9 7 4 7 8 3 4 1 8 5 8 5 5 2 3 5 7 4 3 1 6 1 2 7 7 3 1 3 1 3 7 5 3 3 5 4 4 3 7 6 4 3 7 9 8 1 5 5 8 0 9 0 8 6 7 5 4 4 7 7 4 7 5 2 6 1 4 6 6 6 4 8 6 0 4 3 6 7 6 6
0 1 5 6 7 5 6 4 9 4 7 9 5 3 2 5 1 3 7 5 2 9 0 4 7 8 6 4 7 8 7 8 5 5 2 3 5 7 8 5 5 7 5 2 8 7 3 4 3 1 3 7 6 6 3 5 4 4 3 7 6 4 3 7 9 9 5 8 5 8 6 0 5 7 6 7 5 4 4 7 7 8 7 5 2 9 5 4 7 9 3 5 4 8 4 4 7 7 11 6 9
0 1 5 8 7 5 6 4 9 4 7 9 5 3 2 5 1 3 7 5 2 9 7 4 7 8 3 4 7 8 7 8 5 5 2 3 5 7 4 5 5 7 1 2 7 7 3 6 3 1 3 7 6 3 3 5 4 4 3 7 6 4 3 7 9 9 1 5 5 8 6 9 0 8 6 7 5 4 4 7 7 8 7 5 2 11 1 4 6 6 6 5 8 8 4 4 3 7 8 6 9
0 1 4 6 1 5 6 2 9 4 5 9 2 3 2 5 1 3 6 5 2 7 7 4 6 8 6 4 5 7 7 8 5 4 2 3 5 7 8 5 5 7 5 2 3 7 3 6 3 1 3 7 6 6 3 5 3 4 3 7 4 4 3 4 8 9 5 8 5 7 6 9 5 0 6 4 4 4 4 6 7 8 3 5 2 10 5 4 7 8 6 5 12 8 4 4 7 4 11 5 9
0 1 5 5 7 3 6 4 9 4 7 9 5 3 2 5 1 3 7 5 2 3 7 4 7 8 6 4 7 6 7 8 5 5 2 3 5 4 6 5 5 7 5 2 8 7 3 6 3 1 3 7 6 6 3 5 4 4 3 7 3 2 3 7 3 7 5 8 5 5 6 9 5 8 0 7 5 4 4 7 7 8 7 2 2 11 5 4 7 7 6 5 10 8 4 4 7 7 11 6 9
0 1 0 6 4 2 6 4 9 4 7 9 5 3 2 5 1 3 7 5 2 4 6 4 7 6 6 4 7 7 7 8 5 0 2 3 5 5 5 5 5 7 5 2 8 7 3 6 3 1 3 7 6 6 3 5 4 4 3 7 4 1 3 6 4 6 5 8 5 7 6 6 5 5 3 0 5 4 4 7 7 8 4 5 2 11 5 4 7 8 6 5 10 8 4 4 7 7 9 1 9
0 1 5 8 7 5 6 4 9 4 7 9 5 3 2 5 1 3 7 5 2 9 6 4 7 8 6 4 7 8 7 6 5 5 2 3 5 7 8 5 5 7 5 2 8 7 3 6 3 1 3 7 6 6 3 5 4 4 3 7 6 4 3 7 9 9 5 8 5 8 6 6 5 8 6 7 0 4 4 7 7 8 7 5 2 11 5 4 7 9 6 5 10 8 4 4 7 7 11 6 9
0 1 5 8 7 5 6 4 9 4 7 9 5 3 2 1 1 3 7 5 2 9 7 4 7 4 6 4 5 8 7 8 5 5 2 3 5 5 8 5 5 7 5 2 8 7 3 2 3 1 3 7 6 6 3 5 4 4 3 7 6 4 3 7 9 9 5 6 5 8 6 9 5 8 6 7 5 0 4 7 7 8 7 5 2 7 5 4 7 9 6 5 11 8 4 4 6 7 9 6 9
0 1 5 8 7 5 6 4 5 4 7 9 5 3 2 5 1 3 7 5 2 9 7 4 7 8 2 4 7 7 7 8 5 5 2 3 5 7 8 5 5 7 5 2 8 7 3 6 3 1 3 7 6 2 3 5 4 4 3 7 6 4 3 7 9 9 5 4 5 8 6 9 5 8 6 7 5 4 0 7 7 8 7 5 2 11 5 4 5 5 4 5 8 8 4 4 7 7 7 6 8
0 1 5 8 7 5 6 4 9 4 7 9 5 3 2 5 1 3 7 3 2 9 7 4 7 8 6 4 7 8 7 8 5 5 2 3 5 7 8 5 5 7 5 2 8 7 3 6 3 1 3 7 6 6 3 2 4 4 3 7 6 4 3 7 9 9 5 8 5 8 6 9 5 8 6 7 5 4 4 0 7 4 7 5 2 11 5 4 7 9 6 5 11 8 4 4 7 7 11 6 9
0 1 5 8 7 5 6 4 2 4 7 9 5 3 2 5 1 3 7 5 2 7 7 4 7 8 6 4 7 8 7 8 5 5 2 3 5 7 8 5 5 7 5 2 8 7 3 6 3 1 3 7 6 6 3 5 4 4 3 7 6 4 3 7 7 9 5 8 5 8 6 9 5 8 6 7 5 4 4 7 0 8 7 5 2 11 5 4 7 9 6 5 12 8 4 4 7 7 11 6 9
0 1 5 8 7 5 4 4 9 4 7 8 5 3 2 2 1 3 7 5 2 9 7 4 7 8 5 4 3 8 7 8 5 5 2 3 5 7 6 5 3 7 3 2 8 7 3 3 3 1 3 7 6 5 3 5 4 4 3 5 6 4 3 7 9 9 3 7 5 8 2 8 2 8 6 7 5 4 4 7 7 0 7 5 2 8 3 4 7 7 6 5 8 6 2 4 5 6 9 6 8
0 1 5 8 7 5 6 4 9 4 7 9 5 3 2 5 1 3 7 5 2 9 7 4 7 8 6 4 7 8 7 7 5 5 2 3 5 7 8 5 5 7 5 2 8 7 3 6 3 1 3 7 6 6 3 5 4 4 3 7 6 4 3 7 9 9 5 8 5 8 6 7 5 8 6 7 1 4 4 7 7 8 0 5 2 11 5 4 7 9 6 5 11 8 4 4 7 7 11 6 9
0 1 5 6 7 5 6 4 9 4 7 9 5 3 2 5 1 3 7 5 2 9 7 4 7 8 6 4 6 7 7 8 5 5 2 3 5 7 8 5 5 7 5 2 8 7 3 6 3 1 3 7 4 6 3 5 4 4 3 7 4 4 3 7 9 9 5 8 5 7 5 9 5 8 6 7 5 4 4 7 7 8 7 0 2 11 5 4 7 9 6 5 12 6 4 4 7 7 11 6 9
0 1 5 8 5 5 4 4 9 3 5 7 4 3 2 5 1 3 5 4 0 7 5 4 7 8 6 4 7 8 7 8 5 3 2 3 5 7 8 5 3 7 5 2 8 7 3 5 3 1 1 7 6 6 3 5 2 4 1 7 6 4 1 5 7 8 5 8 5 6 6 9 5 8 6 7 5 4 4 5 7 6 5 3 0 9 5 2 7 7 6 5 11 6 2 4 7 6 11 4 8
0 1 5 6 2 5 5 2 9 4 3 3 2 3 2 5 1 3 6 5 1 8 6 4 4 8 4 4 5 7 7 8 3 4 2 3 5 7 5 5 4 7 5 2 8 7 3 6 3 1 2 7 6 4 3 3 3 4 2 7 4 4 2 2 9 9 5 6 5 7 6 8 5 8 6 7 3 4 4 6 7 7 6 4 2 0 5 3 7 7 4 5 10 6 3 4 7 2 9 6 7
0 1 5 8 7 5 6 4 9 4 7 9 5 3 2 5 1 3 7 5 2 9 6 4 6 8 6 4 7 8 7 8 5 5 2 3 5 7 3 5 5 7 4 2 8 7 3 6 3 1 3 7 6 6 3 5 4 4 3 6 6 4 3 7 9 9 4 8 5 8 6 9 3 8 6 7 5 4 4 7 7 8 7 5 2 11 0 4 7 9 6 5 8 7 4 4 6 7 11 6 9
0 1 5 8 3 5 6 4 9 4 4 5 5 3 2 5 1 3 7 5 2 9 7 4 5 8 5 4 6 8 7 8 4 5 2 3 5 7 7 5 5 7 5 2 8 7 3 4 3 1 3 7 6 5 3 4 4 4 3 7 6 4 3 3 9 9 5 7 5 8 6 9 5 8 6 7 4 4 4 7 7 8 3 5 2 7 5 0 7 8 6 5 12 8 4 4 7 7 10 6 8
0 1 5 8 2 5 6 4 9 4 6 9 5 3 2 5 1 3 7 5 2 8 7 4 7 8 6 4 7 8 7 8 5 5 2 3 5 7 8 5 5 7 5 2 8 7 3 6 3 1 3 7 6 6 3 5 4 4 3 7 6 4 3 5 9 9 5 8 5 8 6 9 5 8 6 7 5 4 4 7 7 8 7 5 2 11 5 4 0 9 6 5 12 8 4 4 7 7 11 6 9
0 1 5 6 7 5 6 4 9 4 7 9 5 3 2 4 1 3 7 5 2 7 6 4 6 7 4 4 7 8 7 6 5 5 2 3 1 7 3 5 5 7 4 2 8 7 3 5 3 1 3 7 6 6 3 5 4 4 3 6 6 4 3 7 7 9 4 8 5 8 6 9 3 8 6 7 5 3 4 7 7 8 7 5 2 10 0 4 7 0 2 5 8 7 4 4 4 6 11 4 9
0 1 5 8 7 5 6 4 9 4 7 9 5 3 2 5 1 3 7 5 2 9 7 4 7 8 6 4 7 8 7 6 5 5 2 3 5 7 8 5 5 7 5 2 8 7 3 6 3 1 3 7 6 6 3 5 4 4 3 7 6 4 3 7 9 9 5 8 5 8 6 9 5 8 6 7 5 4 4 7 7 8 7 5 2 11 5 4 7 9 0 5 12 8 4 4 7 7 11 6 9
0 1 5 8 7 5 6 4 9 4 7 9 5 3 2 5 1 3 7 5 2 9 6 4 7 8 6 4 7 8 4 8 5 5 2 3 5 7 8 5 3 7 5 2 8 7 3 6 3 1 3 7 6 6 3 5 4 4 2 7 6 4 3 7 9 9 5 8 5 7 6 9 5 8 6 7 5 4 4 7 7 8 7 5 2 11 5 4 7 9 6 0 12 8 4 4 7 7 11 6 8
0 1 5 8 5 3 6 4 9 4 7 8 4 3 2 5 1 3 6 5 2 9 6 4 7 8 6 4 3 8 7 8 5 5 2 3 5 7 8 5 5 7 5 2 8 7 3 0 3 1 3 7 6 6 3 5 4 4 3 7 6 4 3 7 9 7 5 8 5 8 6 6 5 8 6 7 5 4 4 7 7 8 7 5 2 5 5 4 7 9 6 5 0 8 4 4 4 6 11 6 9
0 1 2 8 6 2 5 4 9 4 7 9 5 3 2 5 1 3 7 5 2 9 7 4 7 8 6 4 7 8 7 8 5 2 2 3 5 7 8 5 5 7 5 2 8 7 3 6 3 1 3 7 6 6 3 5 4 4 3 7 6 4 3 7 9 6 5 8 5 8 6 8 5 7 6 7 5 4 4 7 7 8 6 5 2 11 5 4 7 9 6 5 12 0 4 4 7 7 11 6 6
0 1 5 8 7 5 2 4 7 4 7 6 5 3 2 5 1 3 7 5 2 9 7 4 7 8 5 4 7 8 6 8 5 5 2 3 5 7 7 3 1 6 3 2 8 7 3 6 3 1 3 7 6 5 3 5 4 4 3 7 6 4 3 7 9 9 3 7 5 8 6 9 5 8 6 7 5 4 4 7 7 4 7 5 2 8 5 4 7 8 6 4 10 8 0 4 5 7 10 6 6
0 1 5 8 7 5 6 4 9 4 7 9 5 3 2 5 1 3 7 5 2 9 7 4 5 8 6 4 7 8 7 8 5 5 2 3 5 7 8 5 5 7 5 2 8 7 3 6 3 1 3 5 6 6 3 5 4 4 3 7 6 4 3 7 9 9 5 8 5 8 6 9 5 8 6 7 5 4 4 7 7 8 7 5 2 11 5 4 7 9 6 5 12 8 4 0 7 7 11 6 9
0 1 5 8 4 5 6 4 9 2 7 9 5 3 2 4 1 3 7 3 2 9 7 4 4 8 6 4 7 8 7 8 5 5 2 3 5 7 8 5 5 7 5 2 4 7 3 5 3 1 3 7 6 6 3 5 4 4 3 7 6 4 3 7 9 9 5 8 5 8 6 9 5 8 6 7 5 4 4 7 7 8 7 5 2 10 5 4 7 9 6 4 5 8 4 4 0 7 11 6 9
0 1 5 4 7 5 6 0 8 4 7 9 0 3 2 5 1 3 4 5 2 8 6 4 7 8 6 4 7 5 7 7 5 2 2 3 5 7 4 5 5 7 5 2 7 7 3 6 3 1 3 7 6 6 3 5 1 4 3 7 2 4 3 7 9 9 5 8 5 5 6 6 5 8 6 7 1 4 4 4 7 8 6 5 2 11 5 4 7 6 5 5 9 8 4 4 7 0 11 6 9
0 1 5 8 7 5 6 4 9 4 7 9 5 3 2 5 1 3 7 5 2 9 7 4 7 3 6 4 4 8 7 8 5 5 2 3 5 7 8 5 5 7 5 2 8 7 3 6 3 1 3 7 6 6 3 5 4 4 3 7 6 4 3 7 9 9 5 5 5 8 6 9 5 8 6 7 5 4 4 7 7 8 7 5 2 11 5 4 7 9 6 5 11 8 4 4 7 7 0 6 6
0 1 5 5 5 5 6 4 9 4 6 9 5 3 2 5 1 3 7 5 2 3 7 4 7 8 6 4 7 6 7 8 5 5 2 3 5 4 7 5 5 7 5 2 8 7 3 6 3 1 3 7 6 6 3 5 4 4 3 7 3 4 3 5 3 9 5 7 5 6 6 9 5 8 6 7 5 4 4 7 7 8 7 5 2 11 5 4 7 7 6 5 12 8 4 4 7 7 11 0 9
0 1 5 8 7 5 6 4 9 4 7 9 5 3 2 5 1 3 7 5 2 9 7 4 7 8 6 4 7 8 7 8 5 5 2 3 5 7 8 5 5 7 5 2 8 7 3 6 3 1 3 7 6 6 3 5 4 4 3 7 6 4 3 7 9 9 5 8 5 8 6 9 5 8 6 7 5 4 4 7 7 8 7 5 2 11 5 4 7 9 6 5 12 8 4 4 7 7 11 6 0
