100 2
2 945 10 10
2 418 9 7
2 0 4 5
4 62 1 7
5 485 7 8
6 620 9 8
5 944 8 6
6 235 6 7
10 120 1 10
9 732 6 7
8 316 4 6
9 222 7 6
14 670 9 9
7 1060 2 4
20 293 4 10
21 1056 5 9
10 1038 2 4
25 888 10 10
23 12 4 9
20 371 8 7
23 91 1 8
24 912 9 8
18 18 9 5
26 429 7 7
26 500 3 7
23 1123 4 6
20 241 5 5
40 722 8 9
32 221 9 7
48 1224 9 10
50 346 7 10
40 710 1 8
40 287 9 8
40 902 2 8
39 320 1 7
28 0 6 5
42 376 3 7
18 912 8 3
49 723 3 8
32 249 5 5
65 333 6 10
63 645 8 9
57 1141 4 8
60 1003 6 8
75 535 1 10
68 0 7 9
63 261 2 8
79 0 3 10
17 930 6 2
27 304 7 3
9 198 10 1
85 421 8 9
68 139 5 7
82 624 10 8
21 1018 4 2
63 490 10 6
21 415 5 2
87 1136 8 8
22 688 7 2
100 944 6 9
92 560 8 8
93 849 5 8
47 751 6 4
95 1133 7 8
97 890 7 8
98 893 6 8
86 652 4 7
100 152 9 8
64 26 6 5
73 1005 8 5
75 268 3 5
62 887 1 4
63 0 7 4
16 146 8 1
100 84 6 6
50 892 8 3
50 256 4 3
100 312 7 6
84 0 2 5
96 1240 9 5
97 360 5 5
61 0 3 3
83 187 7 4
22 0 9 1
70 1057 5 3
95 84 2 4
96 216 8 4
78 891 9 3
64 0 2 2
67 172 4 2
36 263 4 1
42 1022 9 1
85 1098 9 2
98 367 9 2
60 0 7 1
68 905 7 1
68 409 7 1
75 87 2 1
92 241 7 1
100 295 2 1
SETUP
0 21 27 34 37 48 25 4 29 16 36 3 35 20 26 25 18 40 36 24 21 11 36 15 34 16 19 39 37 33 31 37 16 8 39 31 41 17 32 17 35 25 0 27 17 34 6 26 23 13 32 21 17 24 24 39 20 36 32 21 18 17 20 29 37 16 35 24 37 4 16 11 23 14 11 32 32 34 18 34 18 34 23 8 33 27 32 22 19 28 46 24 20 37 17 2 32 31 15 19 30
0 0 28 27 47 38 25 20 27 26 22 17 16 14 30 29 42 31 45 39 39 37 15 35 10 24 48 28 7 48 36 23 6 23 35 21 16 26 42 32 45 29 37 9 17 37 35 21 47 45 16 17 27 29 2 18 28 21 49 20 20 1 9 32 28 29 18 43 16 35 23 34 30 1 49 32 26 4 28 35 25 38 31 41 26 1 17 12 6 21 30 35 16 26 14 34 8 33 8 26 9
0 31 0 12 16 39 24 19 40 38 19 2 38 2 27 25 39 20 30 16 26 35 34 20 7 15 20 15 34 32 34 27 38 15 16 22 23 31 29 31 45 39 35 18 21 35 33 21 20 34 17 45 32 7 18 24 15 32 16 44 16 36 36 27 28 33 24 33 15 15 48 29 38 13 19 21 21 9 12 31 5 26 27 31 20 35 14 31 13 10 37 47 31 37 18 45 14 27 27 27 17
0 46 22 0 32 11 28 29 37 29 5 16 41 31 13 25 36 29 24 35 30 45 32 3 20 32 30 27 41 31 42 19 39 44 43 1 14 3 11 19 23 35 44 15 30 19 40 41 22 11 18 26 41 24 1 24 32 36 19 15 18 17 25 22 19 10 31 29 38 21 13 5 11 27 33 44 16 36 44 29 34 50 30 19 26 24 10 4 37 42 29 13 2 28 19 27 21 8 23 24 50
0 41 40 32 0 36 22 30 30 28 14 16 25 14 17 33 20 10 19 27 37 35 43 35 17 29 6 13 7 47 27 31 17 29 41 33 36 38 35 24 40 27 4 18 41 22 33 37 24 32 9 8 29 27 23 18 16 7 41 20 18 41 27 10 32 11 18 12 30 17 39 15 21 27 6 29 35 45 36 13 21 17 14 21 42 9 3 35 50 35 36 29 27 24 17 11 34 31 25 25 25
0 16 29 31 30 0 30 33 38 44 38 41 3 37 50 11 25 39 1 15 40 21 3 32 12 25 12 4 15 16 23 29 2 25 13 17 41 13 38 22 40 14 32 12 16 11 19 30 19 41 15 44 16 16 29 30 9 28 37 21 1 9 6 22 43 20 26 27 20 19 19 31 31 26 48 14 29 49 33 27 13 29 26 35 36 36 24 2 19 34 0 15 27 21 28 18 29 14 37 40 36
0 33 23 21 12 26 0 28 6 15 25 28 46 23 22 21 14 33 19 12 22 3 29 30 35 39 28 13 38 23 40 22 13 43 28 19 8 9 22 6 20 40 5 33 30 41 30 30 23 19 6 26 31 19 35 14 40 8 11 13 37 15 11 29 29 27 47 22 17 39 23 1 15 26 11 23 17 25 15 14 19 19 20 24 25 18 40 31 2 31 33 17 15 27 26 28 1 2 32 28 23
0 31 27 35 33 9 18 0 49 2 22 22 2 28 16 4 12 30 17 20 19 25 13 30 7 9 28 33 18 28 31 44 23 12 28 42 4 39 26 41 27 30 31 32 16 4 2 34 26 15 29 39 19 37 45 16 42 24 10 28 16 39 35 26 29 29 19 9 18 15 42 33 26 48 26 22 24 21 31 1 25 23 28 30 39 14 39 16 28 25 31 39 31 23 13 41 16 9 11 37 25
0 8 26 35 38 46 7 33 0 29 31 35 21 21 10 39 22 8 7 49 39 30 29 30 27 43 18 27 13 28 24 29 22 15 24 5 14 18 40 32 21 43 12 35 27 27 13 33 16 25 40 29 29 8 17 7 28 7 13 3 37 25 10 34 10 18 30 37 33 28 41 23 4 27 5 22 11 35 30 24 26 13 36 24 29 33 42 27 38 19 28 23 45 12 3 23 30 33 35 30 11
0 33 28 37 24 48 29 8 24 0 22 13 27 28 22 17 13 33 43 25 29 16 38 30 16 38 5 33 29 30 42 26 16 4 16 22 1 34 43 18 32 31 13 16 22 23 8 25 44 28 21 23 25 30 5 20 15 30 27 13 3 43 14 25 21 37 18 14 17 11 14 13 9 43 44 38 22 44 33 16 21 33 14 26 3 25 33 40 21 32 6 12 19 31 36 10 7 24 24 32 25
0 10 13 20 9 27 24 19 32 16 0 22 22 22 31 15 6 39 22 36 49 27 41 42 22 42 42 18 31 17 10 22 27 0 14 21 40 20 39 22 23 13 38 40 20 25 33 6 28 15 11 33 9 12 48 24 25 21 36 37 33 18 26 44 1 24 35 34 18 15 29 24 31 0 18 5 46 42 11 40 20 32 15 32 29 26 12 36 22 18 30 36 8 12 21 16 15 30 16 29 29
0 25 31 31 20 18 34 20 15 49 31 0 46 8 12 41 48 49 44 36 43 29 29 41 21 25 19 27 13 8 41 36 42 23 17 15 33 27 1 20 20 32 24 19 36 30 45 43 16 19 25 12 30 4 33 41 31 28 26 23 34 26 31 18 25 32 7 9 40 5 34 22 20 29 30 44 24 27 19 8 18 21 23 32 42 43 13 29 15 18 29 41 27 12 34 13 25 34 26 34 29
0 9 38 34 43 27 30 23 25 39 48 32 0 14 20 31 19 12 36 29 41 24 37 29 25 28 9 25 22 28 9 19 33 34 28 30 24 19 48 25 28 18 34 32 15 23 20 26 17 26 37 7 28 8 20 31 35 36 14 36 21 43 26 26 26 22 19 16 33 13 28 21 13 41 37 36 14 48 33 15 28 26 29 17 43 30 24 11 19 32 29 16 12 40 22 40 43 36 37 11 17
0 36 20 19 14 37 22 10 34 30 39 5 19 0 11 25 40 28 26 23 23 24 15 31 25 28 15 27 3 37 5 37 6 18 19 1 43 48 37 23 37 27 38 28 14 6 24 33 14 14 28 2 21 20 24 10 16 31 19 5 33 28 47 48 20 20 19 31 1 6 8 46 17 39 36 24 12 33 29 14 36 19 15 15 23 34 27 36 21 28 42 30 15 38 13 41 26 16 48 19 2
0 7 32 25 35 30 21 15 5 27 24 16 32 28 0 30 24 27 18 26 30 27 10 27 25 38 13 18 33 11 3 18 49 45 32 42 18 36 31 16 45 10 9 33 30 36 14 38 5 37 36 20 19 12 21 17 21 25 29 13 24 24 22 27 10 24 29 24 6 43 45 38 26 35 41 25 18 11 37 25 16 11 23 31 23 32 41 29 13 29 22 37 48 13 36 4 20 7 27 23 29
0 20 24 4 30 26 27 8 21 21 12 29 11 14 6 0 36 40 14 29 31 28 38 38 22 16 13 2 5 22 38 5 32 21 18 32 32 41 33 21 24 23 21 38 11 24 8 41 28 39 40 23 14 24 42 21 20 26 18 21 7 13 43 30 33 28 26 25 28 14 33 33 32 23 23 25 15 11 23 22 19 33 19 24 23 30 22 15 8 12 37 21 10 20 34 32 26 30 10 32 46
0 10 26 11 10 18 29 28 14 16 17 32 25 27 6 25 0 30 23 19 6 26 23 12 5 29 17 43 48 43 29 16 31 33 34 19 23 7 33 22 29 34 38 36 12 29 16 18 21 42 8 8 24 11 20 20 1 18 28 9 21 48 42 20 10 28 29 35 22 20 47 7 30 11 31 24 36 39 19 34 32 20 18 41 38 15 32 25 22 24 27 18 25 7 25 20 30 32 49 5 28
0 32 26 8 26 19 42 15 19 38 24 23 32 28 20 24 32 0 35 36 22 29 6 18 37 10 15 20 16 25 30 21 28 18 36 30 10 19 6 17 36 8 24 32 17 29 9 24 6 15 39 13 3 12 33 39 33 17 18 20 16 28 36 43 26 19 24 33 11 47 15 33 11 9 32 34 34 1 39 27 34 28 30 20 12 25 23 37 35 27 21 21 33 31 21 37 31 27 33 14 20
0 41 13 31 25 47 39 17 18 27 46 35 27 27 25 15 29 24 0 7 19 14 40 37 15 34 20 27 18 44 20 15 19 43 16 35 7 31 11 21 45 9 15 35 49 20 15 34 22 28 16 12 36 37 37 35 21 44 30 13 7 35 24 24 45 5 43 33 25 38 16 7 42 24 29 38 17 37 15 17 27 19 16 12 30 28 24 45 30 43 34 31 34 19 1 40 36 33 36 21 29
0 30 31 38 37 17 24 21 46 43 6 9 32 32 32 40 26 15 33 0 30 23 26 35 46 18 28 23 25 46 33 13 5 34 29 33 18 41 15 17 34 29 12 31 45 41 20 18 14 23 18 22 10 37 24 2 18 8 43 45 22 20 40 35 18 20 22 11 21 9 38 14 26 22 11 24 25 25 40 7 26 46 48 42 36 18 11 9 29 12 29 7 25 10 18 16 35 12 16 25 29
0 18 8 44 22 36 20 27 16 19 41 42 31 29 45 36 12 19 17 25 0 44 18 25 12 23 17 9 15 35 7 28 10 20 23 17 29 31 35 42 32 8 29 28 12 15 15 17 14 42 45 30 41 35 45 26 18 48 36 12 26 5 25 24 29 4 3 21 6 37 25 8 30 41 15 44 18 28 36 26 20 17 38 32 33 32 46 18 31 33 36 36 14 18 27 43 25 47 20 15 14
0 17 12 18 26 28 28 26 23 23 33 29 16 34 45 32 40 18 23 32 27 0 29 8 26 44 31 5 14 10 14 19 22 29 34 18 36 39 34 29 13 20 11 27 33 14 42 38 11 33 17 10 19 33 28 23 8 22 33 19 35 29 28 16 33 23 47 20 7 39 7 17 42 12 25 29 19 35 8 41 30 12 29 7 35 32 30 17 39 14 19 30 33 14 31 27 15 36 11 16 8
0 24 23 29 46 19 21 45 19 14 20 24 27 33 32 32 4 13 19 41 27 18 0 9 42 29 39 6 3 43 19 7 19 39 8 14 20 26 34 33 19 31 31 28 42 11 41 19 33 14 35 24 33 14 35 6 23 41 24 15 9 24 37 35 17 43 15 18 10 30 30 12 13 10 13 41 20 35 4 39 3 33 16 19 44 20 16 19 28 37 37 4 14 24 28 8 26 42 19 27 26
0 29 26 25 45 34 18 5 39 29 34 35 9 39 26 28 32 31 39 35 38 30 5 0 39 4 36 7 21 36 18 32 27 33 39 35 30 15 29 27 34 28 32 21 7 26 5 23 20 16 31 25 34 29 24 13 18 37 35 11 22 44 18 24 7 47 29 40 40 30 19 14 24 27 28 30 22 31 34 36 19 23 38 17 19 20 15 36 12 9 38 15 50 12 15 39 24 40 17 41 30
0 27 12 7 25 11 25 27 21 32 28 28 13 16 24 34 24 15 32 23 7 15 17 27 0 33 23 45 36 48 33 23 31 12 18 37 26 20 23 16 34 38 33 26 35 31 42 23 3 14 23 19 19 15 25 23 8 29 32 36 28 42 20 10 4 19 28 24 31 4 11 28 14 20 34 19 20 28 19 45 8 27 28 19 27 46 21 30 14 37 36 19 9 26 19 27 44 12 34 31 19
0 30 31 30 34 25 28 27 34 10 28 21 22 32 22 27 28 14 18 32 10 18 23 32 28 0 30 31 48 16 35 11 46 20 27 32 39 27 37 35 21 10 11 29 3 21 26 27 28 19 27 26 35 23 40 31 36 7 27 28 21 27 35 42 35 14 34 15 28 41 11 10 21 14 19 5 40 7 14 39 30 37 28 27 16 36 33 13 22 21 23 27 15 50 27 5 34 16 29 16 35
0 26 20 34 3 17 7 7 19 29 29 10 33 19 8 19 29 40 38 14 23 3 35 30 30 32 0 21 19 19 39 2 18 45 15 38 43 21 34 22 36 26 19 37 30 16 22 26 21 30 31 20 1 30 25 34 3 38 31 19 30 5 16 20 23 19 1 30 35 26 30 41 16 38 23 43 35 20 34 24 11 16 35 12 26 21 28 30 8 24 9 13 32 8 36 15 36 38 49 5 20
0 12 13 38 32 17 25 2 46 14 13 37 34 32 33 39 30 27 40 29 23 34 45 41 42 9 18 0 35 38 28 35 25 38 17 22 15 34 31 31 25 9 45 10 31 46 24 12 44 29 21 34 42 21 25 20 34 0 20 16 29 16 30 39 23 50 2 39 12 27 44 18 30 23 40 47 33 16 16 16 21 24 36 25 9 27 33 32 23 31 19 13 27 29 36 12 29 28 17 41 7
0 24 9 14 26 20 16 16 19 17 24 33 30 25 8 21 37 21 39 16 30 23 9 37 31 37 11 34 0 10 27 31 21 39 35 10 2 26 30 34 10 43 29 33 32 35 24 46 23 34 30 38 35 29 18 17 13 17 14 19 31 35 41 32 20 26 21 25 14 2 43 22 44 31 35 39 9 22 3 32 19 15 6 25 13 3 16 1 9 41 26 27 32 29 24 39 13 29 15 43 21
0 21 27 43 30 31 16 7 42 7 17 12 19 27 16 33 18 17 46 25 31 45 2 18 19 24 46 26 36 0 25 29 11 30 43 10 41 9 17 46 24 24 25 43 12 33 32 32 43 10 24 35 2 19 38 35 28 32 24 17 27 25 9 26 36 18 24 26 41 26 42 34 33 27 40 29 30 28 19 30 18 32 35 44 32 34 32 38 27 17 25 25 35 20 24 33 43 27 29 20 17
0 17 37 29 9 5 37 35 22 26 2 3 31 5 20 23 2 12 25 2 32 34 21 45 6 19 38 37 5 28 0 37 22 31 20 20 44 17 22 15 18 13 21 39 27 39 42 40 39 39 19 24 35 31 34 15 33 20 33 31 28 25 40 11 8 6 15 13 33 36 8 7 40 31 16 21 15 11 15 22 19 32 22 18 15 19 40 20 22 40 42 22 34 18 26 20 45 13 13 19 6
0 29 17 13 24 19 40 24 15 17 24 29 21 7 19 13 27 17 35 18 12 33 36 12 25 21 20 31 38 27 28 0 19 49 21 29 5 25 11 29 22 30 37 45 17 29 15 11 24 36 3 19 10 29 23 38 28 36 11 15 48 5 19 20 26 31 37 21 27 22 31 39 15 19 27 16 24 22 2 17 38 26 18 30 32 22 40 23 21 20 30 30 36 27 26 24 32 14 24 17 7
0 23 24 39 29 30 16 19 30 29 17 34 30 41 6 28 17 19 39 29 17 17 32 24 32 34 14 20 49 7 35 21 0 6 2 36 32 29 30 39 36 22 13 26 21 21 31 26 6 8 31 9 27 40 9 24 22 9 8 31 18 3 17 3 22 30 20 21 17 25 26 9 26 20 28 31 23 11 32 18 9 11 41 25 27 40 29 19 42 26 29 13 15 26 8 46 42 29 32 15 7
0 19 3 20 18 13 39 17 25 4 26 26 23 34 21 27 24 18 5 11 33 29 32 12 21 20 34 29 47 37 12 43 42 0 47 20 27 18 7 24 36 35 31 20 32 21 26 15 28 47 12 15 21 19 13 2 42 11 16 8 35 43 32 26 22 36 28 20 37 33 22 13 34 30 29 22 36 25 20 12 25 18 29 13 35 27 9 40 17 28 34 42 18 25 45 22 16 19 26 20 27
0 26 44 43 8 15 34 34 2 30 41 28 5 29 37 44 11 16 17 25 28 9 25 16 46 31 17 46 30 49 25 21 32 9 0 9 47 44 20 15 34 29 38 22 39 29 25 27 43 27 27 8 30 28 18 30 44 11 28 28 21 36 42 30 18 47 18 29 20 39 14 15 19 32 26 44 7 28 24 26 26 24 25 17 11 49 21 20 23 21 35 37 16 45 40 37 31 27 22 22 26
0 39 8 25 26 21 15 19 32 24 20 7 18 21 24 32 24 10 3 45 31 18 36 2 9 25 22 44 30 25 50 21 20 25 24 0 38 37 11 23 33 14 28 30 33 14 35 31 23 38 12 22 30 26 42 12 33 36 28 17 24 23 36 19 25 25 17 39 41 16 36 25 44 25 38 28 11 23 29 40 29 23 9 17 14 16 12 19 11 30 16 34 32 34 9 50 10 35 32 13 17
0 28 19 28 21 49 22 15 20 9 17 21 19 41 10 14 33 41 7 27 20 18 28 22 31 30 39 23 31 21 3 23 19 29 27 44 0 40 22 21 25 37 33 16 34 10 9 37 3 40 30 21 12 17 30 37 13 22 30 14 49 25 31 8 42 41 11 15 47 24 27 33 22 35 5 29 20 37 23 10 17 26 17 28 32 24 47 37 7 45 18 29 23 25 20 41 34 32 20 42 23
0 42 22 38 6 25 8 9 24 33 2 27 39 4 8 9 41 31 21 14 35 47 32 30 11 13 20 32 18 5 14 30 38 42 43 27 10 0 35 12 25 40 21 9 27 28 34 41 19 45 24 37 31 40 16 23 20 35 9 33 46 21 41 30 24 34 38 12 25 40 42 27 31 36 13 49 16 29 21 14 6 34 19 31 25 29 15 20 20 28 24 30 49 11 32 2 23 32 6 15 24
0 23 25 27 32 38 28 24 46 17 17 23 43 31 24 16 12 18 20 31 32 19 36 8 21 1 17 19 18 26 45 23 30 2 46 2 21 13 0 41 29 41 8 10 48 25 44 34 22 23 18 38 30 40 45 31 18 34 32 47 23 27 13 23 17 8 31 32 26 36 26 32 40 26 10 5 14 13 22 37 23 39 26 35 4 24 37 37 22 22 24 27 23 37 40 7 34 25 27 9 43
0 29 28 19 45 24 28 31 4 39 36 33 19 38 21 11 23 26 30 20 5 33 48 13 23 20 38 27 35 23 13 24 19 34 16 15 20 29 37 0 32 31 34 17 19 18 49 31 26 28 44 19 16 5 27 28 30 39 5 25 21 23 16 15 30 31 15 11 35 18 11 19 21 28 41 11 5 35 18 37 13 36 12 16 17 32 13 26 18 24 14 15 2 46 33 27 0 30 34 28 18
0 15 12 22 27 5 24 6 21 32 33 28 20 41 32 28 15 26 38 47 36 38 38 0 3 37 16 9 31 16 33 44 18 37 48 22 44 34 10 41 0 18 12 20 16 14 45 34 29 26 12 35 26 21 18 7 33 20 19 21 48 13 18 32 23 10 33 29 24 18 17 12 42 31 27 20 38 32 6 33 45 7 37 22 37 17 35 41 20 11 40 7 18 30 12 11 14 29 20 31 15
0 30 24 28 32 40 23 15 23 31 46 18 37 29 14 24 33 18 4 30 43 41 35 19 13 17 12 11 28 28 16 9 39 36 37 4 30 25 9 20 9 0 23 25 24 8 40 42 26 7 32 37 31 41 16 20 29 41 22 45 15 27 45 19 35 14 26 32 29 15 12 25 16 31 45 24 38 18 22 23 33 27 19 12 17 23 10 25 22 23 30 0 14 21 36 22 6 46 44 12 31
0 38 30 19 32 34 42 22 41 13 20 18 30 9 27 38 18 23 21 46 30 40 12 14 33 21 28 24 19 39 37 39 23 34 20 25 49 8 34 7 41 31 0 9 23 6 40 28 27 23 36 18 29 36 15 10 6 22 36 38 35 26 9 27 30 48 39 26 27 28 32 29 24 46 31 28 38 47 38 33 20 19 21 28 41 27 32 39 14 17 26 24 10 23 21 20 32 29 8 20 19
0 16 42 28 21 15 42 23 12 35 5 37 27 11 30 18 25 39 30 38 34 46 7 41 26 21 25 37 20 38 34 20 26 29 26 19 22 26 34 27 3 24 48 0 9 39 16 31 14 41 33 20 37 38 32 18 26 6 27 18 8 42 23 20 34 25 25 8 9 33 24 32 31 20 43 36 13 39 4 19 26 25 18 44 19 25 33 32 10 32 38 10 19 25 18 33 5 20 16 31 40
0 13 2 22 12 16 23 40 11 12 29 10 33 36 1 22 21 42 23 19 2 20 11 6 41 42 27 15 33 21 29 5 33 37 31 46 32 22 21 30 31 14 5 20 0 35 40 42 23 39 47 2 42 35 44 19 15 33 21 31 36 14 21 37 45 16 20 33 18 47 22 16 12 12 49 33 48 26 16 30 32 10 33 9 30 31 39 18 31 31 15 46 30 14 45 21 33 42 18 36 20
0 38 31 33 38 36 38 11 3 28 22 22 46 44 18 13 26 24 31 42 32 0 11 16 12 12 28 39 41 31 20 37 29 39 12 2 35 31 30 24 40 20 22 31 41 0 34 28 14 7 25 16 3 43 40 36 27 15 25 30 40 32 19 30 7 34 44 0 32 3 18 2 33 17 32 19 38 30 16 30 38 39 22 14 12 32 18 41 25 38 25 18 23 30 29 18 10 25 6 36 2
0 8 37 24 19 20 34 1 32 27 30 14 35 24 25 6 14 20 39 17 31 5 15 38 17 34 34 25 22 29 33 35 21 39 20 15 25 14 15 49 28 18 33 38 1 33 0 14 6 27 14 9 9 28 21 14 31 13 37 40 10 13 40 22 30 13 13 24 24 9 24 34 30 15 50 34 16 33 10 33 29 12 6 25 33 26 0 25 46 14 19 23 33 23 8 39 28 24 8 22 12
0 9 1 27 11 48 32 40 23 22 43 3 28 42 14 29 6 31 31 44 31 16 24 23 16 15 21 36 34 18 27 39 11 6 9 21 22 10 8 17 39 7 28 7 30 24 38 0 18 41 29 17 20 37 10 37 37 6 31 26 24 16 26 37 19 5 31 8 31 8 34 17 24 11 31 20 44 12 23 29 30 16 24 3 13 18 39 27 12 18 27 35 12 19 26 31 6 11 22 21 16
0 22 8 2 34 28 15 11 18 36 34 42 28 14 36 41 32 39 23 23 38 41 27 11 37 11 35 24 7 34 5 11 4 19 18 4 22 35 37 24 38 32 23 14 23 12 19 7 0 30 34 48 24 6 22 21 29 7 16 29 31 4 18 33 32 43 28 20 15 21 21 35 32 33 36 36 16 37 32 37 18 22 23 20 49 31 18 23 35 11 14 13 19 43 28 15 14 36 13 41 18
0 45 31 14 33 33 33 12 4 20 16 21 41 28 37 15 19 38 19 9 32 32 37 25 32 5 17 35 18 17 3 44 26 21 16 29 22 38 17 9 31 20 7 36 26 33 36 40 29 0 14 29 13 31 22 26 18 23 14 21 9 34 32 19 18 22 40 44 29 23 3 36 17 37 32 21 39 16 37 13 13 30 26 22 36 15 33 24 23 40 29 33 19 19 19 23 21 37 28 12 30
0 43 18 23 36 25 34 20 27 3 16 27 34 23 24 15 25 32 10 16 19 35 24 21 22 21 1 34 29 27 32 31 31 34 40 50 45 18 13 38 42 27 23 33 25 8 13 42 21 16 0 16 17 31 6 16 2 29 38 24 17 14 26 29 18 41 21 23 12 16 36 34 10 25 14 31 13 20 48 36 30 2 38 38 34 33 23 20 33 22 16 26 27 20 25 14 14 15 27 33 21
0 33 6 15 29 27 19 19 3 13 25 27 27 25 24 20 19 18 26 30 28 37 45 27 27 21 28 26 43 35 11 24 29 30 30 13 45 19 10 23 41 25 34 12 10 41 13 9 20 19 34 0 43 15 22 4 16 35 27 25 17 11 22 23 25 47 18 17 40 15 23 22 45 39 22 31 25 12 13 22 27 19 41 25 15 20 44 20 8 29 37 18 14 15 24 20 21 18 22 18 7
0 26 14 39 18 33 18 35 41 10 32 23 12 34 35 14 13 23 18 33 19 8 38 16 18 19 22 37 39 23 18 43 34 17 24 24 39 34 7 15 6 36 18 33 10 16 11 24 15 15 22 19 0 37 47 42 21 27 19 34 18 35 39 33 40 50 34 12 32 23 20 21 18 31 39 14 33 6 25 33 33 34 12 17 19 12 33 30 39 23 37 29 21 29 34 35 5 42 41 12 25
0 18 7 28 25 25 24 32 45 41 19 49 23 13 21 2 26 18 29 44 45 34 7 15 38 26 30 22 9 26 40 25 31 19 34 32 43 17 21 37 8 40 25 27 13 23 18 35 37 29 24 15 28 0 3 34 10 33 25 46 13 31 43 27 19 29 25 7 37 26 26 24 24 8 14 37 21 42 29 16 27 31 21 37 15 44 25 26 27 22 45 37 16 24 21 30 9 26 11 46 18
0 6 28 16 36 26 30 30 22 40 42 42 28 12 48 27 27 17 46 40 13 30 24 21 42 25 30 7 25 40 16 46 4 17 47 19 28 23 46 8 43 31 34 18 10 45 12 8 27 20 19 19 32 35 0 31 23 1 37 29 2 28 14 21 34 20 14 1 45 37 15 29 34 30 9 29 19 29 19 19 5 39 32 35 24 29 4 39 28 34 37 45 31 28 19 42 31 17 21 5 26
0 49 22 17 21 17 23 19 23 37 16 20 30 38 30 45 17 9 35 22 9 31 24 26 13 7 24 21 23 13 5 23 33 9 50 36 33 17 39 33 34 32 35 26 26 30 34 49 18 13 26 18 35 34 23 0 38 11 12 11 21 7 24 10 13 31 32 38 34 21 6 12 38 24 29 20 26 39 33 10 13 28 2 24 29 2 32 35 36 6 13 35 35 31 19 24 17 35 21 19 31
0 23 21 19 44 9 19 24 33 22 27 31 23 40 26 37 29 21 26 36 20 43 28 24 13 20 11 23 14 28 3 30 37 21 29 35 16 17 32 30 23 36 5 31 36 42 28 40 28 27 21 20 38 24 29 34 0 38 47 24 12 18 23 43 28 34 31 35 45 47 37 4 38 47 40 34 4 23 35 42 19 22 18 24 25 45 16 16 24 36 21 32 33 3 2 34 33 17 15 41 19
0 20 28 13 28 38 38 36 16 31 21 31 36 26 9 22 22 21 11 0 28 9 35 18 41 23 26 32 15 26 17 11 20 31 0 39 50 41 31 14 37 33 28 2 14 29 8 36 34 18 14 20 36 25 37 29 13 0 20 33 42 15 35 20 37 8 32 27 16 44 34 3 23 15 45 7 2 28 43 28 34 0 26 18 30 8 12 17 24 23 36 43 40 3 23 10 23 23 25 31 23
0 8 25 25 11 28 14 40 31 43 25 23 48 21 44 24 18 32 32 20 18 33 23 29 35 9 33 29 37 10 24 23 22 11 18 49 13 13 40 28 29 27 29 27 32 42 29 18 33 37 22 16 25 27 24 49 14 14 0 17 22 13 41 34 18 14 25 20 9 44 37 24 3 22 5 32 35 36 44 39 47 17 7 27 23 22 16 23 22 7 10 15 24 42 16 26 18 6 11 35 46
0 34 30 15 34 21 29 34 20 34 29 6 1 24 13 11 18 9 24 41 15 16 20 22 14 35 28 21 20 27 17 8 19 29 25 26 19 29 48 6 29 21 20 18 48 19 18 13 12 23 20 28 29 27 42 34 24 2 25 0 18 25 19 30 21 37 14 14 12 41 2 40 44 23 21 23 40 19 48 26 29 28 7 20 26 37 12 25 9 49 30 42 30 30 31 34 1 17 35 28 40
0 19 28 36 21 4 35 4 22 31 21 27 12 19 34 5 16 29 29 25 25 2 5 17 13 31 36 33 43 18 36 29 42 27 6 31 15 36 28 17 23 37 7 46 26 43 47 28 25 15 33 21 45 8 11 10 18 35 35 31 0 44 13 8 22 39 1 44 12 29 25 23 28 44 27 14 17 12 8 17 19 12 27 14 24 20 49 30 42 2 36 43 37 6 24 25 40 15 34 13 21
0 35 20 33 17 32 27 34 16 23 16 29 32 28 38 23 37 9 6 15 10 34 19 15 29 26 32 5 28 9 18 20 14 7 40 18 22 8 28 13 31 22 35 8 29 38 31 42 13 40 24 15 9 14 14 24 29 24 32 11 45 0 32 36 11 31 33 22 23 28 11 33 18 19 7 39 6 26 14 4 5 10 19 14 27 25 36 35 27 24 31 14 21 25 26 18 17 5 22 33 14
0 26 29 40 9 47 20 26 21 23 36 1 30 18 21 16 42 37 24 12 26 43 31 41 14 18 29 41 26 40 41 14 7 10 35 27 29 37 35 22 30 24 43 46 19 36 24 24 37 20 43 6 34 24 19 45 35 37 29 32 16 36 0 13 33 39 2 5 4 25 12 43 40 30 16 25 12 16 37 41 34 35 24 25 28 35 9 23 0 43 33 25 31 31 21 34 19 24 33 0 32
0 32 36 25 24 32 21 8 4 31 34 33 47 38 26 41 37 12 15 27 26 10 20 30 13 35 34 38 21 32 35 40 31 9 6 36 23 28 31 26 28 44 26 26 20 37 34 21 3 10 28 38 22 12 17 32 32 22 10 25 5 33 31 0 24 33 34 39 27 33 32 3 36 33 33 28 6 26 4 5 21 44 15 29 29 20 27 34 37 28 14 34 36 23 36 8 13 17 44 0 23
0 36 43 19 14 29 6 33 35 5 21 4 49 8 25 27 30 38 27 19 20 20 22 47 23 24 25 29 30 2 21 28 24 17 25 33 19 7 29 37 38 18 15 16 32 23 18 9 46 18 15 17 20 46 12 25 12 30 14 43 15 5 39 26 0 10 8 21 30 20 15 17 16 32 28 15 11 19 14 12 34 32 8 28 40 28 27 36 18 41 28 29 13 19 37 27 14 14 38 38 19
0 24 26 28 34 10 20 36 28 31 32 15 41 18 35 40 40 44 16 18 11 23 28 14 35 30 42 28 31 28 18 16 28 31 22 1 7 16 13 17 20 24 47 20 10 29 35 28 18 28 32 35 20 9 8 20 22 11 47 29 27 20 41 31 36 0 1 15 37 31 9 32 20 46 26 20 17 23 17 35 34 13 7 40 40 10 36 22 33 20 33 22 44 30 29 14 43 10 18 44 36
0 33 27 37 17 41 8 17 42 24 11 17 28 2 16 11 1 29 21 32 31 38 37 36 11 26 35 13 33 26 47 26 25 27 8 25 34 34 18 30 15 24 17 15 37 26 26 20 19 46 30 27 0 18 19 18 25 16 21 26 9 35 13 21 22 25 0 9 17 29 16 12 17 3 15 38 20 14 31 30 46 28 7 47 23 22 14 15 28 29 40 37 24 19 38 42 25 14 21 26 21
0 47 19 14 31 27 21 21 33 31 29 28 24 6 8 30 15 35 30 41 18 9 6 45 25 13 26 33 14 5 33 14 23 35 41 35 40 36 23 31 38 29 23 35 5 39 23 16 22 28 29 32 5 25 13 13 28 16 12 37 35 32 23 4 5 21 24 0 27 27 14 6 31 7 5 24 23 35 36 28 24 19 17 18 15 18 26 19 20 35 36 16 17 30 25 49 18 42 17 27 19
0 23 32 27 38 39 42 15 19 41 24 23 18 7 17 28 24 32 38 28 31 19 9 34 21 15 29 8 19 24 39 36 16 6 33 14 19 3 26 22 23 13 10 30 23 49 5 26 38 9 41 39 24 20 48 19 39 30 21 21 15 22 31 32 27 44 17 10 0 25 19 6 29 34 48 26 19 46 28 48 18 23 29 14 13 27 27 31 37 26 21 25 36 28 16 30 35 49 18 25 14
0 44 4 34 31 26 24 37 23 14 16 20 33 24 27 27 15 18 10 34 29 13 13 15 26 39 29 15 37 40 22 32 35 34 5 30 25 22 5 25 21 27 19 5 22 25 24 20 21 19 19 43 17 43 42 11 36 13 21 43 18 20 29 22 10 40 27 38 32 0 12 27 26 20 30 27 35 30 41 28 33 40 19 38 50 23 33 7 43 13 18 4 12 30 15 27 39 23 25 41 41
0 32 23 18 12 22 33 7 44 16 30 40 21 20 13 29 34 40 39 16 20 24 43 22 9 16 20 2 33 14 22 29 39 28 34 41 24 30 38 33 45 41 45 38 21 45 19 28 3 0 8 37 23 29 45 45 33 14 36 19 50 17 29 38 7 18 24 28 28 26 0 49 18 14 15 32 28 32 28 13 16 18 40 8 2 14 20 10 15 10 25 35 25 35 14 24 23 6 23 31 24
0 31 19 27 24 30 19 17 16 25 33 11 33 20 26 27 10 29 33 16 28 5 11 27 34 32 30 15 20 26 30 28 42 34 31 42 27 17 21 28 24 12 18 17 14 21 24 14 26 25 33 1 18 35 24 14 26 19 33 17 29 34 42 34 22 46 25 22 35 32 32 0 15 40 15 46 28 34 37 22 29 8 2 11 24 2 22 38 17 26 26 13 20 44 22 31 36 31 16 35 33
0 36 42 18 28 41 5 18 33 19 26 18 11 36 21 35 29 43 27 32 35 36 12 38 28 29 25 50 18 17 9 12 30 30 22 22 9 15 32 1 37 28 7 32 43 18 2 4 34 34 14 10 17 21 27 45 35 39 28 13 31 5 30 34 39 27 46 30 14 17 9 15 0 23 28 18 0 43 29 23 33 48 18 27 32 26 30 27 25 10 33 33 32 25 16 26 27 20 7 29 25
0 17 47 35 11 42 43 11 29 7 28 43 6 13 47 21 44 8 9 22 8 10 13 19 43 20 27 17 24 22 18 27 42 13 35 50 23 40 41 19 36 28 13 15 25 12 18 19 40 16 22 28 33 12 40 40 43 3 20 17 28 23 8 19 8 32 28 39 34 18 26 11 29 0 14 34 23 32 24 39 27 22 35 13 24 31 33 16 27 9 24 23 32 20 44 14 14 18 7 41 35
0 35 20 45 25 25 7 11 17 30 30 12 36 22 36 23 25 21 45 33 13 6 27 21 34 30 49 22 29 13 12 27 29 32 2 44 40 34 42 30 12 20 23 39 10 18 33 39 22 34 31 26 32 15 9 27 45 32 26 24 21 22 34 29 9 12 22 31 14 31 26 31 13 29 0 27 33 14 22 34 26 37 37 22 32 21 27 43 15 19 11 20 37 38 18 46 45 18 30 33 35
0 33 15 35 35 38 34 34 17 35 36 6 9 43 22 23 9 26 29 13 21 8 17 16 9 22 26 20 26 19 18 16 21 25 27 28 48 22 22 21 15 35 20 30 19 22 27 26 29 20 22 26 37 11 32 13 46 26 22 46 26 15 2 20 49 28 20 11 41 29 7 32 15 11 29 0 18 44 28 23 26 25 28 28 29 33 45 14 27 7 18 15 18 17 27 22 14 32 12 32 24
0 38 31 18 19 6 34 47 19 40 30 40 17 21 34 39 33 30 12 23 42 17 23 13 9 18 7 37 29 13 49 27 30 28 41 29 14 19 26 11 37 30 27 29 34 29 20 27 33 38 16 20 24 18 15 37 26 14 32 14 33 21 29 17 32 20 27 25 13 25 38 26 32 24 42 32 0 26 32 18 36 41 32 18 14 26 33 43 14 32 4 25 18 22 49 27 36 30 40 48 34
0 21 28 16 23 12 32 26 10 25 21 32 46 6 16 18 11 16 23 19 30 22 11 15 34 26 11 29 44 23 18 46 37 21 19 21 33 42 2 40 29 40 23 33 42 3 28 19 45 21 18 8 33 18 28 45 13 25 28 32 43 28 18 19 12 33 17 35 21 42 40 36 20 31 19 29 24 0 42 18 17 27 22 48 15 20 13 29 15 24 31 34 9 47 39 8 30 29 15 21 19
0 17 33 34 35 28 46 24 17 24 31 49 22 21 13 35 31 29 28 25 37 24 31 33 27 23 39 22 21 23 31 25 33 35 34 13 37 40 30 27 31 31 19 30 48 28 29 17 49 31 16 25 19 10 13 32 14 40 6 43 42 33 26 18 40 46 34 25 11 6 20 23 46 11 22 42 33 43 0 29 20 14 32 31 28 33 21 41 25 18 22 23 28 29 27 32 9 38 33 28 36
0 43 24 6 30 31 23 9 13 22 5 21 30 23 30 43 19 32 24 23 49 50 36 29 33 43 5 35 22 13 8 16 48 33 24 10 22 14 47 45 13 17 4 20 11 16 42 11 31 20 17 36 35 20 37 15 28 18 0 44 25 22 43 36 31 17 17 38 19 16 19 37 33 9 12 15 46 19 17 0 17 30 24 17 8 47 39 25 34 41 34 42 9 13 3 8 40 6 41 30 17
0 8 24 6 2 26 17 9 18 38 16 39 22 40 23 34 14 31 24 44 12 18 29 25 11 2 23 31 10 27 24 25 31 27 35 9 40 19 43 3 25 18 34 19 23 37 15 44 34 14 34 5 39 37 47 30 14 41 4 37 48 32 9 41 10 27 16 22 11 21 15 33 23 16 10 36 26 35 30 49 0 15 47 9 27 32 26 34 31 41 18 15 21 24 24 30 22 14 36 21 10
0 24 21 19 3 28 31 19 26 31 33 11 43 43 11 39 24 47 19 16 34 21 34 38 28 31 29 44 37 9 29 33 19 11 13 44 47 19 20 36 34 31 12 30 6 21 37 0 26 16 32 10 22 25 21 35 9 9 25 38 5 21 14 34 32 15 42 39 29 27 15 38 34 24 37 28 31 16 26 25 27 0 1 40 35 18 27 35 28 16 4 32 23 23 23 28 12 37 41 26 15
0 22 6 27 29 1 41 23 11 25 34 47 14 17 37 39 18 17 30 23 38 19 19 10 28 30 4 21 24 35 22 44 10 24 16 38 7 34 11 24 25 28 40 34 26 29 12 21 16 30 5 40 10 31 40 33 14 18 33 8 6 28 29 18 14 34 26 16 28 31 13 18 16 34 36 32 26 17 38 42 17 11 0 25 17 14 10 16 16 15 26 24 24 21 27 31 23 12 25 11 21
0 40 19 22 37 31 20 49 13 40 22 33 15 14 7 22 36 23 32 38 18 21 26 8 28 38 12 14 9 38 38 6 29 1 15 10 33 41 32 32 13 38 18 23 24 12 32 21 27 41 24 13 37 1 21 13 28 47 20 24 18 18 25 0 19 27 37 12 28 36 46 24 8 22 10 31 27 20 8 27 13 27 31 0 10 29 26 25 7 35 8 14 44 0 21 49 2 15 31 28 26
0 42 15 23 30 16 33 15 11 35 32 17 37 41 46 36 16 28 31 25 14 33 29 7 24 35 31 32 31 38 32 17 38 22 31 33 16 36 34 11 14 33 21 15 35 27 15 28 46 17 34 20 45 30 17 34 9 7 36 22 6 30 23 8 31 26 9 48 10 31 32 3 38 42 11 31 4 24 4 28 3 38 25 12 0 9 40 17 14 25 10 33 32 4 19 35 31 6 42 35 28
0 6 16 19 10 45 37 22 24 43 43 26 16 44 20 6 16 15 31 22 16 8 22 40 11 10 17 8 13 26 32 12 14 25 36 15 15 35 28 39 25 14 15 27 17 25 43 25 25 33 16 33 32 22 27 19 25 15 50 43 27 28 24 40 35 16 14 36 17 48 18 17 30 29 45 40 5 30 40 32 41 18 26 12 14 0 44 15 48 30 38 20 23 50 22 18 29 42 44 21 26
0 11 27 31 33 40 34 4 16 17 33 9 49 23 45 28 41 30 39 33 21 16 21 7 10 36 23 26 31 20 30 18 20 33 30 36 19 5 17 33 34 30 34 24 14 45 9 41 46 8 37 3 37 30 34 36 21 24 30 29 32 14 32 41 13 15 27 11 29 36 14 35 27 30 25 9 16 17 26 27 41 28 24 12 24 29 0 23 23 49 29 22 21 24 13 24 20 34 30 34 27
0 22 38 44 33 16 20 33 15 31 28 27 16 30 33 46 20 21 39 32 10 30 41 10 44 21 44 27 33 34 5 32 34 30 35 20 32 19 40 49 43 11 21 32 32 40 20 12 28 29 17 26 17 17 30 20 26 24 25 9 37 10 16 48 29 19 12 18 28 45 37 11 20 23 28 1 43 20 9 25 26 25 29 22 17 41 17 0 25 29 13 42 20 35 36 20 14 28 39 32 18
0 4 28 35 37 20 26 32 42 18 40 34 39 46 31 34 23 23 20 34 32 36 26 12 45 23 22 22 23 31 22 6 30 26 28 15 36 32 27 12 4 21 29 18 18 33 35 35 19 39 13 20 35 25 41 29 30 34 28 33 38 19 25 25 11 35 29 25 48 30 38 19 21 46 29 7 17 30 9 16 30 13 28 25 25 33 40 15 0 31 29 24 33 35 32 32 29 41 27 33 5
0 23 12 23 39 20 29 15 17 27 19 26 26 29 29 50 21 41 9 33 22 42 28 25 22 1 9 29 33 20 3 44 30 21 43 19 39 21 31 17 18 30 7 47 38 20 43 21 20 21 23 13 24 3 38 27 27 16 4 18 20 12 26 28 34 15 37 33 2 20 16 14 29 29 29 34 7 9 8 23 31 27 14 34 25 25 27 31 22 0 36 9 24 37 19 46 37 41 41 21 30
0 36 22 23 20 38 28 19 25 23 14 15 12 27 32 23 19 41 37 10 45 26 13 40 6 6 14 14 37 11 21 8 37 30 39 6 21 34 37 11 14 18 20 38 25 33 34 18 27 5 16 14 35 29 19 37 38 21 39 15 9 16 40 13 24 40 35 26 32 33 49 14 24 13 21 16 42 4 18 17 26 33 28 21 13 31 34 24 8 38 0 34 23 27 6 31 39 23 46 34 26
0 32 6 20 16 14 12 24 21 15 17 26 36 20 37 20 19 25 43 25 41 10 25 14 29 32 20 10 25 0 36 10 19 26 25 41 5 26 21 18 33 29 9 33 38 1 28 22 29 25 14 22 39 16 24 22 26 35 31 22 9 3 7 17 38 20 13 11 39 19 22 27 3 27 19 7 13 18 36 30 15 43 37 23 26 2 24 36 15 23 23 0 1 23 37 22 3 32 30 36 31
0 34 14 9 28 12 33 22 21 15 36 20 5 21 38 29 4 9 31 23 24 27 25 1 27 13 32 33 29 1 24 17 13 40 41 40 26 38 29 44 11 31 10 38 25 27 27 16 43 26 26 26 25 28 33 21 23 21 31 20 29 29 24 36 40 30 22 17 16 31 20 31 31 32 10 17 33 3 9 19 39 44 20 33 40 48 18 16 24 28 20 21 0 17 25 30 32 29 33 7 16
0 11 12 33 36 32 40 31 26 20 32 25 19 12 35 22 24 11 20 48 26 42 25 26 13 37 16 28 22 21 19 39 42 28 28 26 4 18 25 27 31 24 42 26 40 36 42 21 31 29 28 24 25 12 19 16 36 34 5 13 41 30 46 16 31 19 5 23 46 39 35 18 33 35 21 13 25 27 38 24 12 39 12 16 28 24 26 31 36 18 18 39 28 0 47 11 25 21 26 11 33
0 16 1 36 15 7 28 29 32 6 15 39 22 25 12 43 25 12 26 41 34 17 32 29 31 41 7 49 14 40 44 9 24 4 13 1 8 17 36 23 26 33 22 8 30 5 21 8 36 7 11 20 29 31 9 6 15 17 19 24 21 47 29 6 16 25 22 20 42 31 20 23 29 22 14 31 7 25 12 25 19 29 21 27 41 11 23 23 21 30 42 42 9 39 0 16 35 20 26 19 20
0 10 11 20 3 30 27 6 21 14 27 18 9 26 27 24 39 31 12 5 32 40 18 16 30 21 1 22 44 30 1 35 19 27 37 8 32 38 5 37 48 12 49 34 18 14 35 21 22 33 14 18 23 24 29 1 44 16 22 14 23 33 34 29 43 33 34 8 20 39 15 46 43 21 32 31 42 39 15 17 15 45 15 5 4 27 24 23 15 29 39 14 41 9 28 0 30 8 24 23 13
0 22 23 15 26 29 46 16 34 24 19 7 12 30 36 31 26 17 16 19 11 10 19 26 9 14 36 15 33 35 43 39 12 34 20 41 7 8 1 20 29 14 18 39 25 19 9 35 33 29 17 35 34 27 3 22 25 10 16 35 19 39 14 17 49 28 20 14 25 11 36 26 1 40 27 38 5 27 24 45 25 25 25 25 46 27 46 21 16 23 29 41 3 24 28 14 0 17 10 22 24
0 19 15 32 36 17 38 4 41 29 22 29 32 33 2 27 26 13 11 10 25 7 12 31 13 23 20 34 36 44 17 42 35 38 31 49 31 3 22 22 3 15 26 49 25 42 13 13 22 23 30 17 24 40 43 31 21 37 26 44 35 40 38 38 41 29 9 27 24 31 26 49 21 9 36 12 22 40 28 41 44 34 28 35 9 11 10 13 48 20 30 10 46 25 19 21 28 0 25 43 17
0 37 24 42 34 27 6 11 32 22 22 23 31 29 24 37 18 20 25 35 31 28 33 7 44 9 22 28 17 10 3 16 23 30 13 21 15 24 28 22 29 30 29 36 35 36 31 13 32 6 31 6 27 32 36 21 29 21 26 8 24 20 46 46 23 21 41 38 15 22 20 15 29 11 19 37 30 32 22 14 37 32 30 16 13 37 36 26 18 26 17 15 33 9 30 14 6 9 0 6 40
0 40 5 13 28 28 40 33 46 8 20 13 32 18 19 29 25 8 12 16 35 26 15 17 16 37 42 30 20 12 25 19 28 47 32 39 25 25 38 24 39 22 40 41 33 39 26 24 16 22 43 29 29 28 38 12 27 28 33 36 35 9 14 16 14 40 30 2 14 20 29 25 35 32 29 17 16 1 18 7 49 19 17 15 14 14 20 40 22 40 38 31 22 22 22 17 47 15 43 0 27
0 35 48 8 34 18 10 42 31 24 7 21 17 17 39 11 33 21 21 40 42 31 48 7 13 37 19 29 11 49 28 1 10 12 22 8 7 32 30 35 26 25 48 15 7 16 11 4 25 22 24 34 16 23 13 31 32 26 30 48 27 35 19 30 10 24 34 18 21 22 13 31 26 31 13 28 23 11 31 26 11 23 21 14 29 17 31 10 43 7 11 11 33 27 7 10 9 23 28 27 0
