100 2
1 555 9 9
3 1670 5 7
6 1135 7 9
8 499 7 9
7 58 7 6
4 1379 2 3
6 1241 5 4
11 206 8 7
21 0 10 10
24 77 5 10
5 0 1 2
5 479 7 2
11 1381 3 4
26 0 1 9
9 1665 8 3
15 186 6 5
7 582 4 2
25 1003 4 7
8 66 6 2
29 0 10 7
38 0 1 9
17 1617 3 4
40 532 1 9
36 1026 7 8
42 1163 9 9
43 0 7 9
34 590 2 7
30 0 3 6
11 0 7 2
35 0 8 6
35 1586 3 6
48 653 5 8
25 1267 2 4
38 1427 1 6
51 407 2 8
45 577 10 7
59 771 2 9
34 0 6 5
41 1201 10 6
63 1354 2 9
7 1138 2 1
36 32 10 5
22 1270 10 3
15 580 5 2
53 0 10 7
71 949 9 9
48 0 2 6
60 879 5 7
53 75 2 6
9 0 8 1
73 1578 4 8
75 0 5 8
47 830 10 5
57 0 6 6
97 0 1 10
95 0 8 9
66 24 4 6
91 383 4 8
61 1273 2 5
86 0 1 7
74 926 3 6
87 0 7 7
88 40 5 7
39 1642 7 3
52 1101 7 4
41 187 8 3
55 539 6 4
56 0 9 4
44 1550 3 3
83 0 5 5
35 801 2 2
18 897 7 1
56 0 7 3
58 0 3 3
85 761 1 4
85 1006 8 4
86 198 2 4
91 0 2 4
98 1116 3 4
25 1168 5 1
86 0 1 3
58 102 8 2
60 1488 9 2
91 774 2 3
93 0 6 3
99 0 2 3
69 1413 1 2
72 323 9 2
39 454 7 1
79 0 3 2
42 1488 9 1
85 1046 10 2
44 0 1 1
46 974 4 1
93 0 6 2
95 1211 7 2
64 124 1 1
73 1200 3 1
79 1025 7 1
89 345 6 1
SETUP
0 8 6 6 11 8 12 6 10 5 7 11 7 7 5 11 9 4 7 10 16 10 6 10 4 10 7 8 8 2 8 11 12 3 5 11 6 6 13 8 7 9 2 10 12 9 8 10 7 9 8 9 5 11 3 7 4 4 11 9 9 9 12 8 9 14 9 9 8 9 5 6 6 6 6 8 2 7 7 7 6 5 8 4 9 7 8 2 7 7 9 8 10 3 11 8 9 10 2 8 9
0 0 6 6 6 8 9 6 9 5 7 11 6 7 5 7 9 4 7 10 14 10 1 10 4 10 7 3 7 2 3 10 8 3 5 11 6 6 8 8 7 9 2 7 11 7 7 10 7 9 8 9 5 8 3 7 4 4 9 9 5 9 11 8 3 12 9 9 6 6 5 6 4 6 6 8 2 7 7 7 6 5 8 4 8 7 8 2 7 1 9 4 10 3 10 6 6 9 2 1 9
0 8 0 6 11 8 12 6 10 5 7 11 7 5 5 11 9 4 7 10 15 10 6 8 4 10 7 8 8 2 8 11 7 3 5 11 6 6 13 8 7 9 2 10 12 9 8 10 7 9 8 9 5 9 3 7 4 4 11 9 9 9 12 7 9 14 9 9 8 9 5 6 6 6 6 8 2 7 7 7 6 4 8 4 9 7 8 2 7 7 9 8 10 3 11 8 9 10 2 8 9
0 8 6 0 11 8 12 5 9 5 7 8 7 7 5 11 9 4 7 9 16 10 6 10 4 10 7 8 8 2 8 11 12 3 4 11 6 6 13 8 7 8 2 10 11 9 8 10 7 9 8 9 5 10 3 7 4 4 11 9 9 9 12 6 9 14 9 9 8 9 5 6 6 6 6 8 2 7 7 7 5 3 7 4 9 7 8 2 7 7 9 8 8 3 11 8 9 10 2 8 9
0 8 5 6 0 7 11 6 9 5 6 11 7 5 5 6 9 4 7 10 13 9 3 8 4 10 5 8 8 2 5 11 7 3 5 11 6 6 10 8 7 8 2 7 10 9 8 10 7 9 8 9 5 8 3 6 4 4 11 9 9 8 12 8 2 6 8 9 8 8 4 6 6 6 6 8 2 7 6 7 6 5 8 4 6 7 8 2 7 0 9 3 10 3 9 8 5 8 2 3 9
0 6 6 5 9 0 9 3 9 5 7 11 7 6 4 5 9 2 7 7 10 4 6 8 4 9 7 8 7 2 8 9 6 1 2 11 6 6 12 8 7 1 2 9 9 5 7 10 6 8 7 9 4 4 3 5 4 3 11 9 8 9 8 8 8 12 7 9 8 7 5 6 4 6 6 2 2 7 4 7 6 5 8 4 8 7 8 2 7 6 3 6 10 2 6 6 8 4 2 6 9
0 8 6 6 11 8 0 6 10 5 7 11 7 7 5 11 9 4 7 10 16 10 6 10 4 9 7 8 8 2 8 10 12 3 5 11 6 6 13 8 7 9 2 10 12 9 8 10 7 9 8 9 5 11 3 7 4 4 11 9 9 9 12 8 8 14 9 9 8 9 5 6 6 6 6 8 2 7 7 7 6 5 8 4 9 7 8 2 7 6 9 8 10 3 11 8 9 10 2 6 9
0 8 6 6 10 8 12 0 8 5 7 10 7 7 5 7 9 4 7 4 12 10 6 10 4 10 7 7 8 2 8 11 8 3 5 9 5 6 13 8 7 3 2 10 6 7 8 10 7 7 8 9 5 6 3 7 4 4 11 7 9 9 8 8 9 14 9 8 8 9 5 6 6 6 6 8 2 6 7 7 6 5 8 4 9 7 7 2 6 7 5 8 9 3 10 8 9 6 2 8 9
0 8 6 6 11 7 12 6 0 5 7 11 7 7 5 6 9 4 7 10 12 10 5 9 4 10 7 8 8 2 7 11 7 3 5 11 6 6 12 8 7 8 2 10 10 9 8 10 5 9 8 9 3 10 3 7 4 4 11 9 9 9 10 8 2 14 9 9 8 9 5 6 6 6 6 8 2 7 6 7 6 5 8 4 9 7 8 2 7 5 9 5 10 3 9 8 5 10 2 8 9
0 8 6 6 11 6 12 6 6 0 7 11 7 7 3 8 9 4 6 10 14 8 6 10 3 9 4 8 8 2 8 9 9 3 5 9 6 6 10 8 7 7 2 7 12 9 8 9 7 7 8 8 5 8 3 7 4 4 9 7 5 9 11 8 5 12 9 9 6 9 5 1 1 6 6 8 2 7 5 7 6 5 8 3 7 7 8 2 7 3 9 6 7 3 9 3 7 7 2 3 8
0 5 6 6 11 8 10 6 10 5 0 11 7 7 5 11 9 4 7 10 13 10 5 10 4 10 7 8 8 2 7 11 11 3 5 8 6 6 13 6 7 9 2 10 12 9 8 10 7 6 8 9 5 11 3 7 4 4 11 6 9 9 11 8 8 14 9 9 8 2 5 6 6 6 4 8 2 7 7 7 6 5 8 4 9 7 8 2 7 6 7 8 10 3 11 8 9 10 2 6 9
0 8 6 6 7 8 12 5 10 5 7 0 7 7 5 11 9 4 7 7 8 8 6 10 4 10 7 4 8 2 8 11 12 3 4 11 6 6 13 8 7 8 2 8 9 8 8 10 7 8 8 9 5 9 3 7 4 4 10 9 6 9 4 8 9 13 9 9 7 7 5 6 6 6 6 8 2 7 7 7 6 5 8 4 9 2 8 2 7 7 9 6 10 3 11 7 9 10 2 8 9
0 7 6 6 9 8 12 6 10 5 2 11 0 7 5 11 9 4 7 10 15 10 6 10 4 10 7 6 8 2 8 11 12 3 5 10 6 6 13 8 7 9 2 10 12 9 8 10 7 8 8 9 5 11 3 7 4 4 7 8 8 9 9 8 9 10 9 5 8 4 5 6 6 6 6 8 2 7 7 7 6 5 8 4 9 7 8 2 7 7 9 8 10 3 11 8 9 10 2 8 9
0 8 6 6 11 8 12 6 9 5 7 11 7 0 5 11 9 4 3 10 10 10 4 3 4 10 7 8 8 2 6 11 12 3 5 11 6 6 13 8 7 9 2 10 12 9 8 10 7 9 8 9 5 11 3 7 4 4 11 9 8 9 12 8 8 14 9 9 8 9 5 6 4 6 6 8 2 7 7 7 6 5 8 4 9 7 8 2 7 6 9 4 10 3 11 6 9 10 2 6 9
0 8 6 6 11 6 12 6 6 5 7 11 7 7 0 11 9 4 7 7 13 10 6 10 4 10 7 8 8 2 8 11 12 3 5 11 6 6 11 8 7 7 2 10 9 9 8 10 7 6 8 9 5 9 3 7 4 4 11 9 9 7 12 8 8 13 9 9 8 9 5 6 6 6 6 8 2 7 5 7 6 5 8 4 9 7 8 2 5 7 9 8 8 3 11 8 4 10 2 8 9
0 8 6 2 11 8 7 6 10 5 7 10 7 7 5 0 9 4 7 10 13 10 6 10 4 10 7 8 8 2 8 10 1 3 5 11 6 6 13 8 7 9 2 7 12 9 8 10 7 9 8 9 5 8 3 7 4 4 9 9 5 9 11 8 7 9 9 9 6 9 5 6 6 6 6 8 2 7 7 7 6 5 8 4 9 7 8 2 7 7 9 8 10 3 3 5 9 10 2 8 9
0 8 6 6 8 8 12 6 10 5 7 7 7 7 5 10 0 4 7 10 14 10 6 10 4 10 7 8 8 2 8 11 11 3 5 11 6 6 11 8 7 9 2 7 12 9 8 10 7 7 8 9 5 8 3 7 4 4 10 9 9 9 7 8 6 13 9 9 8 9 5 6 6 6 6 8 2 7 7 7 6 5 8 4 6 7 8 2 7 4 9 7 10 3 11 8 9 10 2 4 9
0 4 5 4 7 8 11 2 8 5 7 11 7 5 5 7 7 0 6 6 13 8 5 6 4 9 6 7 6 2 7 10 8 3 1 11 6 5 11 7 6 5 2 9 8 7 7 10 7 9 7 9 5 7 3 7 3 2 10 9 7 8 10 7 7 13 9 9 7 9 5 6 3 5 5 6 2 7 7 7 6 4 8 4 8 7 8 1 7 5 7 7 10 1 10 5 9 8 2 5 9
0 8 6 6 11 8 11 6 10 5 7 8 7 7 5 11 9 4 0 10 15 10 6 10 4 10 7 8 8 2 8 11 12 3 5 11 6 6 13 7 7 9 2 10 12 9 8 10 7 9 8 9 5 11 3 7 4 4 11 9 9 9 12 8 9 14 9 9 8 9 5 6 6 6 5 8 2 7 7 7 6 5 8 4 9 7 5 2 7 7 8 8 10 3 11 8 9 10 2 8 9
0 8 6 6 6 5 12 6 10 5 7 11 6 7 5 10 9 4 7 0 8 8 5 10 4 7 6 3 8 2 7 8 9 3 5 5 6 6 13 8 7 6 2 7 2 4 8 10 7 3 8 9 5 2 3 5 4 4 9 3 5 9 8 8 8 11 7 9 6 6 5 6 6 6 6 7 2 2 7 7 6 5 8 4 6 7 8 2 6 6 5 5 9 3 11 7 9 9 2 8 9
0 5 6 6 11 8 5 6 8 5 5 11 7 7 5 11 9 4 7 10 0 0 2 10 4 10 7 8 8 2 4 11 12 3 5 6 6 6 13 8 7 7 2 9 12 9 7 6 7 9 7 9 5 10 3 7 4 4 11 9 8 9 9 8 8 6 9 9 8 7 5 6 5 6 6 6 2 7 7 7 6 5 8 4 8 7 8 2 7 6 9 2 7 3 9 7 9 10 2 6 9
0 5 6 6 11 8 5 6 10 5 7 11 7 7 5 11 9 4 7 10 16 0 6 10 4 10 7 8 8 2 8 11 12 3 5 11 6 6 13 8 7 9 2 9 12 9 7 10 7 9 7 9 5 10 3 7 4 4 11 9 9 9 12 8 8 14 9 9 8 7 5 6 6 6 6 6 2 7 7 7 6 5 8 4 8 7 8 2 7 6 9 8 10 3 9 8 9 10 2 6 9
0 8 6 5 11 8 8 6 8 5 7 11 7 6 5 10 9 4 7 10 15 9 0 9 4 9 6 8 6 2 2 10 11 3 5 11 6 6 12 8 7 9 2 8 12 8 6 10 7 9 8 9 5 9 3 7 4 3 11 9 7 9 12 8 7 14 9 9 8 9 5 6 3 6 6 7 2 7 7 7 6 5 8 4 7 7 8 2 7 5 9 8 10 2 11 5 9 9 2 5 9
0 7 6 6 10 8 9 5 6 5 4 8 7 6 5 8 9 3 0 9 14 8 1 0 4 9 4 8 7 2 3 10 9 2 4 10 6 6 10 7 7 8 2 7 11 9 7 10 7 8 8 8 5 8 3 7 4 3 9 8 5 9 11 8 5 11 9 8 6 6 5 6 1 6 5 7 2 7 7 7 6 5 8 4 7 7 5 2 7 3 8 1 10 3 9 3 8 7 2 3 9
0 8 5 6 10 7 12 6 7 5 4 11 4 6 1 7 9 4 3 8 13 7 6 9 0 10 3 7 8 2 8 10 8 3 5 8 6 6 12 8 7 8 2 7 10 9 8 6 7 6 8 5 5 8 3 7 4 3 9 6 5 8 11 8 9 12 9 9 6 6 5 6 6 6 6 6 2 7 6 4 6 5 6 0 6 7 8 2 6 7 8 8 9 3 10 8 5 6 2 8 5
0 5 6 6 10 6 9 6 7 5 1 10 7 7 5 10 9 4 3 8 12 9 4 3 4 0 7 7 5 2 5 1 11 3 5 9 6 2 13 6 3 7 2 6 10 9 4 10 4 7 4 8 2 7 3 5 4 4 7 7 8 8 9 8 6 10 7 9 4 3 5 6 4 4 4 8 2 7 7 7 6 5 5 4 5 7 8 2 7 4 7 4 10 3 8 6 9 10 2 6 9
0 8 6 6 8 8 9 6 10 5 7 11 7 7 5 4 9 4 6 10 11 4 6 10 4 9 0 5 8 2 8 10 5 3 5 11 6 6 13 8 7 9 2 4 12 9 8 8 7 7 8 9 5 5 3 7 4 4 11 9 7 9 12 5 9 13 9 9 8 5 5 6 6 6 6 8 2 4 7 7 6 5 8 4 3 7 8 2 7 7 9 7 10 3 7 8 7 3 2 8 9
0 6 6 6 3 5 10 6 8 5 4 11 3 7 5 7 9 4 7 10 11 8 2 10 4 10 7 0 8 2 4 7 8 3 5 8 6 6 13 7 7 6 2 4 8 4 8 10 7 6 8 9 5 5 3 7 4 4 6 6 2 9 8 8 5 9 9 7 3 3 5 6 5 6 5 7 2 7 7 4 6 5 8 4 9 7 8 2 7 3 8 2 10 3 10 7 7 6 2 6 9
0 8 6 6 11 8 12 6 10 5 4 11 5 7 5 11 9 4 6 10 14 10 6 6 4 3 7 8 0 2 8 4 12 3 5 9 6 5 13 8 6 9 2 8 12 9 7 10 7 7 7 9 5 9 3 7 4 4 10 7 9 9 12 6 9 13 9 9 7 6 5 6 6 6 6 8 2 7 7 5 6 3 8 4 7 7 8 2 7 7 9 7 10 3 11 8 9 10 2 8 9
0 8 6 6 11 8 12 6 10 5 5 11 5 7 5 11 9 4 7 10 14 10 6 10 4 10 7 8 8 0 8 11 12 3 5 9 6 6 13 8 7 9 2 10 12 9 8 10 7 7 8 9 5 11 3 7 4 4 11 7 9 9 12 8 9 14 9 9 8 7 5 6 6 6 6 8 2 7 7 5 6 5 8 4 9 7 8 2 7 7 9 8 10 3 11 8 9 10 2 8 9
0 6 4 3 9 7 6 4 8 4 6 11 7 4 5 9 9 2 7 8 14 7 6 7 4 7 7 8 4 2 0 8 10 1 3 11 6 6 10 8 7 7 2 9 10 6 7 10 7 9 7 9 5 9 3 7 2 1 11 9 9 7 12 6 8 14 9 9 8 8 5 5 5 6 6 5 0 7 7 7 6 3 8 4 8 7 8 2 7 7 9 8 10 0 9 6 9 10 2 7 9
0 7 6 6 10 8 9 6 10 5 7 11 7 7 5 11 9 4 7 7 14 10 6 10 4 10 7 8 8 2 8 0 10 3 5 11 6 6 13 5 7 9 2 7 9 9 5 10 7 8 5 9 5 8 3 7 4 4 11 9 9 9 10 8 8 14 9 9 8 9 5 6 6 3 3 8 2 7 7 7 6 5 8 4 6 7 8 2 7 6 6 8 10 3 8 7 9 10 2 8 9
0 8 6 1 11 8 12 6 9 5 7 9 7 7 5 11 9 4 7 10 13 10 6 10 4 10 7 8 8 2 8 9 0 3 5 11 6 6 13 8 7 9 2 6 12 9 8 10 7 9 8 9 5 7 3 7 4 4 8 9 4 9 10 7 9 11 9 9 5 9 5 6 6 6 6 8 2 7 7 7 5 4 7 4 9 7 8 2 7 7 9 8 9 3 11 8 9 10 2 8 9
0 5 6 5 8 8 12 3 9 5 7 11 7 6 5 8 8 1 7 7 14 9 6 7 4 10 7 8 7 2 8 9 9 0 2 11 6 6 12 8 7 6 2 8 9 8 6 10 7 9 6 9 5 8 3 7 4 3 11 9 8 9 11 8 8 14 9 9 8 9 5 6 4 6 6 7 2 7 7 7 6 5 8 4 7 7 8 2 7 6 8 8 10 2 11 6 9 9 2 6 9
0 8 4 3 11 7 10 1 7 4 6 11 7 4 5 8 7 4 7 5 12 7 6 7 4 8 5 8 5 2 8 9 9 3 0 10 6 4 10 6 5 4 2 8 7 6 6 10 7 8 6 9 5 6 3 7 2 1 9 8 6 7 9 6 6 12 9 9 6 8 5 5 2 4 4 5 2 7 7 7 6 3 8 4 7 7 8 0 7 4 6 7 10 0 9 4 8 7 2 4 9
0 8 6 4 10 8 11 6 10 5 7 7 7 7 5 6 9 4 7 10 13 6 6 10 4 10 2 7 8 2 8 11 7 3 5 0 6 6 13 8 7 9 2 6 12 9 8 10 7 9 8 9 5 7 3 7 4 4 10 9 9 7 3 7 7 6 9 9 8 7 5 6 6 6 6 8 2 6 7 7 6 5 8 4 5 7 4 2 4 7 9 8 7 3 9 5 9 5 2 8 9
0 7 5 5 10 8 11 3 9 4 7 5 7 4 4 10 8 3 6 7 13 7 4 7 3 9 6 7 7 2 6 10 8 2 4 11 0 5 10 7 6 6 1 9 9 8 7 9 6 9 7 8 4 9 2 6 3 1 10 9 8 8 9 7 8 13 8 3 7 8 4 5 5 5 5 5 1 6 7 7 5 4 7 3 8 6 2 1 6 6 4 7 9 2 9 7 8 9 1 7 8
0 5 6 6 9 4 7 5 10 5 7 11 7 6 5 9 9 4 7 8 10 8 6 9 4 10 7 8 8 2 8 7 9 3 5 11 6 0 12 8 1 5 2 4 10 9 2 10 7 5 2 6 5 5 3 7 4 4 5 9 9 9 7 8 5 8 9 9 2 9 5 6 6 6 6 6 2 7 6 7 6 5 8 4 3 7 8 2 7 3 7 6 10 3 8 4 7 8 2 5 9
0 8 6 6 11 8 2 6 10 5 7 7 7 7 5 5 9 4 7 10 13 10 6 8 4 10 7 8 8 2 8 11 6 3 5 11 6 6 0 8 7 9 2 10 12 9 8 9 7 8 8 6 5 11 3 7 4 4 11 9 8 9 7 8 9 14 9 9 8 9 5 6 6 6 6 8 2 7 7 7 6 5 8 3 9 7 8 2 7 7 9 8 10 3 8 8 9 4 2 8 8
0 8 6 6 11 8 4 6 10 4 6 11 6 4 5 8 9 4 7 10 14 7 6 7 4 10 7 8 7 2 8 11 5 3 5 9 6 6 10 0 7 9 2 8 12 9 8 10 7 7 8 9 5 9 3 7 4 1 11 7 9 9 5 8 4 14 9 9 8 8 5 5 5 6 6 5 2 7 7 6 6 5 8 4 7 7 8 2 7 7 1 8 10 3 9 2 7 10 2 7 9
0 4 6 6 10 3 9 6 10 5 7 11 7 7 4 8 9 4 6 7 13 7 5 10 3 10 6 7 8 2 7 11 9 3 5 10 6 6 12 8 0 4 2 6 9 8 8 9 7 8 8 8 5 7 3 7 4 4 7 8 8 9 9 8 5 10 9 9 8 9 5 6 6 6 6 5 2 7 7 7 6 5 8 3 5 7 8 2 7 5 6 8 10 3 9 3 8 7 2 5 8
0 5 6 5 8 5 11 3 9 5 7 11 7 5 5 4 8 1 7 7 12 8 6 7 4 10 7 8 7 2 8 9 5 0 2 11 6 6 11 8 7 0 2 8 9 4 6 10 7 7 6 9 5 8 3 7 4 2 11 9 7 9 11 8 7 12 9 9 8 9 5 6 4 6 6 6 2 7 7 7 6 5 8 4 7 7 8 2 7 6 2 8 10 2 7 6 9 3 2 6 9
0 6 4 4 9 8 12 4 8 5 6 11 7 5 5 9 9 2 7 8 15 8 6 8 4 8 7 6 6 2 8 9 10 1 3 11 6 6 11 8 7 7 0 9 10 7 7 10 5 9 7 9 3 9 3 7 2 2 11 9 8 7 10 6 7 14 9 9 8 8 5 5 5 6 6 6 0 5 7 7 4 3 6 4 8 5 8 2 7 5 9 8 10 1 9 6 9 10 2 7 9
0 8 6 6 11 5 12 5 8 5 7 11 7 7 4 8 9 4 7 9 7 7 6 10 4 9 4 8 8 2 8 10 9 3 4 11 6 6 10 8 7 6 2 0 11 9 8 10 7 9 8 9 5 1 3 7 4 4 10 9 9 9 12 8 6 12 9 9 7 9 5 6 6 6 6 7 2 7 4 7 4 5 6 4 5 7 8 2 7 4 8 7 10 3 11 7 3 7 2 8 9
0 7 5 6 4 4 11 6 8 5 5 10 4 6 4 8 9 4 7 10 6 6 3 8 4 5 5 1 8 2 5 6 7 3 5 3 6 6 12 8 7 5 2 5 0 5 7 10 7 1 8 9 5 0 3 7 4 3 7 1 3 8 6 8 6 9 9 8 4 4 5 6 6 6 6 6 2 0 7 5 4 5 6 4 4 7 7 2 4 4 3 3 7 3 10 5 8 7 2 7 9
0 7 6 6 10 1 8 4 10 5 7 10 7 7 5 6 9 3 7 8 9 5 6 9 4 10 7 8 8 2 8 10 7 2 3 11 6 6 13 4 7 2 2 10 10 0 8 10 7 9 8 9 5 5 3 6 4 4 11 9 9 9 9 8 8 8 8 9 8 8 5 6 5 6 2 3 2 7 5 7 6 5 8 4 9 7 7 2 7 7 4 7 10 3 7 6 9 5 2 7 9
0 8 6 6 10 7 12 6 9 5 7 11 7 4 5 10 9 4 7 10 9 9 6 7 4 10 6 7 8 2 8 11 11 3 5 11 6 6 12 8 7 8 2 2 12 9 0 9 7 3 8 9 5 3 3 7 4 4 11 9 9 9 7 8 8 14 9 9 8 9 5 6 6 6 6 8 2 6 6 7 6 5 8 4 1 7 8 2 7 6 9 7 10 3 11 8 5 9 2 8 9
0 7 5 6 10 8 11 5 7 5 7 5 7 6 5 8 9 3 7 9 11 8 5 9 4 10 7 8 7 2 7 7 9 2 4 11 6 6 9 8 7 8 2 4 11 9 2 0 7 5 2 6 5 5 3 7 3 4 6 9 2 8 8 7 4 9 9 9 3 9 5 6 6 6 6 8 1 7 7 7 6 4 8 4 3 7 6 2 7 2 9 5 10 3 11 7 7 10 2 2 5
0 8 3 6 10 8 12 5 10 5 5 11 7 7 4 11 9 4 7 9 14 10 6 10 4 10 7 7 7 2 8 11 10 3 5 11 6 6 13 8 7 8 2 10 11 9 8 10 0 9 8 9 5 11 3 7 1 4 6 9 9 6 5 5 7 9 9 9 8 7 5 6 6 6 6 8 2 6 7 7 6 2 8 4 9 6 8 2 7 6 9 8 10 3 4 5 8 10 2 8 9
0 8 4 6 7 8 11 6 10 5 7 11 7 7 5 10 9 4 7 10 7 6 4 10 4 8 7 4 8 2 6 9 11 3 5 11 6 6 13 8 7 9 2 8 12 8 8 10 7 0 8 9 5 9 3 7 4 4 10 9 6 7 12 8 6 13 9 9 7 7 5 6 6 6 6 8 2 3 7 7 6 5 8 4 9 7 8 2 7 7 9 4 10 3 11 8 9 10 2 8 9
0 8 4 6 10 7 12 6 9 5 7 11 7 4 5 7 9 4 7 10 9 9 4 7 4 10 6 7 8 2 6 11 8 3 5 11 6 6 12 8 7 8 2 2 11 9 0 9 7 3 0 4 5 3 3 7 4 4 11 9 9 9 7 8 3 14 9 9 8 9 5 6 6 6 6 8 2 6 6 7 6 5 8 4 1 7 8 2 7 1 9 4 10 3 10 8 5 9 2 8 9
0 7 6 6 11 8 12 6 10 5 7 11 7 7 5 8 9 4 7 10 16 10 6 10 4 10 7 8 8 2 8 9 9 3 5 11 6 6 11 8 7 4 2 10 12 8 8 6 7 9 8 0 5 11 3 7 4 4 11 9 8 9 12 8 9 14 9 9 8 9 5 6 6 6 6 8 2 7 7 7 6 5 8 4 9 7 8 2 6 7 6 8 9 3 11 8 9 7 2 8 9
0 8 5 6 11 8 12 6 10 5 7 11 7 7 5 8 9 4 7 10 16 10 5 10 4 10 7 8 8 2 7 11 9 3 5 11 6 6 13 8 7 9 2 10 12 9 8 10 2 9 8 9 0 11 3 7 3 4 8 9 9 8 7 7 4 11 9 9 8 9 5 6 6 6 6 8 2 7 7 7 6 4 8 4 9 7 8 2 7 2 9 5 10 3 6 7 7 10 2 8 9
0 8 6 6 11 8 11 6 10 5 7 11 7 7 5 11 9 4 7 10 6 6 6 10 4 10 7 8 8 2 8 11 12 3 5 11 6 6 12 8 7 9 2 5 12 9 8 10 7 9 8 9 5 0 3 7 4 4 11 9 9 9 12 8 9 12 9 9 8 9 5 6 6 6 6 8 2 7 7 7 6 5 8 4 4 7 8 2 7 7 9 8 10 3 11 8 8 10 2 8 9
0 8 6 6 11 8 12 6 8 2 5 11 5 7 2 8 9 4 4 9 14 8 6 10 1 10 4 8 8 2 8 9 9 3 5 9 6 6 12 8 7 9 2 8 11 9 8 7 7 7 8 6 5 9 0 7 4 4 10 7 6 7 12 8 7 13 9 9 7 7 5 3 3 6 6 7 2 7 7 5 6 5 7 1 7 7 8 2 7 5 9 8 9 3 10 5 6 7 2 5 6
0 5 5 6 10 8 9 5 7 5 4 11 7 6 5 10 9 3 7 9 12 4 1 9 4 10 7 7 7 2 3 11 7 2 4 7 6 6 12 6 5 8 2 8 11 9 7 10 4 5 8 9 5 9 3 0 3 3 10 5 8 8 9 3 8 13 2 9 8 2 5 6 4 6 4 7 2 6 7 7 6 4 8 4 8 7 8 2 7 6 7 1 9 3 8 6 9 10 2 6 9
0 7 2 6 9 8 12 5 9 5 4 11 7 7 3 10 9 3 7 9 16 10 6 9 4 9 7 6 6 2 8 10 9 2 4 11 6 6 13 8 7 8 2 10 11 9 8 10 7 9 8 9 5 10 3 7 0 4 11 9 8 5 11 4 6 14 9 9 8 6 5 6 6 6 6 8 2 5 7 7 6 1 7 4 9 5 8 2 7 5 9 8 10 3 11 4 7 9 2 8 9
0 8 6 6 11 7 11 6 9 3 7 11 7 3 4 10 9 4 6 10 13 6 6 6 3 10 6 8 8 2 8 11 11 3 5 11 6 6 9 8 7 8 2 10 12 9 8 9 7 9 8 8 5 11 3 7 4 0 11 9 8 9 12 8 8 14 9 9 8 9 5 4 4 6 6 4 2 7 6 7 6 5 8 3 9 7 8 2 7 6 9 7 10 3 8 6 8 9 2 6 8
0 8 6 6 11 2 11 5 7 5 7 11 7 7 1 7 9 4 6 8 10 6 6 9 3 6 6 8 8 2 7 7 8 3 4 10 6 6 12 8 7 3 2 9 10 7 8 7 7 7 8 8 5 6 3 7 4 4 0 9 8 8 2 8 9 3 9 9 8 6 5 6 6 6 6 4 2 7 1 7 6 5 8 3 9 7 8 2 6 7 5 8 9 3 8 8 5 6 2 8 8
0 8 4 6 7 8 11 6 7 5 7 9 7 7 5 8 9 4 7 9 7 6 4 10 4 8 4 4 8 2 6 7 9 3 5 2 6 6 13 8 7 9 2 6 11 8 6 10 7 0 8 9 5 7 3 7 4 4 10 0 6 7 5 7 6 8 9 9 7 7 5 6 6 6 6 8 2 3 7 7 3 5 5 4 5 7 6 2 6 7 9 4 9 3 11 7 9 7 2 8 9
0 8 6 6 9 6 11 6 10 5 7 11 7 7 5 10 9 4 7 10 9 6 6 10 4 10 6 6 8 2 8 5 11 3 5 11 6 6 12 8 7 7 2 2 12 9 8 10 7 9 8 9 5 3 3 7 4 4 4 9 0 9 6 8 6 7 9 9 1 9 5 6 6 6 6 8 2 7 5 7 6 5 8 4 7 7 8 2 7 4 9 7 10 3 11 8 5 9 2 8 9
0 7 6 6 11 8 9 6 9 5 6 11 7 7 5 11 9 4 7 10 12 6 3 10 4 10 7 8 8 2 5 11 9 3 5 9 6 6 13 5 7 9 2 7 12 9 5 10 6 7 8 9 5 8 3 2 4 4 11 7 9 0 10 5 9 14 4 9 8 4 5 6 6 6 3 8 2 7 7 7 6 5 8 4 6 7 8 2 7 7 6 3 10 3 10 7 9 10 2 8 9
0 8 6 6 11 8 12 6 10 5 7 11 7 7 5 7 8 4 7 10 15 10 6 10 4 10 7 8 8 2 8 11 8 3 5 8 6 6 13 8 7 9 2 10 12 9 8 10 7 9 8 9 5 11 3 7 4 4 11 9 9 9 0 8 9 14 9 9 8 9 5 6 6 6 6 8 2 7 7 7 6 5 8 4 9 7 8 2 7 7 9 8 10 3 10 8 6 6 2 8 9
0 8 6 6 11 8 12 6 9 5 7 11 7 5 5 11 9 4 7 10 15 7 6 8 4 10 7 8 8 2 8 11 12 3 5 11 6 6 13 8 7 9 2 10 12 9 8 10 7 9 8 9 5 9 3 5 4 4 11 9 8 9 12 0 8 13 7 9 8 7 3 6 4 6 6 8 2 7 7 7 6 5 8 4 9 7 8 2 7 6 9 6 6 3 7 6 9 10 2 6 9
0 8 6 6 11 5 11 6 10 5 7 11 7 7 4 4 9 4 7 10 14 9 6 10 4 9 7 8 8 2 8 10 5 3 5 11 6 6 10 8 7 6 2 9 8 9 7 10 7 9 8 9 5 8 3 7 4 4 11 9 9 9 12 8 0 12 9 9 8 9 5 6 6 6 6 7 2 7 4 7 6 5 8 4 8 7 8 2 7 7 8 8 10 3 7 7 3 9 2 8 9
0 6 6 6 11 8 11 2 10 5 7 11 7 7 5 9 9 4 7 6 7 7 6 10 4 10 7 8 8 2 8 11 10 3 5 11 6 6 13 7 7 5 2 10 8 9 8 10 7 9 8 9 5 8 3 7 4 4 11 9 9 9 10 8 9 0 9 9 8 3 5 6 6 6 5 8 2 7 7 7 6 5 8 4 9 7 8 2 7 7 7 8 10 3 11 8 9 8 2 7 9
0 3 3 6 8 6 8 4 10 5 5 11 7 6 4 9 9 2 7 8 10 8 3 8 4 9 7 5 7 2 5 10 5 1 3 5 6 6 11 4 3 7 2 9 10 7 7 10 2 3 7 9 5 9 3 6 1 4 8 3 7 6 7 1 6 11 0 9 8 0 4 6 5 6 2 8 2 4 7 7 6 2 8 4 8 6 8 2 7 4 5 7 7 3 6 5 8 10 2 4 9
0 8 6 6 11 8 12 6 10 5 7 11 7 7 5 11 9 4 7 10 16 10 6 10 4 10 7 8 8 2 8 11 12 3 5 11 6 6 13 8 7 9 2 10 12 9 8 10 7 9 8 9 5 11 3 7 4 4 11 9 9 9 12 8 9 14 9 0 8 9 5 6 6 6 6 8 2 7 7 7 6 5 8 4 9 4 8 2 7 7 9 8 10 3 8 8 9 10 2 8 9
0 8 6 6 11 5 12 6 10 5 7 11 7 7 4 9 9 4 7 10 8 8 6 10 4 9 7 8 8 2 8 5 10 3 5 11 6 6 13 8 7 6 2 10 12 9 8 10 7 9 8 9 5 9 3 7 4 4 3 9 9 9 5 8 5 6 9 9 0 9 5 6 6 6 6 7 2 7 4 7 6 5 8 4 9 7 8 2 7 3 8 6 10 3 11 8 8 9 2 8 9
0 3 6 6 9 8 8 6 10 5 7 11 7 7 5 10 9 4 7 10 16 10 3 9 4 10 7 6 8 2 5 11 9 3 5 11 6 6 11 4 7 9 2 10 12 8 8 10 7 9 8 9 5 11 3 7 4 4 11 9 8 9 9 8 6 14 9 9 8 0 5 6 6 6 2 8 2 7 7 7 6 5 8 4 9 7 8 2 7 4 5 7 10 3 11 6 9 10 2 4 9
0 7 6 6 10 8 11 6 9 5 6 11 7 2 5 11 9 4 5 10 12 6 3 5 4 10 7 8 8 2 5 11 9 3 5 9 6 6 13 8 7 9 2 10 12 9 8 10 6 7 8 9 5 11 3 2 4 4 11 7 9 8 11 5 9 11 4 9 8 4 0 6 6 6 6 8 2 7 7 7 6 5 8 4 9 7 8 2 7 7 9 3 10 3 10 8 9 10 2 8 9
0 8 6 6 11 5 11 6 5 5 7 11 7 7 4 7 9 4 7 10 13 7 5 10 4 8 3 8 7 2 7 9 8 3 5 9 6 6 9 8 7 6 2 6 12 9 8 10 7 7 8 9 5 7 3 7 4 4 8 7 4 9 10 8 4 11 9 9 5 8 5 0 0 6 6 7 2 7 4 7 6 5 8 4 6 6 8 2 7 2 8 5 6 3 8 2 7 6 2 2 9
0 8 6 6 11 8 11 6 5 5 7 11 7 7 5 7 9 4 7 10 13 7 5 10 4 8 3 8 7 2 7 9 8 3 5 9 6 6 9 8 7 9 2 6 12 9 8 10 7 7 8 9 5 7 3 7 4 4 8 7 4 9 10 8 4 11 9 9 5 8 5 6 0 6 6 8 2 7 7 7 6 5 8 4 6 7 8 2 7 2 9 5 10 3 8 2 7 6 2 2 9
0 4 5 6 9 7 6 6 10 5 5 11 7 6 5 10 9 4 7 10 15 9 5 7 4 10 7 6 8 2 7 11 7 3 5 11 6 6 12 2 7 8 2 10 12 6 8 10 7 9 8 9 5 11 3 7 4 3 11 9 8 9 7 8 6 14 9 9 8 7 5 6 6 0 0 7 2 7 7 7 6 5 8 4 9 7 8 2 7 5 3 7 10 3 11 4 9 10 2 5 9
0 8 6 6 9 7 6 6 10 5 5 11 7 6 5 10 9 4 7 10 15 9 6 9 4 10 7 6 8 2 8 11 7 3 5 11 6 6 12 2 7 8 2 10 12 6 8 10 7 9 8 9 5 11 3 7 4 3 11 9 8 9 7 8 6 14 9 9 8 7 5 6 6 6 0 7 2 7 7 7 6 5 8 4 9 7 8 2 7 7 3 8 10 3 11 4 9 10 2 8 9
0 7 6 6 11 3 7 6 8 5 7 9 7 7 2 8 9 4 7 9 12 2 6 10 4 7 7 8 8 2 8 8 9 3 5 11 6 6 13 8 7 4 2 10 11 8 8 8 7 8 8 9 5 7 3 7 4 4 11 9 9 9 11 8 9 10 9 9 8 9 5 6 6 6 6 0 2 7 2 7 6 5 8 4 9 7 8 2 7 7 6 8 10 3 4 8 6 7 2 8 9
0 6 4 6 9 8 12 4 10 5 6 11 7 7 5 9 9 2 7 8 15 10 6 8 4 9 7 8 6 2 8 10 10 1 3 11 6 6 13 8 7 7 2 9 10 9 7 10 7 9 7 9 5 9 3 7 2 4 11 9 9 7 12 6 8 14 9 9 8 8 5 5 5 6 6 8 0 7 7 7 6 3 8 4 8 7 8 2 7 7 9 8 10 3 11 6 9 10 2 7 9
0 7 6 6 4 6 11 6 9 5 5 11 4 7 5 8 9 4 7 10 12 9 3 8 4 5 7 1 8 2 5 6 9 3 5 9 6 6 13 8 7 7 2 5 9 5 8 10 7 7 8 9 5 6 3 7 4 4 7 7 3 9 9 8 6 10 9 8 4 4 5 6 6 6 6 7 2 0 7 5 6 5 8 4 9 7 8 2 4 4 9 3 7 3 11 8 8 7 2 7 9
0 7 6 5 10 1 10 4 6 5 6 11 6 7 0 6 9 3 5 7 10 5 6 8 2 5 5 8 8 2 6 6 7 2 3 10 6 6 11 8 7 2 2 9 9 6 8 6 7 6 8 7 5 5 3 6 4 4 11 8 7 7 9 8 8 8 8 9 8 8 5 6 5 6 6 3 2 7 0 6 6 5 7 2 8 7 8 2 5 7 4 7 8 3 7 7 4 5 2 7 7
0 5 6 6 9 6 10 6 9 5 0 11 0 7 5 10 9 4 7 10 9 5 5 10 4 10 6 6 8 2 7 9 11 3 5 4 6 6 13 6 7 7 2 8 12 9 8 10 7 2 8 9 5 9 3 7 4 4 7 2 8 9 7 8 8 10 8 5 8 2 5 5 5 6 4 3 2 5 5 0 5 5 7 4 7 7 8 2 7 6 7 6 10 3 7 7 9 9 2 6 9
0 8 6 6 7 8 12 6 4 5 7 9 7 7 5 10 9 4 7 10 15 10 6 10 4 10 7 4 8 2 8 11 11 3 5 11 6 6 13 8 7 9 2 8 12 8 8 10 7 9 8 9 5 9 3 6 4 4 10 9 6 9 9 8 6 13 8 9 7 7 5 6 6 6 6 8 2 7 7 7 0 5 2 4 9 7 8 2 7 7 9 6 10 3 11 8 9 10 2 8 9
0 7 5 5 8 8 12 5 9 5 7 11 7 6 5 10 9 3 7 9 16 9 6 9 4 9 7 5 7 2 8 10 11 2 4 11 6 6 12 8 7 8 1 9 11 8 8 10 6 9 8 9 4 10 3 7 3 3 11 9 7 7 11 3 8 14 9 9 8 8 5 6 6 6 6 7 1 4 7 7 5 0 7 4 9 4 8 2 7 6 9 7 9 2 10 7 9 10 2 8 9
0 8 6 6 5 7 12 6 10 5 6 11 5 7 5 9 8 4 7 10 13 8 4 10 4 10 7 2 8 2 6 9 10 3 5 10 6 6 11 8 7 8 2 6 10 6 8 10 7 8 8 9 5 7 3 7 4 4 8 8 4 9 10 8 7 11 9 9 5 5 5 6 6 6 6 6 2 7 7 6 6 5 0 4 9 7 8 2 7 5 9 4 10 3 10 8 9 8 2 8 9
0 8 6 6 10 8 12 6 7 5 7 11 7 6 5 11 9 4 7 10 14 9 6 9 4 10 7 7 8 2 8 10 12 3 5 9 6 6 12 8 7 9 2 7 11 9 8 6 7 7 8 9 5 8 3 7 4 3 9 7 5 9 11 8 9 12 9 9 6 9 5 6 6 6 6 7 2 7 7 7 6 5 6 0 9 7 8 2 7 7 8 8 10 3 11 8 6 10 2 8 5
0 8 6 6 11 6 12 6 9 4 7 11 7 7 4 9 9 4 6 10 8 8 6 10 3 10 5 8 8 2 8 11 10 3 5 11 6 6 11 8 7 7 2 1 12 9 7 8 7 9 7 8 5 2 2 7 4 4 11 9 8 9 12 8 7 13 9 9 8 9 5 5 5 6 6 8 2 7 5 7 5 5 7 3 0 7 8 2 7 5 9 8 10 3 11 7 4 8 2 7 8
0 8 6 6 11 8 12 6 10 5 7 11 7 7 5 11 9 4 7 10 13 10 6 10 4 10 7 8 8 2 8 11 12 3 5 11 6 6 12 8 7 9 2 10 12 9 8 10 7 6 8 9 5 11 3 7 4 4 11 9 9 9 12 8 9 14 9 9 8 9 5 6 6 6 6 8 2 7 7 7 6 5 8 4 9 0 8 2 7 7 9 8 10 3 10 8 9 10 2 8 9
0 8 6 6 9 8 10 6 10 5 7 3 7 7 5 11 9 4 7 10 11 8 2 10 4 10 7 7 8 2 4 11 12 3 5 11 6 6 13 8 7 9 2 10 12 9 8 10 7 7 8 9 5 11 3 7 4 4 11 9 9 9 7 8 9 14 9 9 8 8 5 6 5 6 6 8 2 7 7 7 6 5 8 4 9 5 0 2 7 7 9 8 10 3 10 7 9 10 2 7 9
0 8 6 6 11 8 10 6 10 5 7 11 7 6 5 10 7 4 7 10 14 10 6 9 4 10 7 8 8 2 8 11 11 3 5 11 6 4 13 6 5 9 2 8 12 9 6 10 7 9 6 9 5 9 3 7 4 4 9 9 9 9 11 8 9 12 9 9 6 9 5 6 6 4 4 8 2 7 7 7 6 5 8 4 7 7 8 0 7 7 7 8 10 3 11 8 8 9 2 8 9
0 8 6 6 11 7 12 6 8 4 7 11 7 7 5 11 9 4 7 10 15 10 6 10 4 10 7 8 8 2 8 11 12 3 5 11 6 6 13 8 6 8 2 8 12 6 8 10 7 9 8 9 5 9 3 7 4 4 11 9 8 9 12 8 9 14 9 6 8 9 5 5 5 6 6 8 2 7 6 7 6 5 8 4 9 7 8 2 0 7 9 8 3 3 11 7 9 10 2 7 6
0 8 5 6 11 7 11 6 9 5 6 11 7 7 5 6 9 4 7 10 16 10 3 10 4 10 7 8 8 2 5 11 7 3 5 11 6 6 12 8 7 8 2 10 10 9 8 10 7 9 8 9 5 10 3 7 4 4 11 9 9 8 12 8 2 14 9 9 8 8 5 6 6 6 6 8 2 7 6 7 6 5 8 4 9 7 8 2 7 0 9 3 10 3 9 8 5 10 2 8 9
0 8 6 5 11 7 11 6 9 3 7 11 7 3 4 10 9 4 6 10 13 6 6 6 3 10 6 8 8 2 8 11 4 3 5 11 6 6 9 8 7 8 2 10 12 9 8 9 7 9 8 8 5 11 3 7 4 0 11 9 8 9 12 8 8 14 9 9 8 9 5 4 4 6 6 4 2 7 6 7 6 5 8 3 9 7 8 2 7 6 0 7 10 3 8 6 8 9 2 6 8
0 6 6 5 9 8 8 4 6 5 3 11 7 5 5 9 9 2 7 8 14 8 0 8 4 9 6 8 6 2 2 10 10 1 3 11 6 6 11 8 7 7 2 7 10 8 6 10 7 9 7 9 5 8 3 7 4 2 11 9 7 9 12 8 7 14 9 9 8 5 5 6 3 6 6 6 2 7 7 7 6 5 8 4 7 7 8 2 7 5 9 0 10 2 10 5 9 9 2 5 9
0 8 6 6 11 4 11 6 5 5 7 11 7 7 3 9 9 4 7 10 12 8 6 10 4 8 7 8 8 2 7 9 10 3 5 11 6 6 13 7 7 5 2 5 9 3 8 9 7 9 8 9 5 6 3 7 4 4 10 9 9 9 12 8 7 11 9 9 8 9 5 6 6 6 5 6 2 7 3 7 6 5 8 4 9 7 8 2 7 7 7 8 0 3 10 8 7 8 2 8 3
0 8 4 3 11 7 12 6 10 4 6 11 7 4 5 11 9 4 7 10 14 7 6 7 4 8 7 8 5 2 8 9 10 3 5 11 6 6 10 8 7 8 2 9 12 6 8 10 7 9 8 9 5 10 3 7 2 1 11 9 9 7 12 6 8 14 9 9 8 8 5 5 5 6 6 5 2 7 7 7 6 3 8 4 9 7 8 2 7 7 9 8 10 0 9 6 9 10 2 7 9
0 8 6 6 11 8 12 6 10 5 7 11 7 7 5 11 9 4 7 10 10 10 6 10 4 10 7 8 8 2 8 11 12 3 5 11 6 6 11 8 6 9 2 10 9 9 8 10 7 9 8 9 5 9 3 7 4 4 11 9 9 9 12 8 9 6 9 9 8 9 5 6 6 6 6 8 2 7 7 7 6 5 6 4 9 7 8 2 7 7 8 8 10 3 0 8 9 10 2 8 9
0 8 6 6 11 7 11 6 9 5 6 10 6 7 3 6 9 4 5 10 12 9 6 10 2 8 5 8 5 2 8 9 7 3 5 7 6 6 12 8 7 8 2 9 10 9 8 8 7 5 8 7 5 10 3 7 4 4 11 5 7 9 10 8 2 13 9 7 8 8 5 6 6 6 6 8 2 7 6 6 6 5 8 2 8 7 8 2 7 7 7 8 10 3 9 0 5 8 2 8 7
0 7 6 6 10 2 9 5 7 5 7 11 7 7 1 7 9 3 6 8 11 6 6 9 3 6 6 8 7 2 7 7 8 3 4 11 6 6 7 8 7 3 2 10 10 7 8 7 7 7 8 8 5 6 3 7 4 4 11 9 8 8 10 8 6 9 9 9 8 9 5 6 6 6 6 4 2 7 1 7 6 5 8 3 9 7 8 2 6 7 5 8 9 3 8 4 0 6 2 8 8
0 8 6 3 11 8 8 6 10 5 7 11 7 7 5 1 9 4 7 10 9 9 6 10 4 10 7 8 8 2 8 11 2 3 5 11 6 6 13 5 7 9 2 8 12 9 8 10 7 4 8 9 5 9 3 7 4 4 10 9 6 9 10 8 8 10 9 9 7 9 5 6 6 6 3 8 2 7 7 7 6 5 8 4 9 7 8 2 7 7 6 8 10 3 4 6 9 0 2 8 9
0 6 4 4 9 8 10 4 8 3 6 9 6 5 3 9 7 2 5 8 14 8 6 8 2 8 5 6 6 2 8 9 10 1 3 10 4 4 11 6 5 7 0 8 10 7 6 8 5 8 6 7 3 9 1 5 2 2 9 8 7 7 10 6 7 12 7 7 6 7 3 4 4 4 4 6 0 5 7 6 4 3 6 2 7 5 6 0 5 5 7 6 8 1 9 6 7 8 0 6 7
0 8 5 6 11 7 9 6 9 5 6 11 7 7 5 6 9 4 7 10 16 10 3 10 4 10 7 8 8 2 5 11 7 3 5 11 6 6 7 8 7 8 2 10 10 9 8 10 7 9 8 9 5 10 3 7 4 4 11 9 9 8 12 8 2 14 9 9 8 8 5 6 6 6 6 8 2 7 6 7 6 5 8 4 9 7 8 2 7 0 9 3 10 3 9 8 5 10 2 0 9
0 8 6 6 10 8 12 6 2 5 7 11 7 7 5 8 9 4 7 10 12 10 6 10 4 9 7 7 6 2 7 10 9 3 5 9 6 6 13 8 7 9 2 10 6 9 8 10 7 7 8 9 5 6 3 7 4 4 11 7 9 9 12 8 4 10 9 9 8 6 5 6 6 6 6 8 2 6 7 7 6 5 8 4 9 7 8 2 7 7 9 7 10 3 11 8 7 10 2 8 0
