100 2
1 705 10 6
1 755 2 3
1 687 3 2
9 491 4 9
2 261 1 2
5 263 8 5
11 482 7 8
15 481 6 9
17 708 9 8
9 422 2 4
16 772 1 6
23 615 1 8
30 484 8 10
20 366 7 6
11 485 9 3
34 634 5 9
32 617 2 8
24 557 4 6
17 719 3 4
13 281 1 3
35 402 3 8
44 328 3 10
22 313 10 5
40 605 10 9
46 475 9 10
47 462 4 10
48 523 4 10
49 285 1 10
35 701 2 7
41 568 2 8
11 737 5 2
52 405 3 9
47 431 3 8
47 400 8 8
59 595 6 10
18 303 5 3
62 345 5 10
64 324 2 10
54 340 10 8
69 459 3 10
71 510 5 10
36 362 3 5
40 437 5 5
82 558 2 10
33 672 9 4
85 722 4 10
17 274 6 2
44 717 3 5
62 343 7 7
27 360 1 3
18 416 3 2
18 744 9 2
55 446 5 6
85 503 2 9
95 630 10 10
29 739 6 3
99 722 8 10
30 280 5 3
32 347 6 3
98 261 9 9
88 262 8 8
44 642 2 4
90 673 2 8
91 555 10 8
69 277 9 6
95 275 9 8
84 463 6 7
96 497 5 8
62 546 1 5
100 410 8 8
53 594 8 4
53 630 5 4
80 677 10 6
95 586 4 7
46 716 9 3
92 549 10 6
83 501 7 5
83 669 4 5
100 581 2 6
93 308 5 5
57 309 6 3
57 483 4 3
95 647 5 5
96 359 1 5
77 731 8 4
88 325 4 4
92 299 6 4
24 563 5 1
97 435 1 4
78 713 3 3
27 280 3 1
89 525 8 3
32 752 4 1
75 535 6 2
85 480 10 2
47 559 5 1
47 458 5 1
48 372 5 1
63 656 9 1
83 406 7 1
SETUP
0 43 28 31 16 4 18 25 31 34 8 10 40 30 22 14 24 43 46 36 8 18 40 27 11 5 21 29 42 17 46 32 13 26 52 37 20 39 32 33 33 18 26 33 39 0 40 15 49 43 18 41 30 24 15 30 17 36 36 27 24 19 30 20 50 26 22 36 31 28 9 24 49 33 31 44 14 38 4 30 24 16 22 24 28 16 34 45 49 42 11 19 28 14 31 23 26 12 32 47 14
0 0 35 42 16 30 42 36 36 19 28 23 45 18 24 26 49 26 27 6 22 20 17 40 27 13 10 7 38 18 36 19 35 10 44 46 17 13 39 13 33 42 39 28 27 26 23 22 44 33 9 44 42 43 41 37 46 12 23 23 26 24 17 24 4 19 20 31 36 32 28 42 19 23 34 49 46 34 20 16 14 19 29 27 28 19 13 6 19 18 2 28 34 14 10 16 18 13 20 29 36
0 42 0 23 31 7 39 26 17 15 23 17 37 23 17 24 9 10 22 25 38 33 44 27 37 26 16 42 38 34 18 29 27 9 49 21 24 43 8 23 44 16 19 13 30 48 12 16 28 33 16 30 40 13 36 17 30 21 41 40 50 49 21 23 28 35 32 30 18 25 19 26 22 34 14 39 16 45 50 28 34 37 33 16 21 18 34 17 43 40 11 34 39 11 15 8 28 29 14 22 49
0 38 22 0 40 17 39 30 28 3 14 31 46 18 9 37 2 26 50 30 24 25 29 21 21 4 38 39 30 25 38 25 14 28 35 20 8 6 27 49 34 20 41 7 6 10 17 29 28 19 21 34 37 46 30 25 38 10 7 31 34 12 38 45 26 14 22 9 12 31 22 37 13 35 43 18 20 34 26 36 13 35 24 45 18 16 26 40 12 21 22 18 2 2 17 24 23 2 16 23 18
0 18 37 9 0 45 14 35 12 16 31 23 25 12 15 36 38 17 28 36 27 39 38 47 31 27 29 28 26 31 25 17 33 41 45 40 4 26 34 38 35 9 47 22 27 34 28 7 5 24 30 21 22 15 31 21 30 21 36 9 34 29 29 40 20 25 47 40 24 16 29 35 20 30 5 38 35 28 5 15 51 6 11 15 18 31 24 37 41 26 46 34 19 16 27 13 25 32 29 40 15
0 32 27 27 41 0 34 26 8 11 23 31 5 29 33 28 41 18 10 34 12 15 29 25 35 12 16 47 7 29 35 39 0 35 42 20 36 8 24 25 44 27 21 17 16 39 29 26 4 31 20 24 20 31 28 44 43 32 19 20 35 33 21 34 30 14 15 31 41 28 14 30 25 35 17 15 40 29 21 37 35 40 24 39 28 37 23 42 19 39 6 6 22 9 32 28 47 35 23 24 30
0 20 23 38 17 35 0 36 14 27 30 34 18 31 32 20 22 32 20 37 39 2 20 15 9 19 23 44 17 34 38 40 31 29 26 31 26 28 40 16 32 16 12 20 34 32 43 35 51 36 21 34 11 33 20 22 29 32 2 35 40 29 37 13 22 16 29 51 25 31 20 29 18 21 39 19 34 35 28 25 26 30 18 12 27 6 10 38 19 18 35 20 27 45 44 20 28 27 38 27 8
0 31 36 0 5 48 38 0 32 37 9 32 20 46 5 10 24 24 32 25 32 46 32 37 2 18 6 16 39 22 26 23 20 27 31 17 11 27 9 46 47 40 43 23 20 25 30 20 22 26 44 15 24 16 25 13 45 14 33 27 21 10 24 35 34 1 18 32 30 41 36 40 47 38 37 19 29 23 28 16 37 13 50 8 16 51 47 24 21 17 13 34 22 27 25 38 31 21 25 19 17
0 31 36 19 18 48 31 34 0 32 19 32 26 19 22 37 22 25 23 22 27 32 26 32 33 44 15 15 29 35 35 13 27 0 28 19 20 34 48 41 29 10 31 10 10 27 16 22 26 45 27 27 25 25 6 14 26 39 25 45 16 26 34 21 26 44 28 32 27 14 38 13 30 3 32 21 22 29 30 1 23 25 7 24 19 50 19 43 25 42 21 16 9 28 22 8 35 26 45 25 15
0 28 22 19 4 48 23 22 27 0 31 31 16 7 15 23 25 42 23 3 32 28 4 38 20 38 14 5 23 33 32 35 38 22 31 28 27 11 23 39 18 49 36 10 6 21 5 40 30 14 12 27 9 27 28 40 11 29 14 45 16 40 45 30 19 23 51 27 28 39 39 35 21 17 19 18 11 24 17 29 1 32 23 27 32 24 3 5 22 33 22 14 48 15 13 41 17 11 16 45 36
0 41 38 39 11 26 16 6 38 11 0 33 8 22 31 38 38 26 18 25 37 22 9 14 16 34 29 45 30 18 18 21 18 23 33 34 41 18 8 15 9 31 15 22 42 24 22 43 9 29 31 18 23 15 23 44 26 27 10 10 39 34 21 35 22 40 15 16 33 28 4 29 36 22 22 21 39 29 23 29 25 22 31 32 15 36 51 9 32 24 15 30 11 47 38 42 10 24 32 23 18
0 3 33 30 16 16 32 11 16 33 27 0 25 31 37 6 35 27 30 16 27 17 42 29 46 40 28 35 34 26 26 15 17 20 6 31 12 15 25 39 4 24 12 12 22 7 44 23 36 26 13 39 29 25 20 24 27 17 22 40 29 28 41 43 41 30 18 6 11 32 10 28 16 11 26 25 22 47 35 33 27 14 25 24 50 17 46 40 6 23 6 17 26 25 32 13 11 43 19 9 22
0 22 21 30 37 44 7 20 11 19 33 37 0 38 44 21 44 51 5 36 2 5 23 41 12 22 34 26 8 39 22 36 15 33 40 48 45 26 18 23 36 10 42 32 39 37 8 13 51 36 40 31 27 7 10 19 19 8 15 40 19 37 18 36 22 38 30 27 35 20 19 37 11 5 22 13 10 5 33 15 33 43 27 4 26 20 13 12 37 21 19 35 27 25 47 23 45 39 35 32 34
0 20 17 41 18 41 31 33 26 15 13 21 40 0 34 33 10 14 28 22 9 15 30 45 29 41 47 28 15 21 14 20 18 39 25 27 25 41 42 38 18 37 36 32 46 21 14 21 22 35 1 16 20 35 32 30 23 41 35 41 24 18 10 37 11 31 30 6 10 34 24 38 21 47 25 24 18 23 30 30 24 11 16 29 27 43 32 47 20 34 27 25 51 36 45 13 28 17 13 11 21
0 28 14 11 9 41 35 28 21 22 22 16 34 32 0 28 42 40 14 14 21 42 18 31 24 24 15 15 11 33 29 20 17 35 13 44 12 39 29 10 22 1 34 23 44 18 13 14 22 25 22 32 17 16 15 35 25 49 29 45 30 28 42 23 19 15 19 43 22 32 24 4 28 24 19 32 11 7 21 6 34 37 52 39 34 14 17 10 1 35 32 35 31 16 10 16 43 46 35 18 50
0 37 28 38 35 49 51 33 12 27 30 18 35 17 41 0 3 18 21 12 12 20 45 29 27 26 42 12 22 40 25 19 34 8 40 36 34 24 8 43 16 14 28 40 47 34 22 24 25 27 24 5 27 23 22 21 13 10 20 26 40 13 30 17 27 8 23 26 27 45 19 26 34 27 39 28 31 14 21 31 29 16 25 18 35 14 18 29 18 27 24 35 26 24 25 20 13 27 37 31 27
0 30 43 1 30 46 27 1 24 31 38 26 38 31 39 23 0 25 9 28 33 14 29 46 32 41 40 31 11 31 41 33 39 12 28 4 30 23 37 12 11 18 23 5 26 25 20 31 22 39 31 15 48 21 32 1 49 27 11 26 28 26 48 6 22 46 25 51 30 28 13 7 14 25 35 26 11 34 8 12 27 33 8 24 24 30 29 17 34 23 19 18 3 52 25 10 35 40 10 35 24
0 28 33 41 11 9 26 44 21 28 20 28 5 11 47 36 31 0 37 20 20 25 31 46 47 18 14 27 32 16 32 30 37 43 32 26 29 20 42 40 49 35 34 36 23 39 2 37 19 28 44 36 34 30 47 40 36 12 26 40 42 28 36 22 20 21 29 32 16 18 21 51 14 21 27 13 31 39 26 37 21 23 9 43 39 33 32 26 30 44 40 14 20 15 38 33 28 20 38 21 27
0 13 12 10 23 2 26 40 17 23 27 13 27 21 29 29 24 22 0 32 16 31 20 29 22 27 14 31 28 24 20 27 26 23 23 29 18 24 25 46 39 24 20 5 7 19 25 41 28 33 42 27 50 27 38 37 25 20 30 19 10 7 29 39 21 19 50 24 41 40 35 8 26 45 13 17 40 47 20 26 32 19 38 27 35 15 35 12 50 27 28 20 8 19 15 31 29 50 16 35 1
0 28 34 17 36 22 20 28 32 21 16 21 41 24 36 27 29 9 31 0 24 27 17 38 37 0 14 44 44 27 11 36 39 25 31 16 24 31 19 38 38 21 14 27 27 21 17 27 41 9 23 15 13 19 37 31 36 31 37 29 29 19 49 42 14 27 34 46 39 39 34 21 27 36 39 10 35 20 18 34 38 28 40 20 27 22 16 28 6 9 26 22 23 9 34 15 24 40 21 14 14
0 36 28 17 17 37 32 26 12 37 26 24 30 28 43 30 30 22 29 34 0 23 28 38 22 35 46 7 28 11 27 39 33 29 11 15 20 24 15 26 33 3 20 9 34 22 29 32 10 23 52 27 31 39 28 21 27 51 25 24 34 41 19 31 3 4 12 36 30 42 7 9 23 20 41 4 9 27 17 45 27 47 20 10 17 32 22 26 37 19 36 14 19 10 42 39 17 30 45 24 24
0 7 52 41 25 44 29 26 45 26 21 21 39 14 24 22 34 36 29 24 21 0 8 21 17 17 12 35 27 18 21 25 23 32 27 13 28 38 24 20 32 28 31 25 25 19 11 21 7 16 28 0 30 22 32 24 8 51 36 21 36 29 33 33 21 7 4 29 8 8 16 41 16 28 21 27 11 28 32 26 24 19 20 12 17 22 31 37 34 35 11 34 15 42 31 24 31 41 21 35 37
0 43 16 26 10 4 26 33 50 16 16 51 17 11 6 30 24 33 31 28 39 13 0 32 25 37 21 30 23 40 3 12 31 21 10 17 44 40 25 46 38 4 29 10 16 48 28 15 8 37 29 28 34 12 23 36 31 19 46 12 8 34 1 20 48 31 25 16 32 21 40 16 31 29 42 13 18 28 30 39 21 47 24 13 11 30 17 28 15 28 8 44 22 6 21 27 24 40 26 16 18
0 44 23 24 27 17 14 24 35 25 27 39 51 39 18 8 6 19 27 24 21 44 17 0 24 40 47 20 25 17 35 29 25 22 16 35 19 33 42 19 45 22 32 43 28 15 2 43 26 19 27 17 26 38 23 11 4 28 21 42 29 44 22 23 33 33 36 6 17 36 2 28 24 20 24 18 19 25 12 49 35 15 20 16 17 21 30 7 18 17 26 21 17 26 48 31 19 16 20 12 7
0 27 18 25 18 30 7 39 43 39 42 24 39 16 26 44 26 33 22 26 33 43 17 18 0 49 14 21 11 34 23 16 22 43 23 14 38 20 27 39 3 11 43 21 31 41 36 51 32 40 21 5 22 40 20 23 43 10 43 23 19 27 16 25 13 15 16 25 45 28 22 23 20 37 12 40 46 13 26 30 24 39 24 29 12 32 19 23 16 20 34 25 17 22 2 34 26 9 12 28 16
0 20 34 30 6 15 44 32 51 32 29 17 11 11 31 35 46 11 22 31 40 26 27 41 51 0 19 41 19 48 34 10 34 49 36 8 26 32 24 37 1 37 25 26 12 23 26 35 34 7 21 22 18 23 20 22 41 22 32 33 24 8 47 33 15 22 45 36 12 31 39 40 21 25 29 28 33 21 34 28 31 24 30 23 21 32 12 46 19 40 26 17 28 19 33 34 9 21 20 2 22
0 20 35 25 28 42 22 21 29 42 38 20 30 14 20 11 48 40 30 46 29 28 6 6 17 37 0 19 22 8 29 31 41 27 11 30 35 36 25 33 2 21 28 24 40 29 6 13 26 9 40 45 29 46 28 35 36 36 31 3 17 31 3 0 28 14 26 29 11 40 26 29 28 24 8 18 2 38 18 7 30 19 15 16 21 26 32 31 15 29 20 34 26 34 51 25 50 34 21 52 2
0 11 24 30 43 18 28 44 31 17 50 22 24 17 17 5 5 35 23 17 35 15 30 15 24 35 24 0 10 48 11 35 2 22 43 28 40 26 28 23 27 32 42 46 29 5 31 12 25 11 26 15 30 36 13 36 35 13 36 27 19 21 26 28 24 12 18 4 23 12 11 25 2 5 21 42 39 12 8 28 23 36 38 19 50 25 26 23 34 17 48 6 46 25 17 35 28 22 33 51 27
0 15 26 23 23 13 36 10 18 37 25 23 14 22 37 23 6 32 21 8 16 19 38 15 44 22 36 23 0 20 38 36 27 19 4 6 44 29 29 29 19 31 22 39 35 16 42 28 11 11 24 37 31 49 38 32 41 25 19 36 22 17 19 36 35 40 25 25 22 21 36 22 35 18 35 23 11 25 25 19 22 26 32 28 25 36 4 49 39 10 41 13 26 28 36 9 24 8 34 22 39
0 26 10 23 34 21 34 17 45 30 32 13 35 25 35 13 38 20 11 20 25 18 16 26 32 4 6 42 19 0 16 36 40 13 16 46 30 35 26 36 23 42 10 33 13 43 26 30 29 22 26 15 22 38 48 8 20 26 31 46 26 35 46 46 39 42 42 31 46 15 37 35 28 28 23 11 18 10 9 13 48 35 40 37 15 0 29 27 36 30 12 27 39 27 17 43 35 20 23 22 22
0 4 15 34 16 22 31 11 42 40 34 30 27 39 6 40 25 12 36 13 33 41 44 40 37 20 22 25 21 33 0 36 40 40 1 23 26 36 5 3 33 12 19 36 9 39 21 23 6 26 24 33 25 4 47 47 47 31 25 33 32 24 3 25 34 29 35 26 46 14 31 22 31 40 19 15 26 44 17 33 17 15 11 8 17 20 4 1 14 35 17 25 9 26 32 35 33 23 28 19 24
0 14 47 38 29 15 30 19 29 11 47 41 32 35 37 35 35 37 25 24 19 44 20 44 47 38 23 25 21 20 25 0 24 18 29 17 18 27 34 23 29 27 38 18 43 45 12 31 14 42 31 27 22 18 42 28 34 22 31 29 27 29 35 24 11 16 20 23 5 19 46 26 30 24 34 4 18 36 36 17 21 26 36 20 14 18 40 2 35 36 23 36 14 9 19 38 12 34 37 20 12
0 32 51 3 21 27 20 35 26 48 46 26 43 28 25 21 34 16 31 25 25 24 4 18 24 22 8 40 27 41 31 32 0 38 16 28 25 19 39 8 21 42 35 3 29 26 36 19 3 31 29 30 9 16 30 42 35 35 27 26 15 30 24 46 38 26 5 33 16 28 15 20 26 21 47 10 33 18 24 13 20 4 31 45 28 33 24 26 24 19 39 26 40 5 22 31 18 23 2 33 28
0 17 38 38 25 37 33 21 23 34 14 34 16 25 15 1 13 9 49 40 13 35 13 47 28 27 21 19 4 20 45 34 5 0 10 39 25 22 11 32 24 28 14 40 41 28 34 20 22 35 27 18 36 43 31 38 33 27 31 21 14 27 17 31 26 26 47 32 36 36 17 7 31 16 15 31 40 31 27 32 19 36 40 21 22 32 13 17 15 40 22 30 14 37 24 38 31 29 14 18 32
0 18 35 33 33 30 7 30 34 22 25 22 21 45 48 27 42 23 33 24 31 24 36 42 11 41 18 26 4 24 16 47 18 21 0 20 42 43 18 14 36 28 44 29 15 40 10 33 41 26 29 39 32 22 17 14 40 43 17 39 26 15 20 22 22 32 17 17 22 23 27 18 24 27 48 32 25 14 19 15 25 4 25 29 15 36 38 38 44 27 35 38 20 34 14 37 19 41 8 20 43
0 45 20 28 8 24 47 11 36 9 27 37 12 39 36 42 41 14 49 30 26 36 24 35 35 4 31 1 24 44 25 27 17 8 34 0 35 36 24 27 32 9 39 35 10 28 33 25 19 20 27 30 32 22 28 25 31 20 5 29 23 7 37 11 36 17 33 15 40 47 43 32 8 41 42 15 36 14 14 45 33 25 26 19 30 42 22 45 27 24 16 19 27 32 19 36 20 22 48 14 28
0 33 14 46 27 20 41 36 50 38 33 18 43 19 35 50 33 15 39 18 34 26 31 31 25 36 31 5 41 20 13 37 23 39 8 35 0 11 18 17 11 27 28 32 33 29 30 19 34 15 32 35 7 43 26 27 49 25 3 29 13 42 31 46 20 45 22 3 30 34 23 25 15 30 30 21 29 24 28 28 8 5 29 20 20 23 13 16 11 22 3 34 26 25 9 45 29 22 25 34 23
0 25 27 24 35 44 46 12 17 23 21 21 44 43 46 30 36 20 27 25 27 48 20 22 21 32 29 41 19 11 45 29 25 20 20 6 19 0 24 22 28 18 21 15 24 23 48 11 36 30 13 46 37 35 22 37 45 8 31 28 12 19 14 33 13 17 42 15 33 6 41 9 31 29 31 19 34 41 40 28 27 32 19 38 30 18 38 6 31 31 5 16 22 33 18 26 27 11 7 26 13
0 27 38 9 34 22 27 17 28 6 31 23 16 20 30 42 33 34 9 25 40 6 40 1 51 44 10 15 0 20 13 29 30 32 26 30 16 10 0 41 13 41 16 28 16 14 37 42 42 15 20 13 26 31 11 4 31 28 46 15 27 27 7 16 13 18 29 12 44 41 34 23 28 34 46 31 18 28 35 22 26 3 22 16 11 30 41 20 20 40 13 30 9 29 35 32 14 13 28 17 21
0 1 26 12 31 45 47 42 15 22 9 31 35 21 13 27 8 33 26 19 32 24 28 37 33 21 21 37 32 17 51 19 34 2 20 38 34 19 31 0 27 34 2 18 43 19 33 35 45 38 30 29 16 33 14 20 20 22 33 31 27 22 14 15 31 45 26 18 30 16 17 10 20 26 43 23 32 27 32 33 31 21 29 23 27 15 26 37 34 23 19 7 34 14 39 24 26 36 16 38 1
0 33 9 28 25 32 7 46 23 7 10 32 27 25 20 18 30 45 22 30 10 38 9 17 24 25 43 42 19 15 11 47 25 38 20 30 30 37 1 36 0 25 13 9 32 45 15 12 25 29 22 19 15 23 16 26 11 35 22 33 19 41 20 38 7 43 26 31 19 23 8 29 37 31 27 40 37 17 23 31 21 38 49 30 25 30 38 22 22 39 49 16 13 27 22 43 41 44 30 40 4
0 29 6 20 44 30 25 25 37 31 36 30 32 23 41 34 25 23 13 5 21 25 16 32 11 20 45 27 22 43 35 22 21 37 15 29 16 16 32 23 37 0 8 49 19 28 40 18 43 17 0 26 38 21 28 13 24 35 9 48 39 19 20 52 28 31 40 41 28 35 28 40 26 43 28 32 20 27 33 1 22 26 44 17 50 18 45 26 30 12 34 48 39 32 24 23 45 34 24 22 20
0 30 33 3 34 34 36 10 50 31 20 38 8 41 31 44 47 3 18 12 35 37 50 0 15 45 11 36 22 27 26 18 25 19 20 40 29 44 25 36 35 14 0 22 23 32 43 31 4 9 20 51 24 48 31 26 26 17 26 19 27 21 23 13 43 38 20 39 29 29 10 32 45 29 29 22 1 26 50 43 15 32 22 24 17 17 12 27 26 38 31 44 31 26 23 34 21 24 36 39 7
0 45 30 45 33 16 13 43 18 13 24 24 36 49 5 17 34 34 43 5 44 19 19 27 33 19 6 20 21 31 25 21 43 29 30 22 4 11 33 37 33 27 29 0 35 24 23 37 13 15 49 21 15 28 29 14 45 35 13 26 13 40 26 31 16 13 37 29 13 0 27 24 20 41 33 36 24 10 37 20 17 6 28 16 47 26 35 14 31 20 14 40 25 37 24 44 38 16 37 23 19
0 10 37 37 4 31 34 24 28 40 40 32 21 44 38 43 3 30 17 28 3 15 52 22 47 31 35 27 49 26 4 35 32 25 5 44 14 32 47 41 47 11 34 32 0 42 35 26 31 23 40 44 27 37 26 23 44 37 35 42 36 40 28 37 43 17 21 25 22 33 13 16 18 27 29 17 18 33 46 17 35 33 37 41 29 24 12 18 24 13 33 38 28 22 36 30 3 16 43 10 13
0 42 32 46 15 48 22 21 16 28 34 40 21 31 21 33 32 42 7 8 7 21 26 14 31 6 18 30 9 33 23 12 23 6 27 24 34 25 17 20 8 9 12 44 25 0 37 30 33 21 17 25 31 17 29 27 19 5 22 18 45 42 10 11 39 32 13 17 37 35 31 15 31 24 27 19 26 23 25 32 31 15 28 29 15 13 13 21 23 39 45 21 23 30 22 19 9 16 18 28 24
0 23 3 33 28 13 26 10 27 31 30 37 39 23 12 8 29 22 23 12 10 33 38 29 6 23 13 13 27 3 21 38 45 46 29 23 12 6 9 29 24 31 32 19 22 42 0 14 29 23 28 11 31 23 14 24 41 18 33 6 28 8 21 13 26 28 14 22 14 25 34 27 13 26 25 12 39 20 37 29 14 26 20 45 48 46 24 33 12 30 14 30 9 17 31 16 10 17 30 36 7
0 23 24 7 36 15 38 17 22 27 52 39 35 29 19 14 23 26 34 8 40 19 28 29 30 27 24 52 21 27 35 28 25 39 25 30 34 31 27 29 25 26 3 19 27 31 34 0 5 21 30 26 12 23 36 20 30 43 0 19 18 39 13 32 42 24 35 23 10 45 52 40 9 12 44 21 21 46 30 18 24 35 7 23 25 31 29 23 43 37 8 39 29 20 13 26 24 36 33 32 18
0 33 16 6 41 8 49 24 18 29 51 36 12 30 22 13 35 22 13 38 14 44 32 26 19 20 3 24 21 29 10 45 27 36 25 42 23 46 19 4 1 32 33 34 51 22 38 35 0 31 26 31 34 14 24 47 15 15 33 24 24 30 42 17 21 47 39 30 39 8 4 19 15 44 24 36 13 24 26 28 52 17 32 15 18 39 36 21 32 28 3 16 24 25 23 13 16 3 38 16 13
0 43 16 36 27 15 22 13 49 10 24 14 30 33 17 25 48 0 35 19 20 23 31 5 46 18 19 30 40 41 35 5 27 16 41 19 25 20 18 38 24 29 38 16 7 38 34 34 39 0 31 19 33 22 44 21 46 35 33 0 16 22 24 10 28 33 51 8 30 30 34 12 47 13 37 8 38 22 17 26 20 15 18 28 34 11 13 24 14 40 30 39 20 16 30 21 20 45 26 46 18
0 26 39 20 25 19 27 19 17 27 23 13 28 51 31 14 42 43 16 36 46 26 18 14 1 30 42 33 29 34 33 29 50 23 39 36 16 26 6 30 22 46 47 37 13 29 23 42 26 27 0 7 10 22 24 29 22 9 30 32 24 32 21 36 5 32 19 31 23 25 8 34 35 27 17 23 32 51 23 21 42 27 10 37 17 32 42 38 28 43 39 30 20 42 30 27 17 37 6 41 6
0 7 29 17 50 13 26 19 21 31 47 17 28 19 34 19 8 25 14 43 30 16 41 38 20 48 26 36 39 21 5 16 24 14 37 43 44 28 30 36 46 4 5 11 52 27 11 4 21 24 11 0 19 12 11 28 13 12 38 48 39 39 18 29 19 32 3 12 46 32 45 33 18 21 36 7 38 39 19 4 17 41 41 8 35 27 27 14 39 18 28 24 43 25 31 16 30 10 12 52 30
0 16 26 28 13 25 39 30 33 32 38 51 31 12 24 28 13 12 33 24 34 35 27 30 13 15 19 41 8 38 14 21 23 31 22 7 14 15 41 21 1 36 41 40 43 34 24 13 29 46 26 37 0 27 21 21 16 3 46 7 34 45 22 36 15 35 37 41 15 28 42 24 28 20 28 26 24 6 24 26 21 31 32 27 35 16 39 26 15 30 19 38 13 8 37 27 27 28 35 38 31
0 51 16 40 6 10 10 25 31 46 48 10 18 36 38 40 51 32 25 34 15 21 10 37 7 18 22 19 22 23 19 21 49 15 17 35 33 23 26 35 15 44 28 25 31 38 29 49 31 37 32 31 31 0 31 49 19 43 32 38 1 5 41 39 42 48 27 21 14 20 39 17 18 44 8 25 21 39 19 18 6 31 5 14 37 18 14 21 23 18 18 25 10 36 24 18 11 25 41 37 25
0 30 26 28 22 35 45 37 28 12 8 29 15 31 3 25 14 32 44 35 15 28 22 36 23 33 32 17 24 32 24 30 40 28 29 18 29 20 25 14 43 43 43 3 22 13 17 36 40 18 19 40 22 25 0 20 10 41 14 23 28 32 38 39 1 25 36 17 42 46 29 27 15 23 20 3 38 15 32 16 25 16 14 39 21 14 25 16 36 10 25 47 13 11 18 28 15 18 16 17 19
0 23 32 17 49 17 41 17 38 32 20 40 17 48 3 37 4 38 38 24 32 23 11 24 29 30 15 47 44 18 27 40 27 44 7 34 37 17 15 36 17 9 40 44 49 43 29 18 30 36 26 18 12 11 17 0 40 33 49 34 14 27 35 29 24 18 39 29 17 43 20 29 22 6 27 39 17 11 34 16 38 51 33 24 7 15 30 24 29 5 28 10 27 14 15 15 38 39 37 32 45
0 21 18 12 14 29 30 43 41 36 23 26 45 26 9 31 14 36 11 22 29 22 23 44 42 38 36 42 35 32 31 44 10 38 36 41 35 36 35 21 17 29 32 29 33 20 30 22 40 30 16 8 16 22 14 42 0 13 42 10 20 35 12 9 28 23 18 13 29 34 27 31 11 39 30 40 37 32 7 8 43 41 31 15 47 17 36 27 26 17 14 12 50 33 35 24 32 34 49 4 20
0 42 25 33 41 6 26 40 30 19 21 27 31 21 26 26 33 47 20 19 26 27 29 24 23 24 13 21 24 15 37 28 26 30 3 13 30 31 29 25 46 17 27 36 21 39 30 19 35 6 41 17 37 42 5 23 9 0 31 15 38 22 14 17 13 32 8 40 0 33 43 33 32 34 23 30 24 5 25 10 5 19 12 31 44 7 19 16 31 24 30 44 49 7 27 33 32 15 21 17 11
0 20 21 24 15 11 44 22 14 11 28 15 48 41 25 14 27 37 21 40 23 4 21 23 4 22 28 28 39 13 24 32 14 34 24 27 30 38 25 10 22 22 38 32 44 49 42 31 27 9 27 27 16 18 35 28 12 31 0 37 37 46 9 33 33 14 16 41 38 19 43 36 46 13 34 46 29 34 2 26 2 9 10 22 9 29 39 31 26 37 40 18 11 6 28 15 28 19 8 3 29
0 31 3 34 35 29 13 45 38 22 20 44 6 25 45 16 18 35 25 28 34 32 20 34 22 27 17 23 16 20 33 41 28 34 13 36 7 14 15 15 16 34 35 27 24 50 9 27 12 12 20 22 32 43 30 38 30 34 24 0 4 34 15 5 24 14 6 33 25 26 32 32 30 38 30 39 17 14 12 39 39 43 30 19 27 21 37 38 38 26 23 22 16 36 34 30 28 12 41 24 34
0 30 24 30 37 47 21 15 16 33 33 42 36 7 22 21 14 31 16 14 21 33 20 8 20 19 28 28 29 16 7 32 40 10 12 24 16 37 17 38 25 43 33 23 43 14 37 30 22 39 16 30 22 39 15 26 46 18 27 28 0 39 31 20 44 19 27 45 22 44 31 38 5 30 2 39 42 18 12 47 27 5 11 20 23 21 1 15 24 37 25 24 7 14 26 32 49 10 32 20 35
0 14 22 18 16 39 32 49 23 18 32 19 4 20 34 16 51 36 39 22 47 33 41 3 30 17 28 41 15 25 15 43 24 35 43 43 29 21 49 31 30 22 27 48 24 37 20 36 25 30 24 44 22 19 42 35 11 44 24 33 26 0 22 26 13 40 17 24 46 26 19 5 25 51 37 41 28 42 20 29 7 10 10 43 4 28 39 31 12 31 24 18 39 51 27 19 30 27 38 31 9
0 28 37 21 28 31 6 22 17 15 37 17 22 26 35 16 30 34 28 25 13 25 22 35 34 25 6 37 27 17 29 23 37 27 22 8 20 28 24 11 37 26 14 40 20 21 47 22 26 24 28 24 27 31 25 35 30 17 23 6 28 12 0 19 40 29 21 24 40 32 38 38 41 39 51 14 21 15 8 24 27 11 19 24 28 31 19 32 7 29 10 21 9 21 26 25 36 23 28 32 19
0 47 25 25 12 17 22 21 25 31 23 44 40 48 14 29 21 34 16 21 23 40 22 21 38 13 22 44 29 32 20 40 22 43 37 5 40 50 31 39 24 35 42 18 29 45 23 24 22 25 29 14 16 19 37 17 21 26 23 22 30 17 29 0 20 36 4 10 46 14 27 27 35 7 23 44 27 17 29 27 25 16 31 15 21 34 34 34 21 19 18 13 7 2 23 39 49 29 31 27 42
0 47 17 25 6 6 41 23 39 39 18 28 25 47 43 43 32 24 27 33 33 18 28 49 16 24 18 24 15 33 16 24 49 29 24 1 23 16 19 8 34 34 15 5 23 14 25 9 12 24 36 8 3 27 16 29 14 43 37 4 44 5 32 24 0 36 30 19 30 31 20 23 46 35 39 8 16 29 22 46 31 40 30 30 20 26 43 21 4 9 42 10 50 26 35 12 1 32 25 25 17
0 12 25 24 24 43 20 25 43 22 21 11 25 13 9 45 14 34 16 34 20 51 19 14 2 33 30 3 22 32 30 41 11 29 24 39 24 29 7 45 13 28 34 38 27 41 21 21 26 29 26 19 21 12 20 32 19 18 28 7 18 36 9 33 12 0 22 24 24 5 23 37 37 23 44 22 25 7 11 12 33 28 24 15 27 24 46 35 30 23 26 16 29 15 33 16 44 30 18 24 12
0 30 35 35 44 44 17 21 13 25 28 19 29 14 39 24 13 40 40 25 27 15 26 20 36 2 26 27 50 40 10 19 26 28 26 23 42 36 44 12 9 12 15 10 5 39 18 21 14 37 30 4 52 27 18 7 26 46 26 22 39 26 44 17 4 18 0 8 17 34 21 45 23 37 17 23 30 51 41 42 20 2 34 30 29 15 26 28 11 24 25 13 7 27 32 27 23 28 36 23 18
0 19 9 41 32 34 16 37 2 21 33 25 16 33 22 32 6 15 23 14 10 29 10 24 39 33 23 37 34 31 26 32 15 38 39 24 7 25 28 15 16 19 6 19 27 44 12 21 28 34 3 20 35 11 18 25 8 20 25 38 20 32 4 23 13 24 40 0 1 11 47 19 14 44 17 20 29 30 5 27 47 39 30 22 33 26 30 14 16 18 23 29 43 15 29 29 24 16 29 25 29
0 42 14 30 30 36 21 25 30 13 22 30 19 41 33 16 42 14 30 27 42 7 35 11 31 29 33 37 33 7 21 33 26 10 13 26 33 34 47 31 9 1 35 42 26 17 31 32 34 25 20 35 42 9 38 15 43 29 28 10 16 21 2 16 31 13 5 15 0 37 45 23 28 44 44 26 45 32 37 41 29 34 33 28 7 20 35 33 1 26 30 24 23 40 15 27 28 27 13 30 47
0 25 30 8 23 27 1 14 22 32 25 34 16 28 43 27 9 35 13 35 34 28 22 13 26 20 25 33 11 27 22 39 13 37 18 38 16 28 28 17 18 33 1 29 29 27 5 9 24 28 36 42 22 33 15 9 45 29 15 39 16 36 28 13 19 29 9 30 16 0 3 42 42 14 31 22 40 31 13 40 35 21 25 21 21 37 21 23 28 39 13 25 14 38 34 15 39 39 21 49 19
0 15 39 17 31 43 35 26 38 27 28 21 27 21 21 29 24 48 24 21 12 37 38 28 10 29 20 40 42 26 13 38 52 22 13 9 43 18 4 22 43 24 20 26 40 30 26 23 14 23 39 30 44 32 31 26 23 8 20 28 23 13 5 35 38 21 20 10 20 24 0 42 24 24 23 29 35 9 44 40 14 11 23 27 9 27 34 7 24 10 20 50 35 30 33 31 42 21 17 4 31
0 37 26 29 20 23 32 29 31 9 4 38 15 13 8 35 18 15 7 28 22 32 23 34 38 29 30 31 17 24 31 44 7 14 31 15 32 34 7 23 21 15 25 16 35 13 43 32 34 16 29 28 46 34 20 50 25 5 7 26 42 34 38 37 31 15 29 26 24 39 32 0 27 2 38 34 25 10 8 12 44 29 46 22 2 51 16 17 15 51 29 33 30 34 28 39 47 51 32 40 20
0 21 36 27 17 24 30 29 40 28 26 43 22 8 9 32 9 18 46 44 13 25 37 21 9 29 6 33 12 6 25 32 41 1 26 13 50 29 25 29 26 28 24 29 28 25 11 18 37 21 46 30 20 26 22 2 33 24 25 30 20 26 21 6 27 36 25 21 26 20 37 36 0 42 37 34 24 24 27 16 31 32 17 38 29 32 38 36 7 29 50 28 31 22 20 13 27 40 34 9 6
0 35 30 21 29 29 21 10 25 20 20 18 28 24 14 36 24 44 37 20 31 40 9 13 42 20 30 22 9 23 28 30 36 28 34 22 44 34 12 14 29 17 8 15 34 14 7 3 30 39 23 24 25 6 46 46 23 25 12 9 12 8 9 28 14 29 32 25 39 38 35 26 29 0 25 50 23 30 19 28 28 28 23 20 14 35 44 28 8 39 48 13 12 39 42 21 23 38 33 29 13
0 31 33 9 14 18 20 37 30 11 15 32 37 28 43 27 22 14 16 28 17 36 38 40 24 35 20 22 22 51 14 27 41 24 23 39 18 33 17 15 34 27 18 32 28 21 12 7 23 16 22 18 25 37 23 42 44 20 20 32 19 42 24 19 12 29 38 51 20 31 30 29 36 44 0 14 37 29 25 28 20 13 25 17 28 21 15 23 16 19 35 24 26 35 24 19 8 45 13 28 29
0 39 36 16 31 26 32 52 20 2 29 12 37 22 20 21 35 21 46 24 42 52 43 28 17 28 14 21 8 35 19 14 17 23 14 41 30 24 22 38 24 46 45 10 28 23 40 40 41 26 17 48 32 19 17 5 47 28 17 14 8 40 13 43 13 31 27 7 27 36 28 28 28 46 16 0 18 33 19 25 11 10 27 39 51 48 36 47 13 24 11 45 10 34 36 42 39 29 25 13 44
0 23 34 18 16 18 35 16 16 24 18 23 26 15 29 21 23 2 9 25 27 18 34 33 19 29 32 44 18 14 26 33 28 18 4 23 26 25 28 20 21 50 22 30 19 20 38 28 34 23 12 24 8 34 37 34 9 21 47 46 16 29 37 40 22 30 21 33 51 16 5 12 32 6 33 31 0 33 9 13 30 13 27 39 22 40 16 10 32 40 31 48 18 3 16 13 37 31 31 19 29
0 38 34 33 26 29 46 35 23 50 26 24 28 39 45 31 31 16 14 23 35 21 33 31 5 38 33 29 13 24 21 23 28 17 19 40 17 17 40 26 40 18 26 25 5 26 36 29 41 40 29 41 50 36 21 36 33 24 48 23 37 22 9 28 18 17 38 3 17 1 28 32 26 30 22 17 0 0 28 23 30 2 21 17 32 35 42 39 20 11 37 26 27 37 20 44 23 23 19 25 15
0 22 21 24 30 42 23 31 31 40 13 11 21 22 33 30 29 24 27 7 9 33 29 13 26 25 32 31 37 19 11 42 21 32 17 21 30 1 18 27 42 39 17 37 45 25 34 47 36 35 14 35 12 13 29 22 22 26 39 19 9 28 20 29 28 33 32 32 27 30 26 27 17 33 33 17 26 30 0 24 36 10 9 10 30 24 16 45 32 22 15 28 21 12 19 50 23 40 18 26 10
0 35 9 32 44 7 7 46 18 18 36 18 20 19 37 22 41 45 31 18 40 28 26 51 27 29 27 33 33 33 13 24 40 51 24 17 20 20 39 24 29 33 23 47 15 3 41 24 7 7 22 20 23 26 34 42 22 37 26 45 20 22 26 18 43 2 29 25 27 2 14 33 19 17 14 9 21 29 41 0 24 12 14 21 14 26 4 17 44 18 28 34 18 34 19 24 23 12 28 38 9
0 28 29 28 25 19 25 32 28 42 29 12 22 36 42 36 18 10 23 43 19 37 8 10 32 17 27 4 37 17 27 26 12 28 42 20 43 6 19 34 10 42 31 20 31 17 35 10 14 45 36 19 31 14 37 20 27 38 39 39 20 39 19 34 33 28 12 32 14 21 11 15 44 34 26 23 39 11 3 25 0 14 28 28 46 14 18 51 7 21 48 11 22 5 29 30 43 36 31 35 13
0 28 21 19 14 26 21 40 29 22 19 29 40 22 12 15 28 31 39 32 22 26 18 23 34 25 17 41 14 50 21 32 16 21 21 7 10 22 38 51 26 24 17 31 32 11 13 20 45 31 29 50 23 29 47 47 45 28 10 27 6 4 31 31 21 37 24 24 18 8 50 43 38 33 38 8 22 25 13 47 19 0 51 52 34 30 10 25 15 31 8 38 19 24 38 15 23 17 25 31 26
0 20 21 1 27 21 40 42 20 27 34 27 26 23 19 33 26 30 29 29 17 15 17 28 22 27 31 34 17 40 43 37 32 18 49 30 26 19 22 25 18 22 3 15 22 20 47 50 3 17 49 17 44 13 37 17 30 27 9 16 36 34 29 51 2 18 18 33 32 33 34 49 32 11 6 30 22 38 48 28 18 22 0 31 28 29 34 35 20 9 6 26 22 25 42 19 20 29 25 43 10
0 45 22 46 32 40 29 9 11 6 33 10 18 4 21 41 28 49 36 31 12 21 34 39 21 23 34 35 21 46 31 36 34 7 1 5 32 40 29 18 33 18 36 20 37 11 17 8 12 5 31 10 33 17 27 33 10 30 25 32 35 21 25 32 45 7 33 19 19 26 34 25 25 24 23 37 45 9 4 19 17 24 34 0 18 17 34 8 21 19 19 22 40 19 13 38 36 37 23 28 33
0 11 26 10 31 17 45 11 20 32 44 32 17 4 12 15 28 27 30 30 31 16 32 8 26 14 36 33 13 14 17 7 32 17 28 35 31 23 38 17 12 27 15 36 30 32 29 16 24 25 26 17 23 18 10 35 36 19 24 8 38 22 33 2 44 41 32 3 33 35 22 25 40 29 32 20 19 10 26 28 13 28 24 7 0 22 39 20 16 34 43 22 34 23 26 23 30 28 25 38 11
0 32 18 10 19 33 26 15 28 13 22 29 16 30 40 27 42 22 42 23 22 22 23 38 18 28 11 24 21 23 30 7 32 5 23 28 33 45 24 22 20 41 29 15 23 39 18 49 18 35 47 19 19 17 51 27 21 9 31 45 19 35 28 42 27 49 44 22 22 39 16 16 22 29 30 29 50 30 31 35 20 25 23 42 40 0 16 24 14 6 45 13 12 21 32 16 37 12 48 24 29
0 35 17 41 34 34 43 29 29 35 31 44 27 32 16 17 18 30 36 27 29 4 42 35 50 25 31 22 36 14 7 26 30 42 28 33 50 14 48 19 9 25 10 20 32 11 5 20 12 38 30 43 25 11 17 10 23 28 20 41 8 18 36 26 28 14 34 48 26 22 40 1 33 22 21 31 18 44 44 30 32 30 28 21 18 28 0 51 40 43 29 16 9 43 27 35 7 32 29 14 30
0 20 15 38 9 13 13 16 43 39 23 36 11 14 40 30 39 40 33 33 28 3 26 23 24 44 37 32 44 17 30 25 14 23 42 13 29 18 25 18 15 24 22 5 32 19 49 17 34 22 4 30 35 36 21 30 17 18 46 20 27 26 15 8 24 0 21 11 9 25 13 36 42 24 28 18 41 32 22 13 48 15 29 30 11 23 25 0 16 23 41 3 9 11 2 26 38 39 20 16 32
0 43 51 13 33 37 6 20 17 21 6 45 22 24 29 6 45 38 29 35 18 30 27 28 16 43 24 27 22 25 29 19 45 40 21 30 6 30 17 13 32 30 20 24 34 34 29 33 21 25 44 18 17 7 7 24 36 1 32 22 16 37 34 15 31 26 36 22 15 39 22 1 37 27 31 15 33 36 10 18 37 38 4 24 5 14 25 23 0 16 21 30 23 29 23 28 29 11 25 25 26
0 27 17 9 10 16 16 33 28 41 10 35 42 10 9 35 15 29 33 20 32 33 36 26 18 42 30 41 11 17 22 43 20 24 9 22 33 20 20 22 21 14 31 42 29 20 12 7 40 42 25 27 9 20 27 35 31 40 13 15 22 31 37 28 28 17 26 14 9 14 16 27 27 41 16 37 22 2 20 23 23 19 24 44 51 26 38 31 20 0 27 12 39 21 44 25 33 31 24 19 15
0 24 32 49 44 31 7 22 4 36 28 22 0 34 42 19 35 30 16 31 24 25 4 18 17 28 20 18 12 28 46 46 8 14 20 42 33 45 17 41 7 30 42 23 47 33 25 26 26 39 39 12 30 14 34 35 34 19 26 10 16 40 7 30 18 22 22 15 19 29 21 22 9 18 15 29 30 28 23 31 39 25 46 9 15 24 26 45 23 14 0 21 35 8 32 14 29 50 22 40 42
0 35 31 33 19 32 19 11 33 48 27 22 24 17 25 24 32 20 21 6 13 29 6 33 23 13 25 36 35 8 33 19 29 32 27 21 49 26 29 33 40 20 35 38 30 24 19 12 40 42 34 26 35 27 7 34 39 8 28 39 46 22 35 22 19 11 33 15 16 47 22 17 33 9 19 44 17 25 43 18 16 37 21 16 21 24 43 8 35 47 19 0 20 27 23 9 4 31 46 13 17
0 29 17 8 18 33 34 36 47 32 45 2 30 24 40 43 22 21 38 27 50 36 6 28 11 43 31 16 23 5 37 18 37 28 13 35 32 39 33 41 30 40 42 22 11 52 15 12 20 49 25 52 31 5 33 6 7 34 22 28 43 30 43 26 33 18 29 52 33 43 8 45 36 38 26 7 33 16 26 9 4 36 26 38 8 27 2 37 33 13 33 21 0 34 24 44 29 11 38 32 27
0 10 11 31 12 39 28 20 20 36 20 28 24 11 17 48 26 22 2 15 1 21 13 25 18 49 12 33 31 33 28 26 24 23 27 27 16 31 23 31 26 49 36 21 20 38 17 24 46 11 13 17 16 20 18 2 22 35 45 21 39 6 34 2 36 42 5 19 40 22 24 32 34 20 44 32 7 22 47 10 13 1 21 26 13 33 21 13 23 3 23 28 27 0 7 41 33 36 16 32 45
0 42 15 14 38 48 29 26 15 16 7 23 3 20 24 23 24 43 35 20 29 8 41 10 42 15 9 8 22 35 9 27 16 33 6 25 31 13 3 30 25 11 22 28 39 15 37 33 10 18 22 7 24 33 24 15 37 19 18 18 30 1 37 32 26 44 23 44 15 18 30 17 40 25 28 40 5 13 46 10 30 8 30 24 4 19 10 36 14 43 30 34 22 19 0 42 17 7 32 29 19
0 27 36 42 7 32 21 18 29 43 34 9 39 11 17 27 28 1 33 28 19 0 39 29 34 18 36 2 31 39 12 21 27 27 14 36 39 10 25 44 22 21 18 41 36 17 33 15 43 41 22 7 35 27 4 30 7 15 42 40 6 5 35 10 21 25 29 21 26 17 16 47 10 31 26 41 41 29 45 26 23 23 33 35 23 27 47 10 23 4 21 30 28 31 32 0 14 34 43 28 13
0 29 22 21 40 40 11 18 44 15 33 9 36 40 32 16 23 38 31 42 35 32 37 31 17 17 34 32 12 9 30 23 22 28 28 20 16 35 21 7 28 13 7 35 11 26 9 15 26 24 0 39 7 24 36 27 17 46 32 11 43 28 37 44 29 26 36 26 32 24 30 32 46 40 50 24 6 18 25 4 29 36 18 13 29 30 39 31 16 48 26 28 24 45 30 19 0 12 37 27 35
0 27 5 25 27 16 18 39 32 30 51 10 35 20 26 37 33 21 45 43 24 30 27 34 22 28 33 13 16 36 33 19 47 24 23 17 4 2 27 31 22 29 9 10 20 24 32 29 21 34 28 48 31 24 44 12 16 51 20 18 43 17 22 30 41 31 28 36 31 41 25 32 28 9 13 4 20 42 12 46 26 37 14 7 37 42 30 39 17 26 29 32 29 22 17 37 23 0 32 19 28
0 42 34 24 16 19 41 16 25 33 45 16 5 9 14 26 5 19 46 16 26 9 45 20 30 41 40 45 49 9 35 28 42 26 25 28 50 8 21 30 43 23 26 14 42 30 30 13 24 16 28 18 27 11 40 36 32 34 46 18 23 9 18 25 4 13 44 17 47 33 34 18 22 33 17 44 1 17 26 29 21 36 25 17 28 50 20 29 49 21 24 12 22 45 7 50 23 29 0 14 32
0 28 2 14 24 36 24 28 48 6 22 25 51 33 23 29 39 43 8 36 36 14 15 34 15 43 16 27 36 22 26 27 5 5 39 17 21 17 36 42 13 41 21 31 27 3 33 15 8 23 36 21 27 24 46 18 15 25 31 44 9 21 14 33 11 19 9 30 23 35 36 12 21 34 40 24 36 35 13 34 36 21 36 18 25 20 29 16 29 33 26 13 44 27 28 30 38 42 26 0 30
0 9 14 48 50 25 28 36 45 28 40 39 23 24 9 41 35 17 46 23 41 31 9 31 30 6 22 34 43 11 21 27 39 16 16 13 11 3 44 17 16 27 22 17 23 18 6 37 23 33 34 44 40 12 12 31 23 29 19 21 31 25 26 26 36 20 7 15 42 14 30 22 13 32 50 25 42 24 15 4 32 18 35 21 32 26 30 34 21 18 32 48 45 29 9 50 38 30 19 16 0
