100 2
2 1447 10 4
3 2014 10 6
5 1918 7 8
5 856 9 6
1 2203 8 1
7 1181 5 7
5 2482 3 4
4 1164 5 3
11 1196 8 7
17 1409 9 8
23 1012 5 10
19 1984 3 7
28 2245 9 10
20 2328 6 7
12 1571 8 4
9 2290 8 3
28 1670 1 9
28 1387 10 9
28 2193 9 9
40 1095 4 10
32 2161 3 7
48 1167 10 10
44 995 7 9
49 2099 4 10
30 1392 9 6
48 969 7 9
55 1403 3 10
50 1419 2 9
56 1363 7 10
35 836 2 6
42 881 7 7
61 1415 6 10
37 1601 3 6
51 849 5 8
13 2489 5 2
20 1468 10 3
70 2232 9 10
76 1003 9 10
61 1926 6 8
47 2445 6 6
79 852 7 10
40 1798 10 5
82 2149 8 10
83 1598 7 10
26 2248 5 3
82 2485 7 9
75 1362 5 8
90 1490 8 9
91 1654 8 9
52 2043 3 5
99 1806 1 9
80 1189 3 7
24 2408 5 2
84 1667 9 7
48 1643 6 4
87 1377 3 7
26 1728 6 2
92 2065 10 7
27 2318 6 2
70 1795 4 5
85 893 3 6
87 2104 2 6
74 1536 10 5
75 1214 5 5
30 1804 8 2
91 1004 6 6
94 2021 7 6
95 1020 6 6
96 1455 4 6
97 2166 4 6
51 948 3 3
51 1411 10 3
54 1154 4 3
75 1100 3 4
39 1272 9 2
99 2135 10 5
41 1792 1 2
63 1807 3 3
85 1729 7 4
89 2188 9 4
90 1198 7 4
79 1400 10 3
88 2407 3 3
91 1653 1 3
63 1054 8 2
32 2226 8 1
97 1758 5 3
65 1620 5 2
84 1390 8 2
86 1351 10 2
44 1809 9 1
89 1242 10 2
48 1509 3 1
98 1059 10 2
50 2160 7 1
69 2120 10 1
74 1452 5 1
76 1119 5 1
85 1846 7 1
100 2117 8 1
SETUP
0 21 29 32 49 5 33 33 16 36 42 31 4 28 20 35 43 55 2 32 29 47 32 15 9 20 24 40 23 8 47 34 4 48 36 33 30 34 21 41 32 25 29 3 38 29 49 22 16 23 31 42 9 26 48 40 15 35 19 51 45 29 38 9 37 20 27 31 18 20 38 20 31 30 24 36 28 48 39 22 17 4 11 15 16 26 32 33 48 30 28 52 18 30 40 21 34 53 31 38 27
0 0 37 16 55 51 30 32 17 23 6 26 8 51 7 26 25 7 25 23 16 27 33 28 28 19 44 27 3 41 21 17 11 22 31 23 43 18 42 45 25 17 16 20 22 31 22 6 25 23 31 23 37 19 32 43 17 13 42 3 22 24 16 23 30 23 44 36 33 37 33 23 30 22 22 17 34 29 12 11 7 17 30 33 14 17 20 37 22 39 29 35 29 20 29 37 31 23 1 50 35
0 22 0 53 29 28 20 26 33 21 33 44 4 16 32 38 28 47 21 21 36 5 52 52 12 50 46 42 29 27 0 14 31 32 32 3 48 14 22 37 23 14 36 14 30 17 16 29 30 22 46 46 28 25 22 53 4 27 34 46 14 51 22 33 29 18 27 22 26 39 26 40 15 8 27 39 35 16 12 50 37 34 27 23 23 42 42 32 36 11 43 38 42 22 23 16 42 24 18 39 15
0 33 45 0 26 29 16 13 25 52 32 25 40 27 23 8 22 11 27 21 16 41 17 38 44 26 39 45 24 16 15 30 2 21 38 47 37 1 9 28 2 2 22 15 34 32 30 27 29 26 20 14 44 35 33 55 12 54 17 8 26 10 36 28 30 33 19 13 31 41 26 38 49 22 28 18 20 20 16 34 53 36 35 25 24 41 18 18 31 32 42 11 9 33 20 25 39 24 6 32 18
0 44 31 25 0 36 28 9 40 40 32 15 23 42 51 27 39 32 6 37 13 39 45 10 55 9 15 39 31 35 40 32 35 28 4 24 30 24 34 27 30 38 25 30 46 41 35 19 25 26 39 10 17 36 20 25 42 15 30 35 24 26 43 33 38 12 26 29 35 5 13 29 28 39 19 21 9 25 2 29 2 31 53 21 26 40 34 22 30 49 22 43 19 27 44 19 49 45 13 31 47
0 17 44 38 43 0 41 28 17 44 21 12 44 33 22 30 12 14 23 19 51 7 6 46 32 0 34 17 49 14 44 44 41 19 4 12 21 36 17 36 37 36 23 28 44 48 52 7 15 23 38 43 27 7 31 9 37 13 27 42 6 40 40 28 21 18 12 55 22 21 13 15 26 32 26 34 22 28 31 14 32 29 41 1 24 27 32 47 5 9 25 26 30 38 31 8 39 20 25 26 52
0 8 53 37 18 22 0 32 20 42 21 31 24 11 35 12 22 34 48 44 11 27 27 19 37 41 29 27 34 27 30 28 20 22 27 39 12 50 32 22 27 22 25 42 46 38 30 18 26 43 28 37 38 20 48 7 19 16 17 21 29 22 50 25 26 36 9 36 34 37 43 52 18 44 26 25 31 37 31 28 9 14 5 28 22 31 47 27 43 14 52 18 31 1 50 34 34 6 44 3 23
0 26 19 24 35 24 17 0 6 24 39 27 30 38 27 44 51 14 3 3 27 30 33 36 41 36 21 34 52 26 24 28 47 35 41 36 35 36 30 32 7 19 46 13 21 11 4 45 34 4 44 7 11 20 29 31 27 33 16 44 24 20 41 17 42 41 33 12 45 44 36 16 15 7 33 10 8 1 41 35 29 25 42 48 27 19 29 17 43 13 25 47 14 25 20 9 39 39 26 41 14
0 38 42 21 38 48 36 8 0 49 26 26 34 13 49 21 22 12 28 39 18 13 40 25 46 29 30 16 31 17 15 28 47 29 14 8 41 6 8 8 30 17 28 26 32 25 40 17 36 37 42 24 18 51 36 23 20 15 18 35 42 32 51 47 51 49 39 17 26 9 38 9 11 43 47 24 33 46 15 15 24 18 7 11 21 15 4 25 28 22 24 24 8 22 28 21 33 46 44 32 16
0 44 16 25 25 31 19 46 19 0 15 1 33 40 18 14 55 34 23 29 51 16 34 39 43 17 29 31 28 36 35 45 42 42 15 35 17 43 24 33 42 43 29 34 27 26 39 41 22 39 20 20 30 17 22 32 25 20 40 28 28 41 7 16 13 5 25 20 27 17 43 22 50 8 36 22 33 29 28 31 55 36 45 48 23 19 18 47 45 20 40 25 14 35 37 24 26 49 25 19 19
0 32 33 26 23 40 25 16 30 36 0 21 45 24 21 31 37 33 36 28 29 21 29 25 21 45 39 23 1 7 34 39 26 50 42 27 10 25 14 21 36 25 19 48 22 19 20 52 32 28 43 39 31 25 51 37 25 43 22 24 25 22 21 22 40 32 25 2 0 36 3 37 3 29 46 32 22 41 13 37 40 17 24 37 33 26 33 25 18 14 32 48 14 42 4 2 49 28 20 36 31
0 17 5 34 32 25 50 11 35 34 9 0 22 21 11 23 17 31 23 43 52 34 31 20 20 40 27 15 30 10 39 40 19 3 16 36 49 43 18 44 30 46 34 13 28 34 11 24 20 17 35 18 37 6 19 43 25 16 9 28 27 34 21 18 33 43 14 28 30 18 32 33 30 37 32 28 13 13 23 20 22 19 27 32 29 21 33 21 40 40 47 33 16 20 37 26 24 25 35 27 42
0 37 16 34 14 20 16 41 44 21 14 9 0 36 47 38 33 23 39 54 30 31 18 48 47 28 51 33 26 42 13 8 43 46 20 14 20 26 43 36 15 19 36 16 19 51 39 22 31 19 30 23 25 29 51 9 37 37 25 42 19 39 1 16 9 47 5 12 37 24 33 34 15 14 14 7 21 24 26 31 33 2 30 20 6 17 14 25 29 0 11 35 36 28 32 3 40 23 8 28 17
0 16 30 33 17 35 33 26 24 48 48 39 42 0 25 34 40 14 14 42 35 33 18 25 31 19 26 21 5 27 17 31 46 11 20 34 18 40 39 20 26 37 49 30 21 6 27 13 27 41 39 46 39 22 42 29 13 20 42 20 28 4 29 39 46 46 25 25 15 24 14 20 28 24 27 21 19 6 26 20 1 28 40 27 6 24 24 25 30 3 10 44 51 33 21 44 16 33 4 44 34
0 30 11 26 35 13 45 39 29 34 31 27 38 24 0 45 32 27 18 21 41 35 11 21 11 47 19 24 31 40 37 25 19 5 42 15 26 29 24 28 27 4 29 32 39 23 37 25 31 32 13 38 24 32 2 50 9 21 39 15 6 19 19 15 39 19 37 12 16 29 38 38 34 29 20 49 22 21 46 21 50 23 6 31 51 15 38 35 45 28 28 2 34 36 3 11 34 38 33 19 22
0 32 31 31 15 25 18 10 41 27 15 22 10 31 32 0 8 29 17 25 39 33 19 10 39 28 31 35 10 27 30 18 46 33 45 12 39 26 17 24 22 17 27 22 44 33 30 19 23 15 25 15 16 39 24 18 42 38 33 29 18 27 22 46 20 45 23 26 23 16 4 8 32 3 27 18 30 41 23 38 33 42 48 34 43 37 13 24 44 24 15 19 42 22 30 34 36 2 47 16 35
0 21 11 20 40 35 44 36 27 19 27 11 26 41 32 29 0 20 17 34 20 47 27 39 30 15 46 36 18 16 22 29 4 39 20 21 21 17 12 14 16 28 31 37 11 15 30 47 31 22 8 28 43 15 45 33 30 15 19 29 19 24 36 14 53 39 10 31 28 13 50 12 32 35 20 8 42 14 32 50 40 15 18 10 34 31 40 29 25 12 23 19 25 23 43 52 9 37 29 26 24
0 31 34 29 35 30 41 24 41 18 23 43 13 22 9 29 31 0 15 20 25 37 28 13 43 51 3 41 19 21 15 45 15 33 33 18 31 9 40 45 8 23 34 51 29 25 44 25 18 46 33 27 41 51 23 38 9 24 16 32 20 36 55 28 22 51 40 23 40 39 16 22 6 33 52 25 41 29 48 47 15 20 40 25 24 31 11 6 25 35 14 0 24 35 26 29 26 44 36 45 18
0 18 19 21 9 41 20 14 22 37 33 25 19 1 41 28 40 25 0 25 29 26 18 39 17 14 23 52 35 37 14 32 29 27 2 37 50 45 36 31 37 19 21 53 29 24 20 23 13 18 25 46 27 2 14 18 5 16 33 23 7 15 21 20 18 18 22 23 52 54 17 29 41 30 49 19 42 35 13 24 13 16 25 29 10 37 18 44 28 21 21 20 25 41 34 20 34 8 10 25 10
0 10 17 39 21 30 47 12 21 54 24 21 41 29 39 52 27 10 29 0 52 19 25 24 19 14 36 35 8 23 25 17 26 23 44 7 41 26 26 25 48 5 22 23 1 23 52 21 47 17 24 36 26 16 32 29 50 4 18 19 25 36 46 23 33 20 35 44 31 19 27 4 29 30 27 30 7 31 37 34 9 28 28 42 49 26 18 20 23 36 28 31 38 22 45 23 32 42 43 15 35
0 18 16 27 22 53 45 24 25 33 38 16 48 43 9 37 40 49 30 35 0 38 44 12 2 24 22 44 31 23 43 36 31 27 20 28 25 17 14 46 15 17 34 36 32 45 23 34 21 22 42 15 12 53 39 35 19 45 3 5 42 42 32 36 47 22 22 43 36 30 12 40 22 18 48 30 9 24 15 24 35 15 18 18 36 9 13 24 29 17 13 19 52 6 27 50 20 50 34 48 22
0 21 41 13 14 27 22 22 33 11 15 7 49 33 26 43 2 14 30 10 44 0 31 45 17 41 37 10 11 2 31 40 27 15 31 24 9 10 19 22 13 6 42 9 19 14 44 43 21 39 43 43 29 49 8 37 23 31 25 16 38 23 40 32 44 27 27 33 26 37 6 28 51 9 35 29 37 19 37 36 32 16 45 23 40 23 32 34 36 29 28 22 17 41 16 38 11 23 19 23 39
0 35 24 13 11 25 33 46 47 26 34 26 18 24 30 27 19 10 21 25 41 30 0 11 12 5 29 5 42 18 18 21 45 22 36 50 34 13 51 17 13 31 24 55 36 28 21 9 20 42 34 47 24 23 41 10 23 42 20 22 32 30 48 26 34 10 20 38 31 51 14 31 2 20 25 51 16 23 47 38 20 20 2 46 29 40 31 46 23 25 41 30 46 49 9 44 33 23 21 36 32
0 28 27 38 38 42 47 30 29 38 40 37 30 47 22 30 41 25 36 28 8 11 15 0 29 13 24 55 30 38 30 32 49 11 26 8 34 37 19 25 19 21 52 9 19 26 23 7 28 18 28 41 42 14 23 24 4 19 18 46 17 26 22 21 20 55 24 31 38 6 5 32 23 16 31 42 20 17 18 46 32 23 35 28 24 9 46 36 37 36 15 11 6 33 50 23 22 19 17 25 18
0 45 39 20 29 30 28 25 36 25 38 26 25 25 7 45 5 19 26 9 3 15 41 19 0 14 32 41 12 1 32 22 19 18 30 27 31 44 21 26 46 21 8 15 40 12 25 28 16 14 16 45 43 23 37 7 40 25 40 15 2 44 53 33 12 36 22 24 30 33 45 30 18 17 7 1 21 29 17 17 45 24 25 24 11 18 48 41 14 22 31 10 20 36 36 48 54 41 29 19 34
0 20 28 47 39 33 26 48 36 35 13 29 26 4 35 28 54 30 43 0 54 13 41 50 29 0 12 26 13 29 32 27 7 20 23 38 38 27 21 18 40 41 21 32 9 44 34 55 20 37 11 2 17 46 14 43 53 12 11 39 20 36 20 31 43 31 40 24 6 30 23 29 19 18 21 34 5 35 28 21 40 8 15 30 43 39 18 36 37 13 22 30 14 42 35 29 46 13 5 39 51
0 19 17 50 34 1 37 54 11 28 33 33 24 9 26 14 47 20 36 31 24 43 24 39 11 31 0 51 12 42 25 28 31 45 15 32 1 17 42 37 34 11 32 21 37 20 32 31 32 33 26 33 8 5 40 27 47 31 21 7 13 39 30 27 25 31 43 31 26 36 5 49 24 29 37 19 36 14 30 13 19 13 25 23 20 25 11 15 20 29 47 41 12 25 12 14 44 52 19 19 40
0 32 13 16 19 28 15 41 5 35 28 26 1 23 36 49 19 42 17 47 15 38 23 8 34 28 14 0 25 22 13 24 25 1 13 33 33 34 14 21 42 23 23 30 54 37 43 48 16 13 13 41 12 14 28 47 18 26 48 26 29 14 29 31 46 32 30 50 47 37 18 11 27 20 18 26 35 33 43 42 29 15 45 38 16 28 39 10 26 39 2 16 34 31 6 20 28 2 41 0 39
0 28 23 22 33 54 41 2 27 41 20 11 22 17 13 24 7 40 50 41 41 23 27 28 39 22 30 15 0 32 20 38 40 22 7 25 23 40 31 29 31 24 16 16 30 34 51 35 39 31 18 21 10 31 42 13 18 25 25 36 29 23 22 45 39 41 20 12 28 26 47 39 19 48 24 27 23 38 28 32 18 33 14 13 37 21 18 16 47 51 41 38 28 29 49 42 5 32 28 41 25
0 37 17 26 42 11 33 40 27 10 34 30 27 47 38 18 42 23 44 38 35 22 39 44 39 36 44 27 19 0 32 45 35 33 43 52 38 20 44 20 15 19 32 11 47 42 40 10 44 9 2 24 23 30 37 39 42 13 31 43 22 30 34 40 35 30 26 18 18 13 4 30 40 16 40 30 52 23 17 40 42 41 12 49 12 11 22 22 55 31 27 24 24 17 31 26 44 13 27 46 20
0 5 20 28 31 46 4 33 37 33 32 43 47 43 41 29 24 18 6 41 21 16 14 23 44 23 6 25 26 16 0 38 16 43 17 2 27 21 28 8 31 10 37 16 4 54 8 22 26 24 21 41 18 37 35 9 17 16 18 40 36 46 11 26 12 50 37 24 49 37 24 24 22 36 46 25 6 9 10 24 22 21 30 39 34 8 51 48 27 20 34 44 49 42 39 38 41 47 40 46 9
0 31 7 45 29 19 41 49 16 26 37 27 24 43 38 20 43 35 34 19 38 30 35 31 30 23 43 19 38 18 6 0 29 26 47 19 26 18 39 4 38 27 22 28 16 14 22 29 10 2 18 39 45 28 1 32 3 39 18 16 23 33 46 37 5 38 21 16 36 35 19 21 29 45 20 42 17 21 46 27 43 29 31 26 9 28 13 26 24 34 19 18 19 16 36 15 31 33 11 21 24
0 17 23 19 44 45 19 26 26 29 46 25 40 35 32 38 45 32 20 31 51 20 29 20 34 28 7 38 21 15 43 55 0 20 16 34 46 27 38 18 28 5 22 25 3 19 32 37 54 23 42 45 14 38 38 37 23 26 31 36 47 32 40 34 23 24 36 38 19 12 21 47 24 26 40 25 34 44 44 4 19 21 9 14 30 27 14 35 55 37 38 28 35 47 31 19 18 39 26 7 28
0 25 18 40 2 34 29 46 17 20 50 38 37 51 27 32 51 15 20 20 4 37 31 26 26 8 16 38 35 32 33 44 43 0 6 17 4 19 4 30 26 23 0 26 35 31 24 40 30 29 34 48 25 39 19 15 41 22 39 12 16 35 23 51 22 42 20 25 53 19 31 27 18 18 33 24 13 38 10 42 37 28 45 40 30 24 27 20 37 34 32 22 27 16 29 8 22 42 34 31 30
0 33 38 11 16 33 22 31 23 28 31 34 49 31 30 32 27 9 12 32 7 19 44 20 38 29 39 10 25 20 40 9 50 46 0 46 27 28 20 30 20 24 38 30 9 39 50 9 15 43 25 14 21 23 24 43 48 24 20 11 24 34 23 21 12 33 32 47 9 27 19 50 33 43 19 17 36 38 34 41 30 22 38 26 12 19 32 32 37 38 17 30 42 49 47 28 33 21 41 27 4
0 39 27 2 24 23 9 47 27 35 29 39 31 34 28 32 10 18 14 17 22 32 13 15 30 21 13 12 34 30 10 26 6 16 12 0 33 33 44 39 35 12 49 52 17 1 19 38 44 8 34 23 36 38 49 4 26 38 39 30 43 51 33 51 28 30 10 21 11 36 42 39 31 37 23 27 38 20 13 26 46 48 8 51 20 52 11 34 9 30 20 26 35 5 16 39 22 21 11 47 28
0 52 27 36 43 14 33 11 10 23 44 40 44 30 24 20 47 26 40 27 51 21 4 26 51 41 26 36 15 35 25 14 36 29 28 35 0 26 8 33 8 12 44 8 26 35 29 11 50 29 17 30 45 22 7 33 46 31 22 27 36 28 39 40 23 35 24 8 27 38 39 15 29 27 32 37 28 29 37 6 30 45 48 35 27 35 29 30 7 20 19 41 4 51 36 38 7 22 6 19 36
0 11 39 23 47 12 55 23 28 28 28 9 40 18 45 18 45 34 44 24 0 7 48 14 12 42 23 42 25 13 34 48 11 40 44 25 37 0 41 24 37 22 40 23 23 23 16 38 37 21 33 26 19 46 17 39 44 20 25 39 41 16 27 22 38 19 43 25 27 32 28 12 2 10 30 23 9 38 33 51 5 46 29 10 24 27 30 17 16 35 55 26 27 52 28 30 20 35 38 11 24
0 24 31 35 28 41 21 44 46 34 34 24 36 54 35 40 37 27 22 26 22 17 17 23 25 30 46 0 48 39 45 29 38 30 43 18 35 36 0 34 21 7 6 36 28 25 50 18 31 31 16 47 39 38 27 8 26 49 35 16 46 21 16 17 30 11 23 33 6 19 32 37 39 8 16 23 33 38 23 17 21 19 34 43 7 22 26 38 18 51 49 38 20 22 16 24 10 27 22 40 35
0 28 53 9 11 45 13 29 20 39 28 35 20 38 27 25 14 36 10 16 28 26 27 17 28 30 49 10 20 7 44 12 34 30 13 26 23 42 38 0 30 39 39 6 31 19 22 33 2 37 28 38 40 51 8 29 20 44 27 32 44 26 24 32 26 37 8 33 49 25 26 21 36 39 11 34 31 21 36 28 15 16 11 21 11 7 21 16 52 35 18 30 39 25 18 25 29 8 9 36 14
0 24 19 37 43 40 53 26 27 5 18 17 19 33 31 14 29 19 31 4 31 24 45 26 19 7 22 51 21 8 49 39 30 43 30 20 19 19 23 36 0 7 25 13 49 22 35 17 27 34 35 12 30 10 42 39 50 31 22 47 8 31 18 42 38 43 37 28 25 16 40 16 28 35 21 33 29 16 26 41 38 25 28 34 9 3 48 43 41 27 12 43 32 22 53 25 34 21 26 49 35
0 28 4 28 22 48 31 37 17 34 25 27 32 31 18 1 30 18 24 35 23 31 41 41 10 16 30 2 35 43 18 37 21 24 30 32 22 39 18 40 39 0 3 33 36 27 19 29 41 29 13 21 12 48 39 0 19 1 3 28 14 27 16 38 17 48 1 28 18 33 5 30 11 41 20 25 26 38 19 43 28 31 14 3 43 24 23 17 30 11 14 30 47 9 4 6 16 24 24 27 26
0 27 42 28 27 23 8 29 32 16 37 18 28 34 30 14 38 41 13 37 52 29 11 27 31 38 27 34 28 23 22 3 14 31 14 6 32 34 12 12 15 28 0 6 26 27 39 9 24 25 24 33 29 2 20 17 35 25 27 23 43 26 9 46 12 28 17 37 37 25 46 9 13 18 35 36 14 18 18 39 35 33 46 9 17 23 22 16 13 21 30 18 25 20 28 21 27 10 30 39 21
0 14 17 25 14 19 25 4 27 28 23 28 31 21 30 27 15 34 20 18 27 44 28 20 17 27 55 45 18 27 9 14 25 55 27 16 47 18 11 12 32 38 40 0 18 33 23 11 22 43 34 35 43 29 14 24 31 22 26 32 29 29 47 21 11 20 23 33 45 42 39 53 36 36 15 42 55 16 40 25 11 6 31 26 1 28 8 33 13 49 12 42 13 22 40 11 43 36 36 32 26
0 45 20 37 44 16 29 30 3 27 32 31 17 33 40 22 25 39 27 30 22 15 44 20 52 11 28 29 39 41 16 35 47 45 32 17 39 19 28 15 2 45 23 42 0 21 8 30 20 24 30 37 52 21 51 20 52 18 25 5 13 20 46 15 44 54 49 15 27 21 15 40 15 2 16 17 43 46 17 30 19 33 20 35 35 23 46 44 36 22 11 21 51 20 34 24 15 7 16 17 16
0 50 8 36 14 24 8 43 20 40 22 9 12 52 21 23 7 35 45 32 8 14 32 42 19 43 27 34 26 28 47 17 30 23 15 26 8 21 41 39 21 45 7 24 18 0 10 15 31 38 24 20 35 29 24 8 31 14 41 24 30 29 25 24 30 30 5 44 8 19 17 18 37 23 33 30 26 25 14 29 31 11 32 18 39 23 43 52 39 34 16 40 23 19 13 20 26 23 37 25 30
0 11 15 27 54 27 25 34 5 19 26 29 30 2 34 31 17 19 36 41 30 32 22 12 50 25 36 6 30 14 21 30 21 18 27 41 21 30 35 28 15 18 21 26 32 17 0 16 38 17 16 30 1 28 26 23 19 23 35 20 22 38 21 36 9 38 24 8 31 16 35 7 46 20 26 25 26 40 3 20 47 36 19 46 42 39 3 32 27 21 34 32 23 31 12 10 19 36 4 50 13
0 11 7 37 26 53 37 20 28 30 42 32 1 42 40 12 24 32 30 28 34 40 29 25 29 34 51 40 18 16 24 33 39 11 30 44 21 46 26 29 14 44 17 21 15 47 14 0 15 17 54 40 39 7 44 27 14 38 55 20 35 26 10 39 51 33 24 33 51 41 15 55 25 48 38 43 42 25 25 42 35 32 25 27 43 31 6 29 35 23 28 25 24 50 46 24 10 43 27 20 7
0 31 40 22 24 23 39 29 5 33 24 31 39 20 8 42 7 33 27 45 35 40 16 36 19 43 38 37 38 20 27 9 15 33 34 29 34 31 34 18 31 32 26 22 1 15 9 24 0 32 25 11 28 31 34 5 27 51 31 32 35 10 50 25 38 21 17 51 36 7 17 19 20 6 25 24 13 22 26 24 41 32 22 15 16 37 23 8 51 12 16 10 27 50 46 30 40 19 9 25 29
0 36 26 37 32 34 39 24 47 32 23 39 35 23 25 32 10 34 31 24 26 10 1 13 19 11 49 17 46 4 34 18 44 30 18 19 26 35 37 31 17 14 29 22 37 46 15 28 20 0 8 24 30 22 33 7 21 16 24 46 47 20 29 30 36 33 15 45 18 48 8 38 24 38 43 12 30 32 28 15 26 24 22 17 20 15 18 28 1 28 32 5 52 20 27 39 28 31 31 37 19
0 31 24 53 19 36 26 19 27 18 33 25 22 26 14 24 26 25 50 36 1 28 51 40 26 50 42 41 34 26 22 24 3 12 23 21 36 48 24 21 45 40 30 49 38 50 52 16 39 14 0 36 36 12 29 36 25 44 28 27 14 19 41 31 37 51 21 39 28 24 32 14 14 1 17 32 31 41 35 38 36 41 41 27 39 30 43 6 11 31 32 54 9 12 44 33 29 44 11 45 43
0 35 21 28 53 21 18 38 23 28 19 34 21 47 38 24 11 38 27 40 25 18 30 36 24 17 29 30 37 6 36 21 43 32 52 28 13 38 20 22 26 35 46 32 10 37 7 21 35 48 31 0 16 40 37 5 12 39 23 34 34 18 14 33 18 25 36 25 45 27 6 50 39 37 45 32 6 42 39 39 29 45 2 52 7 10 32 15 27 36 10 18 20 55 11 44 24 27 37 25 6
0 34 51 45 16 30 41 47 29 37 23 37 14 23 8 23 35 37 22 37 30 22 37 31 18 24 24 26 43 17 8 48 23 4 32 48 22 23 33 15 6 22 10 39 6 35 4 25 30 35 25 21 0 25 5 28 9 16 38 11 53 32 30 25 33 17 36 24 25 47 35 10 21 52 36 23 28 30 29 11 17 20 42 33 21 4 40 20 35 27 41 22 51 24 24 12 29 39 19 34 17
0 17 15 34 46 47 23 35 16 31 31 23 9 3 15 44 29 27 5 22 9 26 9 36 36 20 16 51 33 43 40 8 44 30 9 34 28 22 36 35 23 16 38 22 36 4 37 24 28 1 44 40 7 0 38 18 37 40 28 11 44 14 40 25 34 20 32 26 27 32 40 21 29 39 36 7 29 15 14 27 15 40 44 27 23 46 31 18 29 30 41 22 6 48 48 49 25 4 24 23 31
0 44 16 29 5 7 21 45 0 42 23 49 36 39 37 17 5 39 46 25 47 28 34 42 11 45 30 15 11 19 24 41 31 40 16 27 36 19 39 21 22 10 36 26 41 29 19 26 23 7 42 42 34 23 0 3 35 30 16 44 41 32 41 39 26 39 30 14 10 28 33 46 19 26 30 35 24 17 27 47 15 23 36 28 11 18 26 44 46 23 29 3 30 16 26 37 43 26 28 35 19
0 26 48 19 22 41 36 24 34 22 29 33 35 6 22 14 19 26 52 23 8 26 7 1 23 42 14 30 47 8 9 28 17 31 7 32 31 28 25 15 42 24 29 20 16 17 50 19 18 34 22 13 37 41 42 0 31 14 21 23 33 35 21 28 38 17 6 27 44 37 24 21 23 28 27 26 5 38 37 29 32 9 9 34 31 46 25 53 17 28 54 36 36 44 14 24 29 44 47 14 13
0 11 30 32 31 15 12 20 16 20 28 44 30 21 35 27 20 37 25 8 31 20 47 23 10 17 30 34 19 34 19 18 37 31 41 22 31 14 39 42 39 35 43 29 29 46 51 20 20 30 55 15 21 28 12 44 0 34 23 14 39 31 41 7 21 28 19 26 44 37 36 17 42 48 41 21 10 33 24 26 38 41 24 40 12 15 18 20 19 23 30 30 29 14 31 30 35 27 38 25 45
0 35 21 40 6 42 19 34 38 25 21 42 29 28 28 22 30 11 21 20 46 54 5 36 19 39 16 39 19 22 38 27 33 43 26 14 45 36 2 31 48 45 15 12 9 30 11 21 26 18 17 37 38 36 14 28 16 0 8 30 45 3 51 26 21 17 14 35 26 19 30 41 1 47 40 31 40 26 31 46 30 23 42 13 36 23 37 45 44 34 32 37 17 24 15 38 32 35 21 38 15
0 43 41 24 50 17 29 25 29 34 26 29 23 30 15 18 25 11 14 32 36 27 38 52 30 31 14 21 45 31 15 21 17 24 19 31 31 22 27 30 16 23 26 8 20 36 12 35 26 24 21 43 20 27 25 25 40 17 0 23 14 42 36 42 7 34 24 30 24 28 19 28 37 29 37 25 22 35 42 18 30 39 29 30 43 47 31 20 29 43 16 40 36 7 9 17 15 46 4 37 32
0 21 30 43 25 26 14 11 38 2 21 38 34 4 32 35 10 25 29 11 30 52 52 20 46 21 32 26 18 14 44 18 19 50 37 33 52 50 31 41 31 35 30 24 38 40 31 44 48 12 22 34 21 20 15 14 7 30 14 0 42 47 55 22 23 35 40 43 19 49 7 11 21 22 28 18 18 12 13 42 39 36 38 24 17 12 48 30 5 15 27 37 46 29 4 19 20 36 24 28 28
0 8 21 24 13 28 33 11 44 38 4 27 27 12 42 16 19 8 11 24 3 35 29 25 27 37 12 53 43 31 33 13 45 4 25 45 23 14 13 19 13 10 30 7 15 35 13 29 26 31 5 11 40 48 32 32 28 45 47 29 0 26 8 27 29 10 24 19 12 8 12 43 43 39 24 49 31 41 23 24 32 19 9 17 20 25 24 29 26 20 38 32 42 45 24 22 5 29 30 33 25
0 28 24 26 22 13 4 41 37 44 48 34 32 10 26 24 44 10 41 25 26 3 39 27 9 27 13 55 25 41 33 15 10 33 11 31 24 6 51 16 27 38 32 6 37 50 32 34 18 38 52 37 2 25 21 23 34 23 16 17 21 0 45 51 19 10 17 41 11 27 24 17 54 9 7 26 43 19 23 13 16 39 1 23 30 33 25 44 27 18 10 19 4 26 25 45 40 27 22 18 16
0 12 40 39 19 34 22 24 41 18 35 39 12 52 34 40 12 26 24 25 14 37 20 22 29 46 14 30 46 21 29 29 16 15 38 31 44 42 10 21 22 27 47 46 26 35 23 21 16 29 30 52 55 23 34 27 22 35 55 31 30 44 0 13 25 15 13 31 32 36 38 17 36 28 12 27 35 54 27 29 31 29 14 21 22 45 49 39 42 12 15 33 0 38 25 11 15 28 27 37 24
0 22 17 35 40 16 20 19 24 37 44 45 29 20 19 19 36 19 42 45 15 41 44 37 12 20 26 43 24 52 25 18 29 11 31 9 33 16 18 27 40 23 20 11 27 24 30 19 29 18 37 37 19 19 25 17 14 19 34 41 32 26 50 0 35 36 52 44 29 23 32 33 36 38 18 15 24 33 43 46 37 11 23 31 31 42 34 45 33 5 40 39 32 23 11 30 8 34 26 39 46
0 30 10 19 35 41 19 32 46 27 10 16 26 9 19 19 22 30 32 36 35 33 15 41 4 20 41 8 30 37 14 28 8 39 24 46 42 23 14 45 21 6 29 43 35 21 33 19 27 39 47 43 25 6 12 12 19 23 26 21 25 22 44 26 0 39 21 14 9 19 22 24 6 22 13 17 26 31 19 14 40 29 16 35 35 27 47 24 15 37 29 27 41 16 27 35 8 13 30 21 28
0 37 14 41 34 30 51 18 17 13 8 27 22 12 26 46 51 30 29 24 34 32 17 50 20 28 34 48 40 24 18 28 31 31 23 20 14 12 15 22 27 17 26 37 38 23 25 43 20 2 14 29 27 22 26 50 42 39 8 31 4 43 22 23 18 0 38 33 33 16 23 15 29 22 5 34 30 22 53 13 47 32 29 46 7 47 22 15 21 31 28 13 19 23 28 7 27 11 30 15 23
0 36 34 24 27 20 27 10 25 34 32 20 49 46 19 12 15 44 5 27 7 29 26 47 38 36 12 3 26 21 20 31 42 31 38 42 54 33 53 29 10 39 24 26 43 18 31 36 12 34 36 41 14 18 28 41 6 32 31 18 10 21 25 25 16 30 0 26 39 44 22 6 42 46 35 25 25 5 9 40 22 31 18 46 21 14 34 24 18 46 19 22 44 30 22 26 42 52 6 42 23
0 33 12 34 0 51 23 27 11 40 11 34 26 40 29 32 13 45 37 12 53 48 25 34 22 38 39 43 15 9 25 20 51 27 49 32 29 25 39 9 38 18 36 13 26 52 4 19 32 46 31 28 14 4 17 21 35 42 42 4 24 16 52 13 27 16 44 0 46 41 37 22 54 28 34 8 40 4 31 18 22 28 23 19 18 26 49 34 32 47 8 39 22 28 39 15 21 28 35 16 32
0 24 29 35 17 51 4 43 36 45 22 23 19 25 30 42 36 11 31 15 31 19 40 14 50 4 33 19 23 23 39 27 5 14 3 16 35 21 20 33 36 28 21 16 30 26 32 50 21 22 2 32 29 30 25 20 13 30 3 2 17 34 29 34 40 12 4 26 0 17 27 14 23 33 42 31 35 37 35 12 41 18 18 36 46 4 30 28 40 31 25 11 21 39 37 32 3 32 34 37 39
0 45 32 36 24 16 48 22 46 44 9 33 18 18 16 18 31 29 40 16 41 34 28 41 42 8 30 47 39 35 27 29 29 36 55 39 20 54 44 39 31 11 31 24 46 33 32 46 29 37 25 33 29 31 31 54 18 12 24 32 19 24 30 16 8 33 37 31 23 0 20 10 46 14 34 39 33 39 33 30 16 19 32 28 27 13 43 50 34 33 1 49 21 26 28 31 16 28 13 53 31
0 47 16 39 25 26 26 29 45 49 23 34 23 32 11 4 18 19 5 11 26 13 29 33 2 49 6 18 54 28 27 45 55 10 34 28 16 47 30 5 32 30 32 46 26 23 21 37 53 14 29 55 19 40 46 5 33 33 8 26 39 36 37 27 42 32 41 17 35 43 0 21 16 23 45 24 17 15 37 49 20 22 16 19 19 33 19 26 48 51 45 53 20 25 11 32 48 22 35 6 19
0 48 32 13 23 22 31 15 55 23 26 20 37 19 2 9 15 40 12 43 24 12 22 19 33 44 32 28 44 39 30 20 26 36 42 14 41 22 27 27 23 34 42 47 48 40 9 51 34 24 34 27 1 21 31 51 43 35 17 29 42 25 25 32 33 29 50 18 48 22 26 0 24 17 12 30 33 26 45 36 34 50 48 28 26 31 29 23 25 37 0 53 35 10 20 28 38 25 33 48 43
0 17 32 11 16 42 49 27 29 41 35 16 5 10 35 30 46 42 52 14 21 1 30 20 13 40 27 33 32 29 19 55 29 48 31 11 12 37 33 28 21 8 21 18 30 17 5 22 22 17 26 6 24 14 37 25 41 13 8 39 43 33 46 19 29 48 55 31 8 34 27 41 0 34 16 28 23 45 44 33 52 18 24 44 45 29 11 28 18 26 0 28 41 16 18 18 30 6 29 35 44
0 23 12 18 19 28 37 8 34 15 43 11 30 44 40 5 8 27 37 24 2 30 32 32 35 28 15 52 4 23 26 44 32 24 54 41 17 46 28 26 16 24 28 11 37 4 47 24 37 25 16 38 38 16 45 36 12 29 30 15 35 17 35 18 18 5 33 27 40 2 36 30 39 0 30 14 45 11 47 44 42 45 45 4 33 54 39 35 28 36 20 27 17 14 15 47 18 11 32 31 19
0 16 48 3 32 10 49 23 40 31 29 45 24 44 30 28 23 18 34 13 40 33 39 8 25 26 36 51 16 24 36 34 18 27 43 46 28 26 33 13 14 21 29 8 26 4 33 14 25 27 26 40 7 15 34 40 14 17 29 49 40 42 12 13 17 18 26 49 25 37 22 47 23 45 0 29 27 27 43 43 9 6 11 34 3 19 25 47 12 17 42 35 45 34 26 29 47 42 7 45 33
0 19 5 46 47 51 31 9 33 9 45 34 27 29 48 17 4 30 42 27 30 13 24 37 31 26 47 13 17 36 23 25 23 4 13 21 17 53 30 5 8 14 16 26 33 30 32 15 24 20 15 37 20 33 24 18 30 12 13 39 32 21 23 33 6 27 7 18 48 20 32 37 43 22 49 0 21 3 29 44 26 14 20 22 11 19 22 42 28 38 54 30 20 42 24 6 39 43 23 17 4
0 15 26 25 46 26 46 31 21 51 23 45 40 27 28 32 19 29 17 33 22 13 8 24 40 12 38 16 18 38 18 20 30 23 23 33 12 28 10 40 14 25 9 20 43 36 9 18 29 22 38 28 19 33 43 37 3 36 24 32 20 23 10 49 12 25 46 28 21 46 13 30 3 22 13 36 0 13 19 15 23 45 24 24 28 2 27 8 5 33 46 33 25 35 42 17 23 13 13 24 14
0 30 33 37 16 17 33 37 17 21 26 2 34 27 44 39 14 20 33 17 21 31 13 32 1 39 23 11 43 42 7 33 46 33 14 30 14 19 27 27 27 9 34 37 20 28 22 22 29 33 45 19 20 35 26 11 23 38 50 23 52 33 15 13 25 17 45 36 9 33 39 13 24 28 33 27 21 0 27 7 33 25 41 9 30 51 24 52 39 37 28 23 21 34 18 1 23 27 38 18 40
0 29 23 16 20 32 17 24 11 27 9 23 25 29 7 37 26 38 37 28 29 4 46 30 20 28 46 22 35 20 16 19 28 32 28 36 38 20 33 44 40 14 35 32 12 16 11 5 29 27 19 15 12 33 22 30 19 32 25 27 20 19 19 42 21 42 30 20 22 33 28 49 40 20 27 18 43 35 0 18 46 43 18 32 55 31 28 33 28 15 42 32 25 7 12 16 18 35 3 22 46
0 31 35 38 18 49 33 46 22 41 7 31 45 54 6 36 19 34 4 40 43 29 33 3 29 38 23 42 35 37 49 21 10 27 35 14 18 21 42 41 11 16 36 24 10 43 21 36 38 34 30 23 39 23 25 21 41 4 29 32 35 30 39 33 45 35 21 46 22 25 46 33 24 23 22 22 3 43 32 0 15 24 34 36 10 31 35 27 42 32 11 20 25 25 20 27 32 17 34 2 17
0 10 43 53 28 38 22 37 10 39 40 14 29 31 29 24 32 40 23 27 34 36 36 12 29 44 30 29 29 18 33 55 53 2 38 35 52 23 25 22 10 23 44 38 39 8 23 45 19 41 32 23 19 31 10 23 34 19 19 14 6 27 26 45 41 42 39 25 38 22 44 52 38 15 44 36 43 9 34 35 0 23 28 21 17 16 28 40 35 31 23 45 38 14 49 35 45 15 25 16 46
0 31 24 36 23 27 30 27 34 34 27 55 42 17 40 42 31 30 8 43 21 17 36 38 26 42 42 32 39 38 29 44 54 22 34 43 23 28 16 20 29 15 20 39 9 32 24 37 23 30 31 29 17 30 20 35 33 19 26 45 23 45 46 38 38 14 26 18 28 29 18 31 29 30 7 22 30 32 26 28 18 0 42 51 49 20 42 16 40 26 53 25 37 14 24 40 28 19 5 26 37
0 18 17 54 49 36 31 16 26 0 1 36 16 43 47 34 30 28 49 29 44 28 54 25 29 36 45 44 42 39 27 25 17 35 32 54 23 34 31 15 24 23 44 30 25 34 54 34 37 14 7 18 43 19 34 41 11 37 22 15 18 14 27 37 12 21 39 42 28 29 25 27 29 45 42 17 30 31 28 44 27 23 0 4 31 15 44 21 18 32 25 15 10 11 11 23 32 40 12 36 6
0 11 10 29 26 33 22 36 44 32 30 11 24 49 22 43 42 10 7 8 37 4 39 27 21 10 39 54 8 44 47 30 24 37 47 43 29 37 31 10 14 36 11 17 28 25 40 18 43 36 31 12 27 22 41 50 42 11 40 26 14 31 11 28 4 17 15 49 55 25 28 18 41 46 32 43 33 43 11 40 23 32 16 0 31 34 34 18 25 1 5 33 27 31 23 43 8 24 47 23 24
0 44 23 8 19 9 44 15 19 31 24 13 14 45 27 23 13 11 10 17 34 36 29 38 46 20 15 26 38 4 22 22 27 16 33 39 34 27 35 30 15 8 29 28 21 36 41 12 4 36 17 25 8 17 31 17 28 31 27 9 26 33 45 24 18 35 29 27 39 37 22 43 22 27 49 41 11 23 40 41 40 28 14 45 0 23 20 8 17 29 29 48 25 13 18 40 50 29 27 17 40
0 40 22 17 16 37 26 39 20 15 41 40 20 23 28 50 34 42 35 25 24 12 35 28 30 11 52 3 28 45 33 18 31 3 25 21 12 26 23 47 36 35 28 26 28 20 46 39 28 20 28 26 49 20 42 47 8 12 47 38 29 31 30 47 31 39 46 6 46 42 36 30 28 38 32 4 27 31 15 36 47 20 4 17 10 0 41 21 38 43 39 19 32 38 12 26 18 35 15 51 28
0 7 14 44 31 33 22 37 15 12 30 24 30 15 38 33 44 33 53 20 26 14 27 33 16 40 5 39 10 29 27 16 33 27 14 29 24 31 45 22 29 22 24 2 41 28 23 5 44 42 33 17 14 14 19 32 38 7 50 7 19 31 14 26 38 25 32 28 7 18 32 34 42 34 20 15 50 25 42 34 39 48 35 41 22 32 0 14 32 19 19 23 33 31 16 18 24 30 12 34 27
0 26 14 21 35 40 13 37 31 40 34 20 18 10 20 23 23 44 47 23 27 19 24 10 38 44 22 29 23 22 30 3 7 29 16 3 37 34 17 15 31 50 32 13 46 46 33 30 21 14 18 10 33 18 37 11 33 29 39 22 27 45 14 40 17 32 7 40 12 29 28 21 20 27 19 36 20 37 27 32 17 29 55 5 20 37 39 0 44 54 30 27 42 31 13 35 11 9 19 32 48
0 29 5 9 36 11 18 23 29 36 39 27 21 28 50 34 11 28 19 20 47 22 39 38 21 15 15 22 36 47 20 31 23 30 1 22 48 24 39 25 38 53 22 11 40 48 2 15 29 36 21 6 33 8 29 28 40 42 40 17 33 19 29 15 39 24 46 25 9 14 18 33 17 41 27 42 33 36 38 24 20 21 11 15 31 22 32 31 0 28 40 13 11 42 19 17 25 21 24 48 20
0 29 31 1 13 41 30 35 39 36 36 39 7 35 17 30 15 36 30 27 35 45 32 9 36 25 15 25 15 21 46 29 39 28 39 48 41 47 38 29 15 38 19 38 20 46 33 14 24 39 15 20 25 28 23 37 38 27 18 12 36 36 46 17 28 20 11 11 15 32 33 12 41 32 20 4 29 30 41 32 31 19 38 46 26 34 12 27 41 0 22 45 17 9 38 37 36 12 1 5 15
0 44 28 34 29 16 27 37 21 48 17 31 7 39 28 24 32 43 21 32 40 27 28 32 30 29 20 22 42 29 33 36 26 45 17 10 11 21 40 29 27 49 15 34 45 4 24 16 22 27 26 15 7 39 25 21 31 1 22 24 37 26 37 42 31 10 42 27 1 24 36 34 10 2 22 29 36 32 21 33 18 33 21 33 18 42 43 8 18 25 0 19 20 14 47 42 8 28 36 41 40
0 20 48 30 30 27 31 42 31 13 33 29 41 20 24 25 33 13 18 23 27 24 12 21 5 30 15 21 21 39 33 36 8 15 24 49 22 40 20 26 7 48 11 31 21 37 2 33 19 31 36 39 54 28 36 30 43 31 11 12 17 48 38 21 30 24 52 25 46 38 25 40 44 36 15 17 32 16 12 12 23 6 19 20 21 33 18 22 50 23 29 0 32 19 25 48 42 23 15 35 1
0 12 3 17 45 27 4 39 31 43 8 40 31 31 2 52 46 17 37 12 23 10 52 16 28 26 45 8 21 34 11 25 25 42 37 20 23 36 38 20 23 25 37 16 25 42 41 6 25 35 48 11 8 24 10 41 9 33 32 16 23 27 32 31 5 27 34 16 22 36 36 38 27 33 25 37 25 19 14 29 35 45 39 51 19 2 16 40 6 29 55 15 0 22 48 28 25 55 54 39 22
0 42 35 44 47 50 20 11 30 12 14 25 13 14 43 37 25 25 7 25 17 26 37 40 35 13 46 22 22 8 15 13 38 32 34 35 6 30 32 19 39 36 42 49 5 47 26 13 38 35 28 30 26 38 30 26 37 30 14 29 22 34 22 36 31 6 24 22 43 18 9 44 8 46 32 38 25 11 11 31 54 45 15 30 36 16 19 6 19 18 6 49 34 0 23 14 21 53 19 36 41
0 10 17 11 43 39 38 27 34 28 19 38 16 1 23 54 6 32 39 23 25 39 2 47 19 28 6 37 19 31 17 28 7 18 27 27 14 29 32 21 32 14 46 32 18 31 40 51 53 10 32 4 27 53 24 30 15 23 27 27 26 26 15 16 27 32 43 47 38 34 20 17 22 13 32 12 39 22 13 54 29 5 47 7 9 12 47 19 42 32 36 30 45 12 0 18 35 37 16 7 38
0 33 12 17 21 48 37 1 43 23 31 48 37 30 50 18 13 3 34 37 24 51 26 37 13 34 25 26 26 9 23 47 31 17 27 8 35 26 34 40 17 22 34 34 28 37 16 32 14 55 32 27 23 36 40 38 17 40 9 22 2 52 18 52 41 9 2 20 25 37 22 16 18 23 36 19 4 24 17 40 36 28 23 26 17 44 39 36 24 14 46 31 29 37 12 0 33 41 11 48 20
0 42 14 32 22 14 37 36 24 11 32 18 16 16 19 34 48 22 44 50 41 29 30 2 21 15 27 23 34 25 43 38 14 27 6 29 17 36 33 36 30 23 37 34 1 35 37 22 33 24 37 31 27 8 54 36 22 21 43 23 55 25 26 20 18 17 32 25 28 37 39 20 40 31 33 13 46 17 36 20 15 18 40 20 33 17 18 10 27 23 43 26 35 17 38 34 0 30 37 41 13
0 49 16 30 22 30 43 27 10 34 11 27 24 34 5 36 37 49 24 29 38 44 1 34 51 22 37 29 28 39 40 21 36 30 36 29 35 23 28 32 27 44 30 42 21 30 19 21 30 27 31 15 19 31 6 13 35 40 30 34 20 15 28 15 43 32 39 22 19 32 24 29 47 11 29 52 8 35 11 17 33 25 48 25 10 22 20 2 22 12 51 45 21 37 32 6 37 0 31 19 42
0 27 12 8 24 9 29 14 30 41 10 32 34 45 20 31 16 49 8 29 52 38 4 24 17 2 6 23 27 33 47 21 34 24 21 7 17 8 36 12 35 31 9 36 6 25 50 19 17 34 35 36 26 19 40 43 32 36 39 28 49 14 13 29 31 23 18 10 48 26 20 33 30 37 38 12 25 53 16 37 24 27 3 19 8 49 11 29 27 24 7 18 11 38 35 16 27 34 0 37 10
0 17 2 35 36 44 28 28 23 30 26 28 20 23 46 35 27 8 21 33 28 30 15 54 7 44 36 50 43 37 21 26 32 43 18 53 38 14 27 51 8 36 24 14 49 12 31 44 45 36 22 22 34 34 17 31 37 30 41 49 15 22 23 11 19 15 13 3 28 22 31 22 15 33 25 54 44 11 10 32 38 47 29 23 30 36 16 17 20 14 54 43 47 39 33 1 26 17 8 0 27
0 26 31 39 8 16 20 23 27 30 43 35 9 39 9 35 25 47 9 15 23 46 30 20 36 14 26 24 8 10 54 48 47 33 37 32 35 4 47 30 48 4 25 7 21 50 18 18 32 27 38 12 25 40 17 21 52 26 10 37 9 38 45 10 33 23 2 38 8 18 6 44 26 27 9 29 29 19 43 13 20 35 54 34 28 37 30 19 39 32 24 33 20 30 38 15 14 20 46 34 0
