100 2
2 1216 8 6
3 1501 10 5
6 1073 9 9
3 1493 3 4
8 1639 4 9
8 2057 7 9
9 861 5 6
5 804 4 3
17 1777 9 10
7 1931 3 4
10 1408 4 4
13 927 8 5
24 1303 2 9
19 1085 6 7
22 1035 10 8
26 1292 2 9
6 1483 4 2
6 1043 5 2
29 2120 8 9
26 2130 3 8
33 1872 6 10
10 1839 6 3
26 911 4 6
39 1614 9 9
46 1984 7 9
26 1280 2 5
34 865 10 6
36 1560 1 6
25 978 6 4
44 2185 7 7
19 1951 10 3
38 1595 6 6
51 2222 8 8
39 1549 9 6
46 1277 10 7
54 2106 1 8
35 1242 7 5
68 1897 4 9
77 1331 6 10
40 1866 8 5
8 1880 7 1
74 2020 10 9
58 859 5 7
58 1407 10 7
77 2082 5 9
69 986 4 8
26 1472 3 3
70 1382 10 8
89 1793 10 10
9 2045 1 1
73 1268 2 8
56 777 6 6
75 1416 8 8
86 1874 6 9
77 1247 6 8
79 974 5 8
40 2094 7 4
91 906 5 9
92 1176 7 9
64 939 5 6
43 1195 3 4
99 2041 7 9
56 1790 2 5
34 1390 10 3
70 2152 5 6
84 1116 1 7
39 1933 2 3
94 1905 3 7
81 2166 7 6
43 2176 10 3
74 2183 10 5
89 2167 5 6
45 1963 9 3
61 1192 4 4
65 1296 6 4
82 1147 3 5
82 1215 10 5
50 2030 9 3
51 1798 3 3
17 1705 9 1
53 1563 9 3
97 1639 6 5
59 1117 6 3
41 1294 8 2
64 1088 3 3
45 1543 1 2
91 856 2 4
27 2044 10 1
98 1694 8 3
34 1216 9 1
76 986 6 2
41 1169 10 1
83 827 7 2
90 1331 7 2
54 1263 2 1
77 1739 3 1
78 1538 9 1
86 1670 5 1
87 1680 5 1
98 1724 5 1
SETUP
0 17 21 31 20 27 4 11 30 4 8 19 13 19 18 17 46 22 11 10 37 31 35 21 15 31 4 27 36 18 18 23 16 30 12 19 15 31 41 28 36 39 19 30 9 43 28 31 4 25 38 24 22 30 18 23 31 19 16 8 28 33 19 34 15 34 25 32 28 43 21 35 47 16 33 31 35 17 34 32 35 14 18 28 11 30 8 43 19 26 24 34 25 33 14 46 34 17 9 33 48
0 0 31 20 8 19 28 32 37 29 30 21 46 17 19 17 18 25 34 20 49 22 23 27 3 20 15 30 25 34 28 18 29 7 21 3 8 19 22 20 8 15 21 10 17 31 27 22 25 22 31 18 38 2 19 27 25 4 17 4 34 44 12 25 20 22 23 28 13 32 25 18 38 26 29 11 8 19 32 35 24 11 14 17 20 22 11 15 18 30 17 28 32 14 18 37 30 42 39 5 44
0 11 0 37 24 26 22 21 29 14 33 30 23 23 28 31 40 10 17 6 31 32 16 28 16 25 45 35 24 15 23 2 24 28 34 46 30 19 37 34 4 35 4 28 10 28 37 21 24 33 33 10 39 27 10 19 43 30 23 27 37 46 36 23 1 11 10 15 28 21 17 36 23 10 21 25 25 20 40 34 19 22 26 40 18 9 23 37 45 12 40 0 20 46 20 16 22 27 18 37 22
0 19 43 0 45 10 21 24 20 15 19 37 6 35 23 16 0 24 31 41 19 21 1 23 22 17 32 31 40 21 18 21 13 10 48 12 22 16 37 37 32 15 10 19 25 33 29 15 34 23 19 31 24 13 24 45 25 49 3 26 25 33 44 26 33 28 30 47 12 16 21 6 23 1 41 34 42 38 28 34 44 17 45 31 18 17 14 30 4 19 31 20 22 30 9 17 34 48 27 12 33
0 16 25 33 0 17 27 28 47 16 16 29 29 34 22 30 37 15 21 40 9 16 25 23 4 13 34 30 25 31 16 10 16 31 26 32 24 21 35 12 23 30 35 43 4 29 39 32 4 26 17 26 34 31 20 30 43 43 33 16 9 18 9 33 21 8 44 5 45 26 42 17 26 11 15 16 32 30 46 28 32 28 14 9 38 29 34 19 9 4 17 24 42 15 17 18 28 33 15 19 15
0 11 27 44 46 0 20 5 32 33 37 6 10 36 23 31 17 16 19 11 17 22 11 27 26 24 34 23 3 36 35 21 2 8 27 31 18 20 28 35 34 17 19 13 16 35 35 23 26 26 34 24 35 33 19 39 11 25 42 34 40 8 47 27 7 10 14 31 28 16 25 22 9 30 22 12 34 16 17 34 37 31 29 26 39 6 32 22 25 37 17 15 15 30 20 8 39 38 9 16 21
0 47 15 11 37 13 0 21 19 32 24 34 33 17 12 35 21 27 13 9 9 20 14 31 21 28 5 28 35 24 20 28 39 9 39 10 21 4 11 41 20 21 12 28 17 18 2 24 12 38 13 37 25 5 32 10 21 9 29 13 14 22 0 22 36 7 17 18 25 43 19 35 11 29 35 34 25 15 41 12 41 28 7 18 34 32 24 48 34 11 30 44 17 47 42 17 42 30 10 25 19
0 10 25 11 16 16 8 0 45 34 28 37 39 17 24 41 37 14 11 39 29 38 24 8 20 26 0 11 11 39 45 20 2 22 18 18 9 23 37 30 30 22 43 23 27 5 31 18 20 8 4 15 24 34 29 33 36 22 14 32 30 38 10 10 46 7 32 11 37 30 37 28 19 25 35 21 10 36 24 22 19 23 7 18 26 27 6 10 21 12 19 23 35 38 42 45 30 6 29 19 21
0 22 24 28 35 22 6 29 0 23 3 31 47 34 22 32 20 1 12 43 22 20 27 16 39 9 29 8 22 20 34 26 1 36 42 37 14 11 18 29 42 24 29 29 23 43 29 20 23 8 23 14 32 31 24 26 12 16 7 18 26 19 19 8 10 36 10 40 25 46 31 29 24 10 21 36 24 17 16 31 25 45 17 33 25 20 32 39 39 49 17 11 28 31 11 25 19 23 23 8 46
0 25 46 17 38 26 20 39 41 0 29 45 27 36 18 20 5 40 22 38 13 4 1 25 37 3 38 20 28 20 29 30 23 35 34 28 41 24 13 18 13 20 6 17 29 15 32 29 38 23 37 28 9 36 40 32 33 25 17 25 40 18 17 21 17 42 25 7 20 28 33 5 28 37 15 41 42 19 25 25 14 17 8 35 11 21 22 12 34 34 27 11 13 28 37 22 35 17 26 29 30
0 46 39 37 23 42 28 17 25 33 0 25 28 29 35 24 18 23 12 26 15 6 18 12 23 37 11 7 1 17 25 31 38 15 10 22 18 22 7 18 36 3 25 37 30 43 26 30 23 34 19 22 42 19 29 24 32 29 33 37 23 17 19 7 31 15 28 13 16 9 32 38 40 24 23 21 8 28 28 15 24 22 20 34 43 20 18 21 36 28 28 37 16 28 39 44 20 26 16 37 28
0 11 42 19 33 32 41 21 39 19 33 0 27 22 34 39 10 1 18 18 34 35 34 26 16 39 35 22 25 40 23 26 8 34 43 11 29 29 25 15 10 29 13 16 17 23 16 47 28 4 24 35 28 24 21 33 16 31 30 31 15 37 37 27 32 13 11 33 30 28 1 28 28 40 29 23 42 33 40 15 32 26 29 29 23 17 31 17 5 20 14 15 15 43 36 32 10 19 46 12 25
0 9 27 22 34 35 14 32 46 27 44 34 0 37 36 40 32 26 23 20 7 34 19 20 31 24 29 38 21 20 29 17 24 27 22 3 25 16 45 36 25 35 35 23 40 16 21 42 17 26 21 25 27 40 20 24 21 13 23 11 28 33 31 2 19 18 5 14 36 2 9 47 8 11 27 13 25 17 37 34 20 24 28 28 36 26 23 13 15 14 27 28 12 20 32 20 32 32 24 29 17
0 14 44 34 14 18 24 33 44 18 21 23 21 0 14 8 23 14 11 31 19 23 32 30 31 23 29 16 31 9 35 8 37 21 22 17 24 22 22 9 26 20 35 19 13 10 22 31 31 22 14 13 20 38 6 18 23 17 27 21 24 33 4 18 18 30 37 30 13 30 25 39 34 14 35 24 21 3 32 35 28 36 21 28 17 19 33 39 16 31 18 12 19 31 31 22 40 5 13 31 20
0 26 38 30 34 36 21 13 17 4 0 30 17 6 0 28 37 42 19 13 13 38 38 22 28 5 25 12 22 43 28 35 14 27 28 26 38 8 12 32 34 32 1 10 33 11 6 23 12 22 21 28 25 21 39 28 39 22 32 35 36 39 43 14 27 23 12 18 6 34 18 20 35 13 26 7 15 16 17 21 26 27 25 18 13 37 23 42 5 12 4 41 39 30 35 44 35 37 23 44 32
0 16 23 41 7 32 13 22 21 23 24 21 22 18 38 0 27 24 21 45 19 14 21 24 30 29 17 15 13 12 17 32 37 5 30 21 22 30 21 41 39 35 12 24 25 28 29 36 25 8 16 42 30 17 45 23 12 8 4 34 38 18 17 32 10 18 20 30 23 17 40 25 46 18 24 18 35 25 2 36 31 38 22 10 24 20 25 21 35 24 26 32 9 21 34 47 37 9 15 37 34
0 30 5 16 46 20 21 21 4 31 1 45 30 30 29 29 0 21 28 17 42 16 34 4 46 19 20 35 17 21 28 28 4 21 8 35 34 37 31 30 40 1 24 41 31 5 23 22 27 28 11 27 34 35 26 17 23 21 20 35 22 26 26 20 27 31 27 33 31 42 29 28 22 18 15 47 12 17 31 26 32 15 28 20 32 18 11 29 25 27 22 26 31 27 31 29 14 27 28 42 27
0 27 32 32 13 32 3 7 33 20 9 20 31 29 14 3 19 0 26 43 19 33 36 26 37 41 21 47 25 34 19 30 20 44 41 18 13 15 38 6 17 21 28 12 1 35 26 21 25 26 31 44 40 32 16 34 32 12 31 40 23 26 23 18 11 8 36 22 16 33 14 14 43 29 35 16 14 13 18 23 18 30 33 24 23 35 48 33 25 24 11 38 15 24 19 22 28 25 4 31 28
0 25 30 37 12 16 12 22 31 29 16 25 15 25 35 16 35 19 0 9 39 39 41 48 19 26 42 26 33 6 40 27 23 12 1 30 24 10 20 18 32 26 31 16 25 38 34 19 23 39 41 27 31 35 40 23 26 22 31 43 19 3 16 35 19 22 16 3 23 27 19 23 11 10 40 15 34 18 29 28 34 30 17 26 7 45 31 33 27 22 38 24 22 28 10 28 22 28 20 35 17
0 27 7 25 43 22 3 12 36 33 31 26 43 40 32 21 25 11 20 0 23 21 45 8 3 38 36 24 20 35 31 19 28 47 23 38 39 20 44 23 23 33 24 1 19 31 15 18 29 11 22 45 13 21 23 12 27 24 47 24 7 22 33 8 31 16 19 35 19 5 4 43 21 6 29 14 21 30 22 22 19 38 46 26 18 40 32 19 26 19 28 17 30 42 26 27 47 15 30 33 31
0 33 34 27 15 23 21 37 22 19 8 23 44 2 27 21 19 1 31 33 0 18 12 6 39 16 15 5 37 49 6 13 41 15 39 21 26 40 41 9 21 22 40 28 23 7 34 24 26 3 16 6 17 41 30 13 27 20 45 37 34 26 41 7 15 24 36 19 22 34 25 15 18 20 26 18 22 30 1 30 16 16 12 26 34 48 31 16 36 19 20 22 29 21 21 18 17 32 20 20 12
0 32 17 18 44 33 15 34 5 37 3 24 19 14 46 28 6 33 17 27 8 0 2 20 29 20 49 42 18 24 17 25 21 24 37 42 36 23 35 17 28 24 15 35 24 14 11 0 39 24 23 39 46 27 21 19 3 30 27 21 35 30 13 29 10 35 22 13 12 29 12 33 18 42 21 14 46 27 33 3 30 20 16 13 25 29 22 35 13 32 19 27 17 14 35 18 44 16 8 18 43
0 20 25 8 24 38 6 32 19 17 19 15 29 40 41 10 29 24 34 10 26 38 0 23 26 5 30 32 38 14 25 5 16 21 17 43 34 41 25 24 10 16 33 37 15 35 9 45 38 37 32 16 33 17 18 13 8 11 18 23 10 16 4 12 24 43 12 23 25 12 12 33 18 13 19 14 15 31 14 13 34 30 13 15 28 21 24 23 45 20 46 10 43 33 24 18 22 40 27 45 17
0 34 30 29 13 42 31 47 29 30 33 35 13 16 32 33 29 38 21 29 20 41 40 0 32 0 35 21 36 18 19 20 22 16 21 18 46 16 15 45 31 48 20 31 21 23 35 41 15 9 14 25 25 20 44 38 20 39 36 40 13 21 13 36 24 9 42 28 33 33 35 36 15 15 36 41 30 45 25 24 23 42 26 21 26 20 39 18 32 29 29 12 9 26 39 9 33 15 22 11 27
0 13 15 19 28 23 19 45 37 31 18 21 15 26 24 26 34 33 34 40 8 34 25 14 0 30 19 23 24 12 22 25 33 37 13 7 27 37 9 15 11 43 12 26 1 33 23 10 27 38 17 47 30 31 19 20 30 33 27 19 21 39 24 29 25 34 18 12 27 34 47 11 23 26 8 38 44 15 13 7 20 24 4 5 33 30 34 15 47 11 9 5 39 25 18 43 40 29 23 0 19
0 22 16 38 20 16 14 29 31 24 7 25 22 22 43 44 30 15 19 32 27 45 33 45 15 0 19 25 33 23 26 33 21 37 27 18 3 21 41 4 35 24 30 33 21 8 27 21 22 45 36 24 19 41 21 24 30 6 27 34 23 27 26 35 35 12 9 22 42 32 15 38 19 26 45 23 38 9 35 24 10 32 12 14 42 29 24 30 37 19 21 14 25 18 24 41 38 8 31 40 12
0 45 28 34 32 20 23 6 41 28 28 15 23 9 23 5 14 22 11 11 18 17 40 13 39 5 0 19 13 29 13 13 0 28 46 36 26 14 37 8 19 18 21 39 18 31 31 37 19 28 21 34 37 9 26 19 23 28 37 22 1 33 23 19 11 29 33 40 15 16 16 28 28 9 37 27 26 11 33 2 25 30 29 20 12 6 13 24 25 41 6 35 32 33 28 25 39 24 19 45 28
0 20 28 12 6 17 26 31 13 26 41 7 33 6 28 47 20 26 14 16 46 25 29 6 6 8 13 0 38 37 8 40 47 40 29 26 33 13 33 35 6 2 28 20 7 3 35 5 27 12 46 5 14 33 40 32 32 41 14 29 15 31 18 26 29 38 17 16 22 26 13 15 21 31 40 15 37 6 32 38 20 35 6 21 28 24 17 17 18 18 28 30 36 37 19 14 15 35 24 15 42
0 17 28 20 23 36 25 7 6 32 27 34 21 29 32 37 31 36 16 30 33 36 25 14 28 0 15 39 0 15 22 35 35 33 36 27 26 25 7 26 14 26 24 35 13 3 22 15 17 26 22 27 9 13 20 32 27 21 21 19 11 33 36 34 25 15 24 23 32 13 18 22 33 23 6 18 28 13 29 10 40 44 21 25 23 8 18 7 18 20 28 19 19 19 35 20 15 44 33 33 4
0 11 16 26 9 14 16 16 25 0 22 32 4 14 28 19 21 27 35 31 37 25 39 9 4 19 44 31 25 0 34 25 4 18 28 41 13 22 30 25 18 42 14 33 35 29 23 32 31 48 7 31 27 13 12 16 19 36 9 22 25 20 34 25 29 9 8 29 27 4 8 5 24 21 11 19 35 12 37 20 10 43 23 29 45 35 4 30 5 17 31 13 25 31 11 25 21 30 35 28 14
0 24 24 22 26 22 22 32 43 29 6 38 37 10 47 27 33 20 29 34 37 33 39 30 19 12 12 42 29 12 0 25 17 28 6 9 23 30 23 41 31 0 24 43 30 45 16 13 24 37 37 23 27 18 24 25 18 28 20 38 31 26 28 13 27 31 37 41 20 15 37 20 26 19 19 0 23 30 13 16 33 19 25 35 34 38 21 27 40 38 31 23 18 21 26 9 23 26 8 28 25
0 33 33 27 30 46 14 22 41 26 37 18 12 42 33 33 45 24 48 41 4 32 40 9 19 18 41 15 20 38 16 0 37 15 27 36 12 27 9 35 35 26 27 25 14 25 18 41 5 39 8 30 20 10 11 16 31 40 34 6 31 1 20 40 9 37 41 47 34 25 25 20 10 11 13 45 45 21 36 7 21 35 16 10 16 30 30 17 38 40 7 40 26 15 15 25 20 43 2 34 20
0 38 37 33 39 12 28 3 24 27 35 31 27 33 41 36 28 27 31 32 14 41 45 22 11 44 20 39 10 31 37 41 0 13 6 40 40 46 27 18 33 4 33 12 15 39 33 26 19 17 10 34 24 15 34 24 32 15 35 24 21 20 33 14 25 42 11 20 18 8 30 3 39 40 12 29 32 17 30 16 29 27 16 14 27 25 33 18 30 41 29 20 37 28 31 7 44 6 36 17 22
0 18 21 40 13 36 27 28 24 13 34 22 21 24 15 29 8 19 20 30 46 6 33 26 27 24 17 12 10 41 32 25 29 0 27 10 7 37 49 37 46 27 25 12 35 17 23 19 9 32 33 25 21 32 24 27 14 22 22 23 28 20 21 8 35 10 2 41 33 34 29 34 15 33 32 19 19 23 1 23 25 15 30 26 31 20 36 47 34 26 12 19 17 46 44 40 8 36 11 3 37
0 22 17 38 38 15 47 40 7 29 27 27 13 47 26 9 16 35 23 32 31 20 23 23 19 28 13 39 44 19 33 11 17 30 0 12 22 24 41 36 22 30 38 19 38 40 18 20 21 46 27 19 36 17 25 2 23 23 21 38 23 39 11 8 32 45 49 39 11 19 40 3 24 37 18 14 19 11 9 33 37 10 22 24 24 41 32 19 18 28 18 19 29 27 25 14 18 33 30 43 33
0 11 21 33 25 38 16 21 37 13 32 23 16 16 11 29 42 22 15 32 26 32 36 36 19 25 24 20 37 12 37 35 20 27 28 0 42 33 23 20 18 34 42 13 14 22 35 8 40 13 3 42 18 40 9 17 45 32 24 14 28 1 37 27 32 23 19 22 18 5 16 49 2 8 32 14 20 23 2 27 42 28 31 29 40 27 38 32 11 17 29 33 17 5 25 34 22 18 19 15 22
0 14 25 13 32 27 10 12 14 23 29 21 31 28 26 26 39 39 29 39 38 18 35 22 13 2 13 8 39 16 38 23 18 39 30 31 0 31 11 10 22 13 43 26 11 15 5 36 33 36 49 23 40 20 44 37 47 4 23 31 40 24 46 15 43 17 29 20 36 40 30 23 22 17 15 25 14 28 33 13 22 6 49 23 37 40 43 23 25 35 21 33 26 16 49 30 26 31 14 12 33
0 32 6 33 36 15 35 22 38 12 20 26 12 35 38 30 33 29 35 15 19 33 26 34 34 32 6 3 37 13 26 20 28 15 20 1 35 0 23 1 25 40 47 35 13 21 31 33 9 11 16 31 20 21 28 26 18 31 27 21 20 30 18 19 30 33 40 37 17 40 3 21 11 21 29 9 3 18 25 27 42 29 37 20 36 15 16 27 24 43 10 38 32 15 38 20 22 46 29 32 15
0 25 30 32 28 36 42 14 26 27 15 38 31 24 33 24 22 42 45 36 44 9 29 35 4 36 25 37 5 23 9 26 39 10 45 28 26 20 0 37 37 22 40 15 15 29 34 27 17 19 38 35 42 38 33 25 26 37 29 22 42 24 23 44 31 20 16 30 14 36 46 22 43 1 28 13 36 22 9 23 29 18 26 33 30 16 15 5 23 15 22 38 34 23 41 34 44 26 32 44 28
0 15 17 21 28 22 40 15 18 8 24 15 20 10 34 12 9 23 22 28 39 16 2 23 24 34 9 29 35 39 30 15 31 9 10 3 19 32 25 0 26 9 16 33 31 22 23 18 38 20 21 26 20 37 8 10 9 34 23 21 12 30 28 14 15 31 14 10 20 36 38 12 21 21 26 24 38 23 28 12 29 25 19 38 30 17 34 36 46 34 33 27 23 17 15 17 37 16 21 20 41
0 1 12 43 32 47 19 28 30 32 32 30 30 15 8 17 35 37 17 29 16 34 15 37 15 35 35 22 0 18 28 27 30 10 26 25 22 24 7 28 0 27 19 24 21 30 14 28 5 20 35 36 26 32 19 23 26 21 27 15 27 28 10 14 36 15 34 28 8 16 19 11 49 32 17 21 25 15 4 9 28 34 27 19 28 40 29 31 27 10 32 19 18 48 21 18 31 15 21 16 33
0 42 49 34 23 19 25 23 23 33 26 18 36 19 22 29 31 8 25 26 22 27 23 32 13 13 36 22 20 45 22 21 29 40 19 25 21 30 18 31 37 0 44 20 41 43 21 37 33 42 36 27 28 26 28 21 15 26 33 25 29 10 12 11 44 20 36 26 29 16 36 38 29 1 2 20 35 25 25 42 18 33 28 25 15 23 36 14 30 40 27 48 23 17 28 6 39 38 23 18 25
0 3 33 16 40 38 22 18 38 34 25 11 37 30 30 37 24 33 35 26 3 33 43 16 24 16 30 45 30 29 1 49 19 49 36 22 32 33 14 8 27 3 0 34 14 35 14 28 22 29 24 42 18 33 22 20 20 36 21 20 20 12 38 4 23 21 33 45 22 15 40 37 31 35 43 17 39 11 18 36 15 31 19 47 35 28 15 26 3 41 12 39 31 13 20 32 25 33 6 29 47
0 45 33 29 27 46 27 25 24 40 13 12 28 39 15 22 16 20 11 13 13 25 25 25 31 31 26 44 46 16 26 18 27 16 32 26 19 25 38 17 17 25 22 0 30 27 13 19 28 18 45 36 22 12 26 19 30 31 33 42 32 35 3 16 37 11 13 18 32 5 11 38 26 16 16 23 16 6 6 29 24 10 26 46 24 26 15 38 27 23 22 30 31 33 16 35 0 10 23 21 8
0 43 27 28 26 35 16 19 30 17 19 14 35 39 25 3 8 26 27 32 34 31 8 33 20 35 16 22 35 28 21 11 31 42 31 24 20 13 20 36 22 29 28 17 0 22 43 14 38 18 4 12 22 17 27 27 31 21 45 47 22 27 7 11 20 16 20 34 43 34 9 22 27 23 26 22 29 6 12 41 13 42 38 26 42 12 34 20 42 14 19 19 36 30 15 7 16 26 20 18 22
0 29 35 29 36 23 19 20 44 28 35 34 28 30 16 45 38 29 40 25 14 18 33 26 29 32 9 15 16 27 38 28 31 24 42 36 32 35 29 20 43 27 31 33 26 0 14 19 21 33 10 17 24 46 12 9 8 15 24 7 30 21 19 34 11 27 33 5 25 10 43 15 24 7 21 26 15 40 28 26 33 12 7 30 28 15 34 28 41 21 24 40 9 24 23 36 25 15 20 11 30
0 24 11 29 27 23 34 4 31 4 23 15 13 19 34 17 14 41 3 39 24 41 36 36 2 42 30 25 25 28 28 16 28 32 36 41 16 32 21 15 27 27 44 36 23 48 0 28 21 20 21 42 12 29 32 7 42 26 37 33 19 18 45 22 31 32 36 36 45 14 23 19 16 9 45 30 18 19 23 17 26 23 15 26 19 29 19 35 41 26 34 32 46 23 25 42 26 25 33 31 21
0 18 23 7 2 18 21 16 43 12 25 25 5 10 24 16 32 34 38 44 40 34 23 44 21 7 41 21 32 32 15 46 12 12 46 17 45 29 34 31 15 14 44 28 16 13 16 0 42 28 8 28 32 28 25 46 24 12 21 17 21 10 13 44 27 20 32 24 27 42 23 19 14 34 44 24 38 9 23 29 30 26 8 19 32 44 25 23 5 29 10 23 43 24 8 28 40 20 30 41 22
0 38 36 14 21 18 18 9 21 25 25 6 33 5 8 20 35 42 23 28 19 32 31 10 18 20 24 40 31 25 29 28 24 29 15 16 27 19 23 15 42 35 12 19 29 41 35 25 0 21 34 5 29 17 10 24 5 16 49 22 18 16 32 35 19 9 29 31 30 8 28 39 34 13 36 27 18 26 30 35 37 37 37 24 38 34 36 35 11 22 23 32 32 10 30 29 22 12 22 32 11
0 34 37 8 33 17 42 26 25 37 3 38 4 25 25 19 12 17 22 26 14 21 24 18 38 24 25 27 21 28 8 17 24 27 14 27 28 22 29 4 43 16 32 31 38 17 26 17 10 0 34 24 4 18 27 27 23 15 16 18 21 16 7 35 45 25 28 31 8 19 39 39 11 36 2 6 24 39 42 19 14 31 15 20 13 27 17 45 29 20 34 20 28 32 25 27 22 22 33 47 5
0 16 24 27 26 1 22 18 3 29 30 30 11 10 30 46 37 15 36 13 48 34 35 29 20 17 21 36 33 34 25 34 25 16 32 44 22 44 41 8 16 17 42 31 11 12 40 14 32 14 0 30 26 27 20 21 26 37 23 35 22 32 34 13 3 38 30 10 38 13 20 22 22 36 26 43 23 25 8 22 21 34 45 27 48 25 37 22 33 15 26 23 34 29 35 26 14 39 32 41 31
0 4 18 40 12 8 22 40 34 8 30 12 29 45 36 18 7 18 25 8 25 18 11 26 44 43 19 38 23 40 17 41 34 20 25 22 2 33 32 20 31 21 15 41 25 41 44 14 15 11 18 0 43 25 12 3 45 32 21 28 19 14 30 17 19 38 29 24 12 47 16 13 30 28 24 13 33 24 2 33 22 20 29 22 15 34 16 6 15 37 13 21 13 0 28 35 22 37 26 11 38
0 9 23 9 35 29 29 18 31 13 34 38 24 37 17 28 17 5 42 26 25 3 15 42 23 44 33 10 21 33 5 22 39 22 37 26 4 24 16 21 36 26 24 12 31 31 37 27 23 14 18 30 0 28 21 23 16 27 31 18 19 18 42 17 40 33 25 29 26 30 2 45 3 47 26 25 40 14 42 22 47 18 12 8 23 18 36 4 47 24 40 14 33 33 41 19 6 29 16 40 12
0 26 33 23 47 6 41 7 33 35 47 21 17 7 25 33 14 36 29 26 22 36 31 22 35 21 11 10 21 27 21 10 38 31 27 39 27 34 15 11 2 45 24 36 22 36 11 16 9 45 16 45 24 0 18 28 23 39 34 42 28 24 36 26 22 31 32 9 38 32 18 34 20 18 22 14 36 21 38 42 40 35 23 37 30 23 22 48 7 26 14 10 31 38 17 47 19 15 10 22 43
0 17 27 21 15 41 23 25 19 18 23 32 29 26 15 23 29 29 33 32 24 29 7 47 23 42 40 26 34 16 32 23 34 39 37 23 35 22 30 23 29 25 13 30 20 21 25 38 13 34 20 29 35 42 0 14 21 32 11 26 8 46 22 33 41 30 37 42 22 24 20 26 15 8 1 14 23 20 22 32 15 40 15 25 21 34 27 7 13 1 33 14 26 28 23 19 25 28 14 47 29
0 15 26 42 26 46 26 15 16 24 31 25 28 30 27 29 34 20 7 30 24 31 23 44 34 22 24 29 37 41 31 15 28 32 21 17 22 13 21 29 9 4 1 24 12 32 29 27 33 38 11 12 35 24 34 0 35 23 49 7 4 46 21 22 31 30 22 19 30 21 32 40 47 14 9 29 43 23 21 24 29 30 7 35 20 36 10 30 15 37 27 28 18 39 38 17 37 17 29 49 35
0 9 28 10 29 26 24 32 28 22 37 18 14 16 27 5 21 11 34 18 12 28 24 33 19 22 45 33 26 39 44 42 13 23 19 4 18 22 35 17 21 17 38 33 24 12 26 29 30 24 33 22 15 1 30 16 0 35 2 19 31 29 35 23 11 24 40 30 25 31 23 45 24 9 32 33 44 28 21 23 17 37 21 29 13 23 28 33 24 13 17 1 34 3 20 28 12 20 13 30 27
0 19 17 24 31 43 5 47 26 47 35 2 31 26 22 16 42 21 21 36 34 10 26 45 7 16 25 31 13 24 22 10 25 9 36 44 21 40 13 13 22 27 13 15 36 33 11 39 25 29 26 19 17 27 15 13 24 0 23 34 25 31 30 16 20 39 26 39 26 9 37 24 37 21 10 15 38 28 33 20 28 24 14 20 4 24 35 18 32 15 22 14 19 18 29 49 41 26 18 10 22
0 19 38 26 2 40 8 34 48 23 33 39 19 17 9 18 32 19 33 14 31 15 28 29 29 22 27 36 13 18 17 25 17 17 11 20 16 16 15 20 34 19 17 17 23 13 9 17 4 42 13 16 39 6 26 13 17 30 0 14 17 26 10 28 42 19 24 26 20 43 19 2 1 18 36 13 13 38 36 25 38 12 30 34 34 15 28 24 9 34 17 20 22 33 17 25 24 43 21 44 4
0 18 35 27 25 41 26 22 32 29 10 31 33 20 37 24 19 36 36 35 35 25 21 13 14 37 40 29 27 36 8 15 31 28 10 32 9 16 33 36 29 30 32 18 24 40 36 42 12 20 26 34 40 30 15 25 24 33 24 0 25 43 13 9 42 36 46 14 18 26 22 40 44 40 3 32 49 27 26 33 46 7 23 25 22 34 10 28 11 17 26 35 6 26 36 16 26 14 11 5 40
0 3 3 18 35 14 31 25 20 18 18 26 25 28 12 33 32 22 23 20 19 25 31 21 25 39 26 11 47 22 26 22 24 15 32 28 17 15 27 2 28 20 4 25 25 36 33 12 29 23 16 30 2 15 29 17 19 21 12 24 0 8 21 27 32 12 18 24 10 32 21 19 16 26 9 20 44 31 9 41 35 17 33 17 36 26 14 12 18 30 32 13 16 32 32 13 44 5 34 25 31
0 6 17 39 36 42 17 24 31 36 18 36 19 28 36 12 21 32 38 41 19 20 43 15 18 12 34 23 13 36 39 10 3 43 18 25 38 9 37 35 12 17 10 46 21 1 34 4 24 9 33 37 29 26 30 24 17 23 16 27 14 0 34 13 37 38 10 44 16 18 32 35 14 44 26 46 28 35 24 12 40 19 18 39 47 29 21 32 41 32 24 15 6 44 39 29 22 37 25 26 27
0 29 14 31 21 15 14 16 31 11 26 21 36 30 32 23 33 25 28 39 37 27 34 16 10 7 23 13 23 22 4 30 16 10 22 36 33 28 2 13 29 8 40 19 26 26 21 31 36 19 27 46 32 11 22 5 22 24 33 16 14 30 0 42 14 32 26 14 16 36 25 36 48 20 31 22 16 5 5 21 16 35 14 16 37 19 23 19 39 34 32 21 10 25 16 38 23 29 32 23 22
0 41 32 23 33 20 34 21 6 30 19 38 6 35 33 49 43 35 22 19 16 28 22 35 21 35 22 32 24 24 16 33 17 10 18 20 33 19 42 44 26 47 41 48 35 25 41 12 20 29 43 22 32 20 28 38 33 22 29 34 25 27 9 0 15 22 16 26 35 30 9 20 22 28 8 35 22 38 19 43 19 21 22 18 20 14 27 31 14 13 34 30 17 19 22 31 19 25 41 25 29
0 33 10 19 31 19 41 39 25 23 40 34 37 9 26 37 37 48 17 3 30 38 24 16 21 39 26 45 44 23 33 32 33 41 27 16 36 13 30 20 16 31 35 19 42 26 29 11 41 34 40 38 23 3 21 8 8 49 37 26 24 35 21 46 0 21 26 31 17 4 9 17 23 25 38 45 13 23 36 35 25 24 28 28 7 49 18 20 31 24 33 42 49 20 10 5 40 34 19 31 47
0 5 26 39 27 28 13 8 22 17 11 27 41 17 10 24 29 21 17 46 18 36 37 30 22 35 6 20 24 13 20 44 21 30 28 15 25 42 15 12 18 9 26 14 26 16 23 21 30 30 15 27 10 8 25 14 11 35 25 17 16 26 22 24 46 0 22 47 13 19 20 32 15 45 29 23 23 35 34 35 38 42 14 31 22 33 31 21 33 19 42 35 23 37 30 21 31 19 38 36 33
0 43 25 49 27 31 42 34 33 38 12 18 4 26 23 21 39 35 28 25 16 33 25 24 10 15 47 16 29 26 12 11 6 13 33 12 22 29 15 21 32 25 1 38 24 30 18 27 31 29 32 46 34 23 9 31 4 42 31 42 20 10 25 42 33 17 0 18 37 29 13 26 33 15 17 29 27 15 16 36 14 9 26 40 29 31 25 39 17 18 45 9 14 33 30 23 14 22 21 10 30
0 26 7 13 15 32 21 29 27 34 19 17 29 25 31 35 37 11 15 30 26 29 38 12 34 22 6 22 5 16 18 18 23 24 30 26 23 17 20 20 38 20 25 25 42 38 38 37 25 48 26 42 17 14 26 36 9 33 16 37 49 23 24 22 18 10 35 0 48 26 38 38 37 18 3 31 23 14 22 29 14 7 25 37 39 38 18 9 37 27 19 25 30 19 13 17 36 17 16 20 10
0 23 11 1 23 42 15 23 18 12 40 18 32 38 15 16 29 0 8 11 11 14 45 32 13 21 20 41 29 31 7 30 42 48 30 15 10 11 22 19 39 14 16 47 32 31 26 27 38 33 36 28 43 30 8 36 44 24 27 18 33 16 23 16 19 21 5 12 0 33 15 41 22 25 21 36 18 10 36 26 15 16 34 31 23 14 14 22 29 27 17 24 28 27 38 23 30 29 28 27 32
0 32 10 16 19 13 5 25 11 25 19 20 14 29 14 3 30 23 12 26 21 14 16 7 17 46 28 23 23 37 17 25 10 23 26 20 10 23 16 36 20 28 32 24 19 31 46 16 15 11 39 23 22 42 31 17 14 30 14 33 24 5 21 23 5 10 27 20 22 0 22 11 17 22 36 37 20 9 19 24 15 20 17 41 19 35 32 34 32 14 30 38 26 44 33 25 12 6 28 16 43
0 24 7 41 20 42 44 2 22 12 6 26 22 19 23 29 1 36 35 24 17 32 38 26 46 27 41 46 21 16 33 31 10 49 4 32 23 38 28 18 12 20 34 37 37 27 3 21 26 34 7 11 28 32 39 26 20 24 48 43 18 23 35 27 32 13 15 21 16 39 0 23 14 11 48 42 24 6 15 16 14 9 5 25 40 19 42 20 24 8 21 22 28 30 23 21 15 32 32 12 24
0 26 12 33 28 34 37 28 16 17 27 21 38 17 27 46 19 24 32 22 5 30 27 37 20 22 23 27 35 17 27 19 24 7 27 25 3 14 25 13 7 18 20 16 23 45 28 16 26 18 26 43 8 28 30 20 35 20 29 25 10 35 47 19 33 32 9 33 20 19 27 0 26 34 8 13 27 32 31 32 15 23 34 35 29 27 36 36 21 30 25 18 30 15 26 22 28 45 29 15 14
0 40 40 30 14 18 44 35 30 42 35 18 19 31 26 20 10 4 12 15 41 21 21 20 31 17 15 16 42 25 9 30 11 49 26 22 25 16 14 21 37 15 32 22 37 19 30 23 37 23 41 2 36 31 30 19 17 35 32 21 18 11 23 26 35 45 21 21 17 12 42 28 0 31 36 28 30 18 15 15 33 24 21 11 10 30 39 31 19 30 11 14 19 9 33 19 24 22 17 38 40
0 21 15 19 19 3 2 22 23 44 33 11 15 24 23 20 16 12 2 14 22 39 32 3 15 32 27 11 28 24 17 12 18 37 5 20 21 30 34 42 20 31 13 46 36 15 11 22 12 30 28 18 11 33 25 14 7 8 19 12 11 28 36 27 38 9 36 24 40 32 9 37 47 0 47 35 14 20 18 13 3 27 14 3 47 18 34 20 36 13 26 26 35 0 23 5 14 3 45 30 30
0 21 17 11 8 31 5 17 31 38 1 9 12 46 21 41 31 36 12 14 49 24 18 18 34 20 28 29 22 23 48 26 36 12 3 32 31 29 16 37 6 34 33 17 13 37 29 12 45 39 34 38 44 38 22 35 37 15 9 13 26 27 46 32 8 23 45 2 22 14 27 17 29 34 0 9 22 15 15 12 26 39 25 45 26 29 22 15 9 23 35 22 34 18 40 14 46 36 12 6 24
0 11 27 29 12 38 32 24 27 29 27 48 25 6 2 12 24 21 38 29 38 29 24 24 30 19 33 29 20 48 7 41 1 39 35 22 28 38 38 17 37 36 16 20 6 48 18 17 34 41 14 35 25 25 23 26 25 25 15 35 14 40 25 17 6 36 42 12 25 21 32 1 21 2 39 0 28 13 5 19 9 28 23 13 36 20 37 14 22 24 21 30 32 39 27 8 32 23 26 12 28
0 37 14 30 15 12 46 34 37 21 15 12 27 22 10 7 47 37 32 24 24 20 28 2 30 22 45 16 29 42 31 8 46 40 25 41 6 31 44 37 38 27 31 26 43 42 14 18 11 13 36 13 26 23 29 17 27 26 25 34 21 34 34 7 26 0 31 25 32 21 6 27 21 28 16 35 0 38 21 10 15 35 20 25 15 30 15 16 21 29 48 17 32 25 49 18 20 36 26 2 23
0 12 22 24 14 22 9 32 8 34 29 11 35 20 19 11 14 18 21 16 12 14 8 21 22 10 41 8 40 35 0 24 31 14 14 12 26 32 24 13 19 14 19 16 42 28 23 5 26 39 15 13 22 37 16 39 32 37 21 40 32 24 40 39 20 29 15 35 33 41 43 16 9 25 18 24 30 0 20 20 22 24 29 9 33 33 26 34 30 26 21 32 35 25 38 25 28 7 30 9 21
0 20 19 44 24 12 31 35 19 33 39 29 15 45 9 19 38 23 32 43 6 22 46 18 14 37 4 37 28 7 11 31 47 7 21 25 19 49 38 23 11 33 26 7 12 21 37 20 28 5 38 21 36 42 9 26 34 16 35 19 7 12 21 48 11 27 21 40 22 25 0 15 12 41 32 28 31 20 0 32 24 10 28 16 39 12 32 10 20 38 42 24 29 24 31 34 37 21 29 13 37
0 7 32 19 22 28 21 26 32 33 14 32 30 26 10 27 25 13 1 15 22 19 46 16 15 25 2 24 34 33 22 24 6 32 19 3 28 16 32 17 41 29 33 25 31 45 24 16 24 24 12 29 27 33 31 45 22 37 23 22 26 25 2 15 14 27 2 14 23 16 16 4 43 22 22 20 27 35 36 0 18 35 33 44 19 25 36 27 7 25 28 38 3 25 1 42 26 12 25 3 13
0 9 35 32 17 23 20 29 24 44 36 31 9 33 25 12 27 18 36 27 33 10 1 17 30 28 5 13 32 34 45 33 34 43 41 13 27 33 12 5 25 44 30 18 19 30 9 30 23 40 2 30 19 27 23 14 40 17 12 40 27 18 30 28 30 44 41 16 26 25 34 1 36 18 28 26 29 48 9 27 0 10 14 23 22 22 10 32 42 43 24 46 19 33 22 41 11 17 35 6 19
0 21 8 44 19 20 36 45 39 24 11 21 19 45 31 36 30 21 36 28 24 37 9 15 33 13 38 43 26 38 21 23 16 6 14 37 21 9 22 23 7 24 13 22 19 38 27 33 35 23 25 39 2 41 20 13 19 4 37 11 5 10 1 29 31 16 23 25 33 21 12 16 23 14 3 15 40 29 44 34 10 0 35 14 30 27 23 28 28 9 21 19 47 44 28 49 7 17 36 26 45
0 0 25 5 48 8 23 30 32 13 22 30 22 36 9 43 23 24 31 5 21 23 27 39 30 18 21 29 26 14 24 29 33 9 23 18 20 38 28 36 12 31 42 12 36 39 33 32 15 10 11 36 34 36 16 30 20 17 18 19 34 5 26 2 11 15 19 28 22 29 7 9 9 30 25 26 23 29 29 33 26 21 0 24 38 15 23 1 42 27 21 34 37 21 41 12 9 5 48 40 23
0 23 29 28 17 35 35 29 38 0 28 32 24 49 27 28 29 29 18 40 46 21 16 36 18 40 28 30 4 21 11 25 37 42 43 17 25 13 23 29 19 26 16 21 21 31 11 21 33 33 23 27 37 45 29 7 31 38 21 31 9 34 29 4 22 44 24 24 27 17 45 10 39 19 13 29 28 29 39 15 29 27 6 0 13 19 19 42 21 7 40 15 39 3 31 24 30 14 27 25 36
0 32 2 16 28 16 16 20 33 33 12 4 27 15 35 23 25 26 27 17 15 25 25 15 25 49 10 28 17 49 35 38 13 28 21 34 38 18 38 12 7 27 28 20 36 22 33 17 39 6 22 36 10 16 45 20 10 17 15 20 15 40 13 20 42 9 11 38 18 33 35 30 36 21 8 24 1 11 34 15 22 29 15 11 0 11 17 3 24 11 44 39 33 19 42 26 15 30 10 49 27
0 24 15 8 34 37 7 13 29 13 27 21 35 32 23 37 34 22 33 24 7 31 38 22 15 22 11 10 28 34 42 30 16 12 13 30 33 26 22 11 19 42 38 2 23 18 40 25 38 12 6 36 20 8 22 18 35 8 39 19 7 14 44 20 11 19 41 11 32 32 43 33 29 32 36 29 16 29 17 22 31 30 43 8 41 0 26 39 37 22 46 19 34 27 17 33 33 32 34 13 37
0 32 20 12 19 27 38 11 20 34 31 6 23 10 29 6 22 27 21 29 34 45 22 15 22 28 14 29 20 34 41 15 12 34 28 12 49 21 25 27 19 20 47 24 12 24 43 9 34 4 5 34 34 30 9 47 39 5 31 17 15 39 17 18 17 24 8 35 20 22 38 36 44 35 30 35 16 28 22 13 40 30 27 31 36 41 0 12 46 23 46 23 18 23 24 1 30 9 25 37 46
0 27 31 18 33 18 25 27 9 30 24 11 47 29 28 17 17 40 37 36 21 3 26 43 7 18 33 41 10 23 36 21 20 23 12 39 45 23 26 1 29 22 28 22 31 24 44 30 33 43 36 21 26 35 39 15 32 28 33 5 17 25 23 31 2 42 17 22 25 23 17 41 10 28 31 38 20 19 49 32 28 34 14 11 20 26 33 0 6 8 17 14 35 28 29 27 16 16 26 23 18
0 16 16 38 15 23 36 27 20 44 19 19 15 31 36 20 20 18 23 29 12 9 7 23 9 17 13 37 37 15 47 41 30 26 29 15 49 26 38 2 47 17 21 36 23 32 42 19 32 31 32 40 43 30 7 40 29 39 28 31 24 24 38 24 31 12 35 11 20 34 29 8 6 11 20 10 43 26 13 35 25 13 20 25 25 17 21 15 0 11 11 6 26 1 19 27 46 14 29 27 10
0 24 24 21 30 22 17 37 7 25 23 22 7 18 40 11 9 17 19 39 3 23 20 13 40 37 45 33 11 24 21 34 37 10 45 18 9 38 18 26 34 8 27 14 19 27 46 2 27 30 30 37 12 24 31 27 19 18 15 9 22 44 21 43 34 18 12 11 41 45 16 19 25 5 46 13 33 9 28 12 5 37 42 18 18 36 15 34 42 0 11 0 14 15 33 44 14 21 41 31 19
0 22 44 29 32 25 21 13 4 12 31 29 3 6 14 14 11 12 16 26 28 39 4 23 12 32 32 41 37 4 44 18 42 7 21 17 10 37 20 44 8 32 31 36 25 23 18 41 33 11 1 18 14 10 32 25 11 24 37 24 32 32 20 16 11 19 27 17 4 30 8 17 8 16 33 34 38 43 15 18 39 33 27 24 13 28 23 11 18 24 0 24 34 38 12 14 5 31 37 25 33
0 11 31 13 40 28 31 28 21 25 17 16 10 13 11 21 42 16 13 22 8 32 25 33 7 23 27 29 37 14 12 27 14 34 13 24 24 27 32 27 17 33 26 26 20 36 4 17 32 20 4 23 21 38 7 42 37 22 19 37 40 35 27 30 31 31 25 10 19 43 27 32 24 27 30 17 25 42 5 12 36 28 21 12 1 24 21 26 17 16 29 0 20 14 37 47 5 37 29 23 12
0 27 43 15 45 31 25 20 22 33 37 17 17 29 32 19 27 30 28 33 31 26 43 21 10 30 28 19 24 1 21 17 32 22 13 14 13 21 23 12 16 24 37 27 18 29 11 27 36 40 26 38 28 24 9 28 31 35 35 15 23 38 32 0 38 20 30 9 17 3 28 13 12 29 36 19 7 20 30 21 25 6 20 31 38 20 26 27 18 45 19 29 0 0 40 30 17 29 22 34 29
0 6 32 16 22 28 18 25 30 41 28 37 26 25 40 49 23 36 45 48 28 24 37 35 38 42 27 22 25 24 12 22 33 16 31 11 8 23 3 24 24 27 35 18 39 36 46 27 17 35 48 36 17 24 20 26 12 19 8 31 21 10 12 5 9 26 20 29 11 23 23 10 24 37 26 31 23 18 21 25 14 23 20 36 30 24 24 24 23 39 33 29 26 0 19 36 28 15 30 32 25
0 16 21 25 22 21 30 5 15 29 22 24 31 48 18 42 26 9 14 19 18 8 38 28 10 34 12 33 22 10 28 36 15 12 38 14 23 26 30 31 22 35 34 18 14 30 32 49 20 21 30 30 22 35 7 12 27 10 26 27 26 28 21 34 30 10 31 30 37 25 20 7 30 35 37 31 20 2 27 33 16 23 47 28 20 14 21 20 7 4 18 25 10 18 0 35 22 16 14 35 30
0 32 10 43 21 39 36 16 6 15 17 27 29 5 18 17 38 0 30 24 18 21 39 31 10 21 32 33 34 15 36 22 29 11 25 23 19 32 40 28 25 36 20 36 17 23 31 15 32 29 24 19 25 15 19 33 22 17 27 16 28 25 18 26 24 32 33 11 15 20 15 23 23 33 22 38 14 41 23 20 11 18 34 37 16 23 43 15 31 41 33 2 12 22 34 0 26 21 26 37 32
0 28 32 13 3 32 22 29 37 27 24 29 23 29 2 40 25 12 13 32 30 35 34 11 17 36 34 9 20 41 39 39 18 13 22 7 19 12 14 27 18 37 37 37 20 18 31 12 20 28 37 12 18 3 25 35 47 33 5 16 12 12 13 25 25 16 29 39 31 13 15 44 38 29 17 31 26 17 27 29 25 13 22 31 30 8 34 37 20 31 30 24 18 32 17 6 0 41 6 39 47
0 32 40 29 28 36 35 27 3 41 26 25 23 31 17 34 22 24 15 17 26 49 17 10 23 18 18 29 35 8 29 23 9 33 28 41 26 23 41 18 21 27 29 21 24 28 28 5 14 20 27 19 24 13 22 13 24 22 23 28 23 19 12 34 40 21 13 35 31 2 10 44 27 14 29 36 43 21 30 20 0 11 2 38 14 31 26 27 30 23 26 9 28 36 11 22 30 0 38 18 47
0 20 41 22 10 35 28 21 4 34 30 37 24 14 36 46 28 31 16 45 15 23 26 22 25 32 17 20 31 28 19 28 13 25 17 24 23 38 16 41 35 14 28 35 33 39 41 29 9 29 10 35 21 39 30 33 15 43 28 12 37 18 6 36 23 26 39 18 32 35 40 19 18 28 26 36 15 29 16 25 22 34 17 42 4 23 37 20 28 22 28 37 27 47 15 12 15 32 0 14 38
0 27 36 1 26 17 19 30 27 33 26 29 39 26 21 27 1 21 22 46 32 33 9 10 30 22 44 40 3 27 22 27 27 30 7 15 21 36 44 23 23 29 37 44 13 14 34 30 42 31 31 22 29 17 18 28 12 31 43 15 31 12 27 35 26 33 32 44 32 23 39 45 4 33 28 42 39 37 41 32 8 19 36 16 32 33 41 42 25 24 20 24 11 25 28 14 40 21 35 0 26
0 35 49 29 26 35 25 37 17 25 20 6 14 22 38 22 7 29 28 14 26 34 22 25 12 36 22 40 15 7 6 17 19 31 19 31 9 32 18 20 10 5 44 45 30 30 11 30 20 15 18 16 24 23 29 32 30 32 26 20 46 45 35 16 3 46 31 26 34 11 41 18 6 11 47 12 10 24 35 39 3 19 23 39 38 16 9 28 37 16 14 14 15 18 39 16 23 38 19 15 0
