100 2
1 0 8 8
2 0 5 3
5 230 6 4
16 188 1 9
17 0 10 8
17 0 3 7
20 178 2 8
21 204 7 8
21 25 1 8
24 83 9 9
11 0 2 4
25 0 6 9
25 48 10 8
11 162 1 3
33 195 10 9
34 206 9 9
33 247 4 8
42 56 9 10
38 0 5 9
44 0 5 10
29 48 5 6
30 0 7 6
47 249 3 9
16 218 6 3
44 112 1 8
39 135 8 7
45 0 10 8
57 102 5 10
47 0 8 8
42 249 10 7
55 0 8 9
48 0 7 7
55 0 6 8
49 86 5 7
72 120 8 10
67 139 7 9
67 0 9 9
68 267 9 9
72 105 3 9
8 149 9 1
66 56 9 8
58 156 6 7
52 135 7 6
35 160 8 4
88 0 6 10
90 214 6 10
73 0 8 8
46 141 10 5
37 93 6 4
76 225 4 8
38 0 6 4
96 99 2 10
69 59 10 7
40 86 10 4
85 0 8 8
96 89 3 9
99 0 7 9
68 0 9 6
91 0 9 8
92 130 7 8
81 189 10 7
81 282 8 7
60 59 3 5
84 0 5 7
86 0 3 7
89 0 10 7
77 188 1 6
65 0 3 5
96 209 10 7
96 121 5 7
55 0 2 4
83 0 1 6
73 106 3 5
98 0 10 6
70 0 10 4
96 168 10 5
91 0 7 4
69 0 8 3
84 0 1 3
57 0 2 2
60 0 1 2
31 284 6 1
95 126 4 3
96 0 3 3
97 0 5 3
67 71 3 2
35 0 7 1
38 179 4 1
78 0 1 2
39 173 5 1
84 89 10 2
44 0 1 1
89 0 3 2
50 134 4 1
59 0 7 1
64 13 7 1
65 233 4 1
67 76 10 1
73 40 9 1
94 121 5 1
SETUP
0 21 45 27 38 26 13 43 39 29 7 18 28 34 23 28 14 1 37 52 4 0 11 17 9 51 39 57 27 27 48 28 34 32 28 47 32 31 20 34 12 17 42 25 50 19 19 18 20 6 26 27 35 28 34 40 22 36 25 35 33 26 19 28 38 34 12 22 38 25 16 29 40 38 53 23 32 19 34 35 42 36 22 41 24 27 39 36 41 37 21 39 24 11 43 30 18 42 2 36 27
0 0 46 7 18 38 53 29 29 22 48 29 26 22 8 49 23 23 29 31 48 38 17 23 13 17 40 32 17 54 18 27 29 2 55 34 19 28 37 29 29 30 43 17 43 34 3 56 11 46 53 18 31 37 15 23 38 34 36 27 35 33 28 44 49 34 22 29 11 40 41 32 9 43 40 52 50 35 9 34 31 14 30 24 28 41 43 1 6 16 17 35 34 37 41 43 16 24 50 28 50
0 33 0 37 12 45 22 12 20 4 21 23 15 3 39 17 34 6 21 44 9 16 3 30 12 17 12 25 26 36 46 19 34 24 29 19 31 33 33 38 13 37 40 9 29 37 17 33 31 10 22 13 31 53 11 4 35 15 45 39 51 20 16 42 20 35 16 28 16 4 18 40 29 44 27 14 36 38 22 13 42 45 33 19 15 1 35 48 21 40 20 31 51 26 22 25 23 37 25 39 7
0 15 7 0 11 35 49 19 34 33 38 55 23 12 41 25 25 46 32 5 41 14 26 31 21 48 30 52 42 11 38 24 36 28 28 35 32 41 34 20 47 46 34 25 36 49 18 47 23 51 29 38 35 34 1 27 36 32 37 16 12 38 44 15 19 43 33 35 15 17 21 32 3 46 24 12 40 32 1 37 37 48 17 38 18 33 39 29 21 31 43 27 20 28 6 42 26 19 23 51 32
0 38 16 27 0 18 25 29 25 6 20 13 21 20 19 54 31 39 42 11 33 25 34 27 29 40 41 14 34 38 12 19 28 35 48 32 9 52 47 8 43 37 39 49 55 36 17 20 18 8 49 56 15 24 15 21 29 2 33 27 45 18 35 24 21 34 34 4 32 23 36 15 43 5 40 20 52 28 21 35 0 36 38 18 24 33 34 25 25 25 36 48 7 44 21 11 45 19 50 30 21
0 19 27 46 27 0 20 37 13 43 16 3 36 35 34 38 11 14 43 16 44 36 5 19 19 22 21 29 30 34 36 29 9 57 57 42 2 23 44 32 27 21 8 5 21 33 26 24 46 20 21 22 22 30 8 48 37 35 27 37 21 23 31 21 21 11 50 43 44 27 50 11 35 30 46 31 41 18 28 39 39 42 31 56 15 20 21 17 14 28 33 36 32 28 25 23 40 26 10 30 33
0 43 21 48 31 46 0 19 38 26 9 30 43 21 37 18 30 17 22 1 8 45 27 25 6 10 10 33 27 12 44 36 23 49 44 23 23 38 40 7 29 32 36 34 54 17 14 26 44 11 38 36 17 23 12 9 6 30 35 30 32 39 11 21 46 7 14 25 11 31 33 51 23 46 34 23 46 24 32 17 18 19 29 31 22 42 46 8 23 21 36 31 23 28 14 39 22 35 19 32 47
0 34 52 15 33 23 19 0 15 16 28 40 55 4 25 50 13 39 24 4 29 51 52 34 21 13 30 42 18 6 14 9 50 25 14 37 40 34 25 18 14 39 35 26 56 35 24 34 50 27 41 24 11 24 21 16 20 4 47 36 40 25 36 47 14 24 43 26 30 53 39 34 31 20 24 40 5 30 34 34 31 13 48 20 41 5 11 20 37 4 37 27 38 10 29 39 33 7 17 35 24
0 19 28 16 30 43 52 40 0 3 23 39 27 44 50 36 48 24 31 12 13 32 25 35 30 25 23 18 29 32 15 14 24 26 40 29 30 16 18 23 12 40 30 44 7 45 52 43 42 46 34 26 27 22 29 42 29 6 43 27 26 29 35 17 20 10 32 23 25 39 32 18 33 8 37 27 15 25 23 18 15 42 38 32 24 39 36 26 41 28 20 44 55 26 24 14 38 36 49 26 22
0 25 43 27 25 37 27 30 47 0 9 14 44 33 37 16 27 25 35 52 27 40 16 22 49 47 55 19 44 32 9 36 43 32 39 5 39 25 50 5 36 17 19 9 20 38 24 40 35 15 23 20 32 22 16 25 6 12 23 37 25 46 37 43 31 35 42 40 24 25 23 24 33 46 26 39 20 30 35 11 6 20 27 43 34 30 22 44 28 43 4 9 35 32 22 13 29 30 23 23 7
0 51 13 42 54 23 20 51 33 21 0 8 53 33 33 42 10 27 29 15 26 38 21 24 33 31 12 15 26 51 34 31 36 17 21 43 40 6 16 13 17 33 8 21 30 29 23 27 30 21 28 45 39 34 4 14 21 19 4 15 23 31 12 49 30 20 30 26 39 14 19 36 23 29 35 37 29 40 39 38 38 39 8 6 44 53 21 13 25 21 19 40 42 45 31 19 44 40 33 25 24
0 37 26 33 29 28 30 29 7 35 38 0 27 28 34 37 8 41 33 39 31 43 37 41 39 33 11 42 37 16 7 43 28 19 18 31 26 29 18 23 16 36 21 45 24 18 18 26 48 41 38 44 41 20 24 33 43 44 42 40 6 6 24 50 4 26 27 26 39 42 1 27 26 44 8 19 15 34 27 38 49 31 48 41 22 0 9 38 29 16 13 28 39 23 53 40 33 34 30 39 39
0 14 28 45 28 51 35 23 30 8 50 6 0 34 9 24 30 20 40 32 14 16 31 45 28 18 48 30 32 34 29 20 32 50 15 22 37 17 32 34 28 39 24 21 17 34 28 2 30 12 40 18 41 24 40 30 13 12 29 45 47 19 30 14 25 28 10 2 12 40 29 21 14 17 43 35 1 22 18 25 28 34 36 5 47 32 27 15 24 20 27 1 16 26 12 18 28 2 23 32 7
0 34 48 21 13 23 23 43 37 19 51 39 36 0 30 38 20 24 32 29 23 22 22 8 45 8 25 10 32 21 40 44 36 21 13 23 21 10 17 37 14 40 32 20 30 39 23 20 38 34 39 38 9 23 44 31 21 39 25 23 41 27 38 32 41 39 13 29 26 47 16 27 27 5 45 20 20 18 48 6 42 44 43 17 19 15 3 16 24 45 14 28 18 33 27 49 18 26 48 16 32
0 28 31 20 20 55 32 18 39 31 30 21 54 42 0 16 20 18 48 22 50 23 13 37 36 34 28 28 1 32 12 39 13 33 23 34 8 27 49 40 50 43 11 15 41 27 14 15 33 55 21 18 35 26 18 32 24 40 40 24 29 12 20 30 35 36 22 14 38 24 45 40 29 22 11 13 25 25 8 30 27 36 33 22 19 29 28 28 10 50 37 15 31 34 29 46 41 34 41 22 10
0 5 23 15 3 31 16 36 23 34 8 26 52 26 20 0 28 9 45 27 55 29 40 18 43 28 34 20 25 32 49 48 53 19 43 23 31 3 37 42 38 17 40 20 8 31 42 10 16 32 11 39 8 43 48 26 8 14 20 6 21 35 24 8 24 22 44 32 52 7 18 50 10 30 9 48 1 7 33 52 30 37 42 1 35 32 50 29 8 27 24 16 17 20 27 38 24 23 41 24 25
0 27 25 38 19 47 2 11 47 14 47 19 39 34 25 41 0 29 11 39 35 36 11 25 0 39 13 37 33 27 34 28 56 23 23 30 19 20 42 38 16 10 10 24 36 21 33 20 46 6 3 38 22 26 8 1 1 18 27 26 26 36 46 30 48 29 18 50 39 24 50 51 8 19 27 37 45 21 14 39 12 47 20 9 48 29 32 2 33 18 48 26 4 8 19 48 5 45 32 50 36
0 21 49 32 39 15 3 16 15 19 40 17 2 55 48 15 29 0 31 11 18 33 32 39 25 0 19 6 29 21 30 7 4 36 46 15 23 29 25 9 25 38 29 24 50 1 17 32 2 16 44 11 38 40 19 34 53 41 13 23 36 30 27 23 32 27 1 22 21 34 27 4 25 25 20 7 23 18 57 15 35 47 24 29 33 44 35 28 38 21 18 25 7 45 34 12 34 51 26 11 29
0 40 20 23 21 7 20 33 20 34 31 20 45 33 27 39 23 31 0 25 18 34 13 54 43 29 27 42 10 30 37 29 30 19 45 11 40 16 44 35 24 24 27 23 23 24 19 32 9 1 42 15 47 17 29 30 28 34 26 40 20 28 56 53 43 37 20 26 18 41 42 20 25 38 26 22 34 26 15 13 19 50 3 23 45 13 14 38 23 27 32 17 43 29 34 36 16 36 47 35 25
0 50 23 34 6 27 44 29 14 49 40 45 45 33 29 19 26 18 9 0 32 47 31 33 25 37 20 51 30 50 42 8 20 43 28 23 0 11 31 30 28 10 48 24 30 8 25 31 48 30 48 48 26 13 44 31 49 11 49 36 19 9 45 26 14 23 18 38 9 39 1 32 36 5 26 12 29 29 43 9 12 24 18 25 33 17 29 37 31 46 47 37 26 5 42 12 36 15 8 42 55
0 29 27 12 0 21 13 21 26 51 21 43 21 24 23 12 30 15 45 39 0 39 39 43 10 30 17 16 52 37 26 1 36 31 7 21 34 12 37 35 20 21 34 9 13 34 50 22 33 45 25 31 37 32 47 17 23 8 17 22 36 18 19 16 36 30 33 30 24 45 49 40 26 31 38 22 30 45 37 26 10 19 29 27 31 28 33 28 44 3 15 12 26 37 27 24 32 16 26 27 31
0 56 25 19 35 22 25 31 36 8 6 26 35 25 7 46 34 29 38 41 27 0 27 18 52 37 36 36 12 41 24 18 15 42 39 27 43 40 22 38 16 35 21 27 38 35 22 24 33 38 34 7 42 26 47 31 3 18 47 46 39 8 18 21 33 23 24 16 38 47 11 10 52 18 50 20 14 30 28 31 34 42 28 22 33 16 31 24 3 10 14 19 16 34 32 29 52 37 32 19 4
0 2 41 27 20 36 33 40 32 29 13 36 48 14 32 54 40 37 31 21 38 34 0 41 13 19 12 23 19 20 19 47 28 53 35 10 33 47 35 21 29 26 46 29 46 20 28 57 33 36 21 55 9 18 38 46 40 16 34 18 7 23 10 49 36 50 34 15 26 21 10 13 25 46 17 5 31 18 45 11 25 42 19 45 34 24 21 28 24 10 13 34 19 24 23 36 34 21 20 44 19
0 50 28 51 37 56 47 38 16 19 49 14 29 27 32 33 23 28 28 18 39 1 27 0 23 17 8 22 39 33 35 3 29 40 2 21 30 54 39 19 26 29 16 44 29 32 24 39 25 42 22 47 48 32 26 31 41 11 23 21 29 21 55 37 32 18 14 46 40 27 16 32 24 37 28 17 43 37 8 12 28 48 32 29 19 32 21 46 44 25 24 39 45 21 28 55 28 35 29 11 12
0 30 18 47 36 19 40 33 32 22 44 43 27 38 21 51 33 19 37 35 9 24 30 56 0 26 24 20 32 5 10 27 37 24 13 38 29 32 37 12 25 35 56 44 28 9 40 9 8 19 46 33 26 28 19 11 28 29 39 18 10 52 45 47 11 31 47 10 20 32 26 40 21 19 56 40 21 19 15 32 31 31 7 14 18 36 16 26 38 34 22 37 29 54 54 45 20 20 49 36 36
0 5 36 32 39 24 30 19 32 51 41 39 49 24 40 30 20 7 25 31 37 20 26 24 13 0 18 5 24 14 25 12 33 24 54 42 27 32 17 18 22 37 25 10 33 32 30 18 23 16 22 6 29 35 28 35 17 37 15 9 16 19 16 52 29 48 27 49 31 37 39 34 25 30 31 48 18 14 35 3 39 15 11 33 44 34 28 23 44 49 16 30 53 41 47 7 21 36 31 15 11
0 40 45 50 20 19 6 18 25 14 15 48 16 47 47 14 18 32 26 27 25 31 32 11 16 34 0 17 33 29 33 8 43 11 22 42 38 40 43 31 22 24 36 48 25 31 26 12 49 29 7 17 40 40 39 28 49 26 33 49 48 1 12 51 39 27 16 5 38 28 49 26 44 29 16 57 29 56 32 26 29 21 39 25 38 12 15 31 20 20 42 30 2 23 36 16 17 36 39 34 41
0 29 19 25 44 26 25 32 7 22 21 17 26 12 33 44 40 42 37 20 54 48 31 43 40 38 25 0 21 27 34 25 26 28 28 35 16 43 39 35 24 23 10 27 38 18 57 51 29 39 12 21 40 31 31 45 32 47 37 34 17 18 17 17 38 36 32 29 50 45 20 38 1 47 39 46 7 50 45 53 38 20 35 11 14 23 14 44 1 33 21 2 37 16 16 36 43 24 18 41 7
0 29 37 22 27 55 18 30 43 6 11 24 20 37 44 33 43 23 14 27 23 27 31 35 57 42 39 18 0 39 11 45 42 36 33 0 19 40 29 27 33 26 24 43 29 30 22 36 37 15 20 25 41 22 36 23 34 18 33 29 27 56 22 48 14 27 31 28 29 12 14 15 33 38 44 15 44 41 43 9 1 32 10 23 40 26 31 24 33 27 8 12 29 9 42 27 26 8 6 29 23
0 20 34 22 35 24 33 14 27 28 44 7 28 20 22 46 42 15 24 3 5 23 27 3 11 40 39 27 14 0 55 40 30 30 12 30 32 48 34 43 32 31 34 24 36 44 20 4 25 49 43 9 10 53 48 24 44 41 19 3 7 41 30 25 46 50 37 25 16 24 16 25 21 24 22 25 12 38 30 55 34 28 35 43 4 36 32 16 9 44 35 46 38 32 28 41 14 35 14 39 46
0 45 42 0 13 24 29 31 19 22 33 50 27 53 2 37 24 36 35 30 33 48 32 30 38 41 32 37 30 31 0 41 51 57 40 11 45 32 25 13 24 29 38 21 37 29 30 16 6 27 29 32 37 33 34 31 12 19 35 28 19 25 12 39 29 13 45 36 1 32 23 4 39 21 47 39 22 29 42 42 18 19 5 28 24 16 15 18 35 42 8 11 41 27 51 27 28 49 3 31 19
0 2 20 30 29 57 7 22 17 34 31 37 32 9 19 27 6 39 40 29 44 40 18 40 38 23 34 22 20 25 27 0 33 19 32 7 46 36 34 29 13 4 32 29 33 10 32 18 8 24 44 24 8 25 7 22 21 25 11 32 45 12 21 35 35 19 31 21 45 14 42 19 0 24 24 15 43 30 24 13 43 49 42 18 23 16 35 35 30 22 40 15 49 15 28 52 25 15 31 23 38
0 37 3 35 27 17 38 23 43 14 47 29 19 35 31 24 48 35 15 30 32 38 28 32 18 33 23 9 24 18 18 42 0 43 22 15 34 7 48 49 32 5 39 48 30 11 10 49 37 29 14 34 26 8 18 41 18 29 23 18 17 48 32 29 44 24 45 32 6 12 41 34 54 29 38 44 28 29 19 27 34 37 7 17 26 22 10 37 28 35 36 32 50 13 34 27 23 17 25 19 33
0 35 47 31 20 46 19 23 47 24 34 22 43 30 25 29 6 48 17 55 29 34 41 8 24 19 23 39 54 28 43 40 36 0 55 33 13 49 31 30 14 37 33 32 37 43 40 30 9 26 33 27 14 27 37 24 9 11 21 14 3 30 52 21 41 18 22 12 12 42 16 32 15 26 18 28 39 20 35 21 31 9 51 37 32 18 1 25 17 8 29 41 23 26 24 25 19 27 44 35 6
0 32 30 8 20 41 29 42 15 25 41 38 2 17 30 27 18 40 22 32 34 12 29 32 37 37 30 43 29 29 21 14 26 10 0 37 44 46 35 14 49 23 42 57 7 42 25 48 38 12 24 37 3 44 1 30 43 8 14 5 37 42 42 8 43 18 21 20 10 14 8 37 1 32 2 35 57 9 34 46 30 24 33 13 27 34 0 39 30 30 20 16 54 16 25 44 25 24 10 1 15
0 28 26 32 27 44 32 39 32 26 44 14 23 27 19 29 48 19 20 28 17 14 42 43 22 22 33 30 5 10 13 39 29 27 45 0 28 18 40 43 18 23 28 33 23 24 14 27 23 42 20 22 0 9 48 45 50 30 1 39 52 38 40 19 16 18 35 29 50 22 16 42 31 36 44 26 24 31 29 48 38 17 20 47 36 24 2 27 17 36 34 42 32 39 45 51 46 27 27 22 31
0 38 39 42 27 12 36 18 54 33 40 13 22 34 16 5 23 23 34 36 30 47 16 19 41 24 16 27 9 55 15 39 21 48 31 11 0 54 41 2 3 32 24 19 21 9 31 38 29 32 49 39 26 32 16 32 11 7 21 31 24 38 39 33 11 44 21 45 30 18 45 31 39 37 13 29 27 40 14 4 24 19 29 19 49 19 30 25 41 17 27 30 49 40 38 37 28 32 21 32 30
0 18 25 30 16 27 40 8 27 35 57 42 38 7 33 33 34 16 41 15 37 44 41 29 25 57 48 29 6 20 39 28 16 34 33 21 22 0 25 22 25 37 30 28 6 17 6 50 30 18 33 32 49 47 20 25 31 17 28 20 24 40 10 34 26 33 32 32 49 28 32 51 19 39 47 42 24 42 43 24 28 30 54 4 45 19 25 44 31 57 32 22 42 33 26 12 43 36 22 49 36
0 13 4 25 7 38 37 53 28 41 35 18 38 34 24 27 45 37 45 24 33 43 35 48 14 35 44 39 21 26 14 46 26 25 21 39 18 11 0 29 16 12 28 13 12 17 25 37 31 39 25 16 15 36 20 47 17 37 19 1 56 40 18 37 25 18 14 29 18 36 31 25 20 51 38 27 25 38 48 30 32 28 11 6 23 20 53 39 35 48 9 20 12 14 11 29 31 6 21 41 28
0 1 18 22 52 11 31 42 6 33 11 10 50 23 26 29 18 30 6 31 42 30 23 26 25 36 21 36 16 36 31 11 29 18 45 33 21 23 36 0 18 11 36 27 40 25 37 30 47 31 9 27 15 22 18 9 20 21 23 4 32 38 31 23 31 40 36 51 57 6 19 0 37 26 17 27 21 19 34 35 18 19 28 20 45 20 21 22 28 20 48 30 34 21 23 4 14 19 25 50 24
0 50 23 48 13 29 31 7 30 33 28 26 27 50 24 28 25 16 22 36 49 34 37 32 39 34 36 40 30 13 38 39 33 35 30 38 30 35 16 32 0 20 32 36 40 22 34 39 25 18 28 19 16 30 23 17 17 47 33 40 21 36 2 10 28 33 23 5 15 25 13 33 10 23 53 27 33 23 23 16 18 23 31 28 12 11 53 34 42 21 24 27 15 40 30 7 31 33 42 20 41
0 16 48 14 6 28 27 49 39 9 29 19 3 15 32 32 19 20 28 44 29 31 14 33 41 20 23 20 33 36 28 29 33 26 28 26 43 9 29 16 11 0 22 36 40 20 22 14 47 39 34 36 30 40 50 32 36 29 36 23 10 44 7 31 16 20 39 20 42 6 27 34 44 27 18 40 9 49 22 12 20 26 34 24 31 18 35 54 11 48 31 18 21 42 12 24 34 53 55 31 48
0 34 23 19 17 40 22 43 11 34 38 15 17 32 0 40 25 42 31 43 14 28 23 47 40 38 27 9 22 38 36 12 24 13 48 17 42 45 17 24 21 28 0 10 14 16 30 29 46 37 27 32 8 48 54 25 31 46 10 12 23 43 51 2 30 46 43 48 0 31 44 11 28 18 45 26 39 34 19 42 45 28 46 13 9 19 26 2 47 22 24 41 50 6 42 13 8 46 35 26 23
0 27 36 40 36 20 23 26 16 22 41 34 47 56 34 40 42 28 48 33 41 29 55 23 17 45 2 9 37 42 1 25 8 31 32 18 39 11 40 27 28 25 19 0 37 29 6 34 26 19 40 48 39 32 34 22 27 17 29 21 29 47 36 46 36 35 30 26 31 24 28 6 26 9 10 26 32 6 19 19 35 31 33 52 30 36 32 26 48 35 27 23 42 12 40 30 47 15 6 45 17
0 15 24 23 24 37 50 32 33 13 28 52 5 20 28 44 6 28 33 29 50 42 46 34 31 10 25 38 29 30 36 37 35 33 0 41 31 10 18 16 13 37 44 55 0 31 19 27 30 45 26 19 17 37 26 7 52 44 20 30 27 21 35 1 25 41 31 54 36 47 26 27 35 22 45 34 30 36 44 20 41 24 21 44 17 20 37 16 24 32 38 15 26 40 23 51 26 35 31 27 18
0 22 26 44 44 20 46 38 42 42 32 25 12 27 36 22 28 33 21 43 35 22 10 21 29 44 39 18 42 37 23 32 30 19 22 18 49 34 36 22 0 13 22 17 31 0 38 27 25 56 26 9 10 17 34 16 42 34 24 56 37 3 14 25 41 8 18 26 36 22 34 26 24 39 30 12 11 52 14 34 44 33 17 47 30 28 22 22 40 18 26 13 53 14 27 40 3 18 31 2 45
0 21 13 21 36 23 36 23 18 39 8 18 3 17 39 16 35 29 22 14 18 50 38 28 41 20 25 35 23 40 28 13 40 21 35 30 30 15 55 39 30 34 20 24 10 23 0 54 25 35 37 43 24 2 40 49 9 24 27 45 28 10 31 24 43 28 24 56 37 40 38 14 13 30 13 42 20 20 42 42 25 22 30 16 29 30 43 31 32 29 37 16 36 42 39 14 26 36 44 33 20
0 27 52 22 43 32 22 37 26 8 46 39 29 32 9 14 48 20 29 52 10 13 23 22 30 7 31 27 20 28 33 18 37 21 22 57 22 41 39 34 21 3 28 10 41 31 50 0 52 23 48 18 25 22 3 32 32 31 8 39 33 21 26 27 16 32 34 48 10 21 19 18 41 11 34 21 17 48 21 19 27 41 40 25 35 41 16 33 18 27 34 38 16 26 35 23 32 17 28 20 24
0 43 48 25 12 26 28 52 26 50 25 4 29 30 13 34 44 18 36 21 17 24 4 35 38 42 39 32 40 5 30 30 28 29 16 36 54 30 37 39 34 29 51 1 27 42 29 46 0 29 49 24 21 35 13 25 31 29 16 36 42 51 31 27 21 27 2 14 7 18 50 27 33 38 37 25 25 42 35 23 57 26 20 24 14 31 8 11 23 41 14 46 12 33 42 42 25 30 24 9 38
0 23 18 46 32 28 40 27 10 46 32 32 8 37 13 28 35 55 44 29 30 23 1 28 28 50 20 25 17 15 29 32 10 19 3 18 30 25 43 23 32 42 36 53 43 40 28 53 36 0 23 33 19 26 36 16 18 31 19 19 46 34 28 35 52 28 18 37 25 26 22 48 48 43 20 49 35 6 10 11 40 32 34 31 32 40 31 24 37 37 22 22 30 23 54 16 43 26 22 42 48
0 39 14 36 15 24 33 41 19 5 9 10 40 22 22 13 49 25 56 28 12 52 48 8 26 6 19 22 21 38 18 30 37 37 6 42 37 40 40 27 7 47 35 47 32 40 44 24 28 8 0 20 42 33 30 45 38 34 31 7 41 23 36 39 42 29 14 50 48 27 0 36 44 31 54 39 21 18 28 44 14 19 31 24 46 14 14 44 28 34 29 38 38 11 48 12 41 46 22 36 26
0 15 35 21 10 50 20 54 42 30 30 21 33 52 35 10 25 28 33 22 25 37 51 35 37 28 47 9 21 27 44 43 16 43 50 37 17 22 39 6 32 35 25 10 1 37 41 32 40 35 41 0 35 19 35 25 26 24 14 24 30 38 20 22 45 42 10 21 32 50 36 18 21 1 38 25 28 22 48 40 24 38 8 43 36 25 36 18 25 45 35 56 31 27 21 14 17 19 23 49 18
0 51 26 25 28 12 31 13 39 26 27 40 38 31 36 31 17 31 31 51 28 24 23 35 5 21 17 47 28 42 21 47 33 21 28 28 26 27 34 28 25 19 35 30 34 14 19 33 22 40 28 20 0 28 18 13 12 2 44 26 31 23 19 15 38 38 51 19 54 23 36 1 2 48 6 47 14 30 19 30 9 16 36 34 44 30 41 20 16 27 42 30 35 29 11 21 24 2 33 21 27
0 39 36 36 37 33 4 13 18 16 23 20 13 29 32 38 24 11 32 7 41 38 14 16 26 30 27 31 49 50 50 26 24 35 44 42 47 20 6 32 42 40 42 47 22 41 28 39 47 23 35 26 20 0 30 46 8 41 21 25 23 15 8 13 19 25 47 38 42 14 40 25 27 48 27 10 36 11 48 24 25 14 42 4 48 17 35 21 15 24 21 28 8 6 41 11 20 44 31 49 26
0 29 15 45 20 49 16 36 37 43 24 36 14 54 27 23 14 29 28 36 13 47 54 50 7 48 48 15 26 26 15 50 26 18 41 44 14 40 28 54 28 26 22 31 35 30 34 52 28 40 30 47 44 17 0 20 48 52 35 19 15 30 34 24 19 31 26 15 34 41 36 42 29 44 32 20 26 15 39 38 22 25 36 45 18 43 21 9 37 30 6 32 18 21 44 14 46 35 35 48 18
0 36 43 44 8 31 29 48 34 21 41 43 26 44 9 28 10 17 8 23 23 35 38 26 16 22 41 31 35 36 46 23 26 49 6 4 44 31 50 7 19 2 10 28 52 35 31 30 34 13 34 24 29 28 17 0 21 50 17 43 12 39 33 20 32 28 11 18 16 12 25 21 36 5 10 38 52 33 11 20 21 32 6 50 20 15 24 10 17 10 11 53 40 36 36 40 34 24 21 36 36
0 20 25 27 40 33 27 23 17 31 38 7 52 33 56 48 41 30 40 8 31 38 33 54 11 21 2 26 29 32 16 35 26 53 23 33 27 16 25 35 47 45 23 29 3 17 28 2 25 16 18 53 30 31 46 17 0 50 30 49 33 28 43 28 25 12 39 14 39 33 46 31 20 13 37 14 33 14 27 15 0 25 16 19 8 40 27 38 15 15 15 35 16 32 37 11 3 31 21 36 21
0 43 52 33 17 19 32 32 26 29 25 30 47 33 15 22 43 21 32 27 27 7 15 26 25 10 15 15 25 28 12 42 32 27 12 45 46 26 43 8 24 41 19 32 15 29 10 17 34 37 31 45 25 15 18 51 33 0 41 57 4 21 56 27 41 18 33 33 20 46 23 23 25 25 18 46 25 40 36 16 25 24 44 29 35 30 25 25 42 27 40 57 33 27 19 38 18 39 40 40 15
0 8 45 11 24 8 14 50 34 45 27 28 30 34 10 30 42 45 40 3 38 12 40 11 3 54 28 44 54 33 29 11 33 14 48 26 18 41 25 40 11 21 43 37 26 27 29 42 18 36 39 21 0 8 45 29 21 27 0 15 18 25 26 39 21 20 9 4 35 29 33 35 10 24 20 14 20 21 26 13 49 25 34 8 32 29 37 21 13 27 21 13 33 12 34 45 37 34 23 22 39
0 26 46 11 27 49 31 49 24 30 19 19 29 10 15 40 18 33 19 19 32 3 42 32 42 9 35 45 18 10 22 37 16 31 21 22 19 40 36 22 31 17 27 11 39 42 21 42 44 24 26 39 32 39 6 23 11 7 14 0 29 33 45 39 3 24 16 4 12 8 15 26 43 17 18 29 14 28 37 8 8 47 10 25 18 19 29 24 43 31 24 26 33 39 8 1 26 37 33 41 26
0 37 20 30 44 14 49 44 42 38 34 46 23 53 41 20 40 18 36 48 15 42 16 34 34 22 43 44 17 17 23 20 27 26 51 24 26 39 40 31 9 41 41 28 27 29 28 36 36 20 50 34 31 36 32 46 22 33 39 31 0 30 27 14 25 40 11 33 14 27 34 7 34 33 7 34 46 34 43 32 29 44 55 21 12 12 25 9 52 38 18 24 27 46 33 31 16 25 21 27 32
0 8 29 46 43 17 44 29 41 39 31 21 21 26 15 39 36 5 25 32 25 51 18 19 16 48 19 21 36 11 35 41 43 13 30 36 23 11 30 23 27 45 3 26 28 35 17 45 32 19 29 18 29 33 26 30 45 27 51 7 20 0 17 12 9 38 45 33 18 45 12 41 27 38 10 54 30 41 28 23 46 20 30 29 31 16 40 34 49 36 9 10 30 25 33 13 34 36 29 34 13
0 8 25 31 22 30 19 24 41 2 26 34 23 33 34 15 46 11 28 21 49 54 55 18 22 30 29 31 20 32 15 33 11 8 42 4 21 19 26 8 45 7 43 26 30 16 43 54 48 21 40 30 24 4 39 21 37 23 2 1 31 39 0 9 22 26 45 14 22 16 16 13 30 56 35 11 15 4 34 41 4 25 37 46 41 19 22 30 21 5 16 32 3 12 19 51 18 36 28 40 26
0 4 33 17 30 19 37 22 45 25 36 43 7 1 18 25 5 44 26 37 31 49 29 20 20 25 9 28 9 40 25 36 33 18 32 21 28 32 6 44 16 27 12 17 17 6 17 7 34 14 29 43 53 15 25 9 28 30 8 43 16 34 32 0 30 29 47 24 39 36 33 23 9 29 14 52 25 4 20 19 50 25 10 29 31 48 44 32 29 30 16 27 16 26 30 23 11 27 31 21 11
0 35 24 56 27 21 30 27 30 40 42 12 0 19 20 18 14 34 31 11 40 33 35 0 9 40 31 37 33 45 44 33 26 43 31 27 35 15 14 30 43 11 32 29 20 25 48 30 35 27 21 11 31 44 51 51 31 42 33 30 27 31 40 27 0 37 34 26 30 39 26 28 41 23 45 38 37 28 18 14 10 8 41 40 31 53 21 38 34 46 31 57 19 30 25 37 20 36 23 23 32
0 47 3 31 15 38 32 53 35 26 53 21 13 18 29 20 33 28 23 37 42 41 3 31 50 22 28 9 24 36 8 40 27 11 4 34 17 39 10 32 12 50 28 23 19 34 49 11 13 9 18 22 37 19 27 26 13 34 32 0 54 44 46 29 18 0 6 26 15 38 43 27 18 25 31 40 46 39 32 37 35 11 12 9 50 40 37 22 11 13 37 8 20 16 16 28 12 20 26 20 28
0 14 47 38 2 43 41 38 34 17 47 22 37 30 16 39 29 24 29 13 27 29 32 26 20 47 29 32 23 22 19 41 34 32 31 29 36 37 16 20 10 45 30 44 29 21 11 33 19 8 36 12 44 25 48 27 23 14 37 20 17 9 45 36 26 6 0 25 31 35 23 14 33 21 37 15 48 41 9 54 32 25 11 36 47 23 25 4 25 39 36 20 4 24 26 40 45 13 38 32 18
0 37 52 21 30 8 42 15 10 56 27 32 25 48 26 49 12 18 20 16 23 42 36 42 9 25 33 42 13 30 27 1 13 30 29 34 11 2 42 19 4 26 26 34 1 33 26 27 5 34 3 53 13 4 33 30 33 22 6 11 43 35 39 10 26 13 29 0 35 40 28 32 23 3 39 42 55 35 54 40 37 43 26 13 17 39 23 24 9 40 4 20 22 29 13 11 28 21 32 7 40
0 32 44 24 18 19 39 23 43 27 24 31 27 48 3 32 40 28 34 18 37 48 13 12 23 24 19 20 28 34 35 17 33 12 31 37 40 25 17 38 31 7 21 43 14 9 49 48 18 33 55 25 20 36 24 8 30 21 37 33 35 53 42 23 14 28 27 16 0 34 6 12 25 29 33 31 32 47 33 31 18 24 46 18 29 20 30 39 31 40 15 26 18 43 12 3 38 9 23 34 32
0 39 46 31 33 27 25 22 23 33 29 44 9 40 48 11 52 21 32 22 54 2 45 56 31 35 29 25 11 37 26 43 7 19 27 42 47 29 19 16 35 26 52 29 39 32 14 19 50 23 22 17 29 50 21 20 41 33 40 27 40 9 36 23 44 41 3 40 26 0 43 45 51 6 54 38 20 26 25 8 35 24 44 14 24 18 50 34 14 55 18 19 18 19 38 40 33 30 20 30 39
0 13 30 4 50 44 28 23 15 13 17 17 16 37 43 28 43 32 21 38 6 18 22 18 28 50 34 24 19 28 21 34 10 16 10 20 15 25 50 37 45 8 40 24 38 42 25 36 37 30 29 5 24 32 29 13 38 13 49 36 19 56 50 23 29 1 37 37 27 39 0 24 28 40 45 22 44 18 21 31 16 24 28 24 13 37 28 33 28 26 5 27 30 22 30 23 27 16 20 14 37
0 39 36 29 44 55 18 31 28 25 22 27 50 30 56 1 36 38 17 12 15 29 32 37 21 32 18 34 23 15 31 23 34 33 29 30 18 37 11 33 26 54 31 32 53 17 30 44 49 28 27 24 6 23 16 27 35 31 15 42 45 12 17 24 31 18 37 6 41 36 13 0 1 44 12 20 20 17 24 11 0 36 25 45 16 3 18 36 29 9 15 13 54 28 32 32 32 18 14 45 34
0 22 26 39 29 8 35 27 35 39 35 17 33 19 19 31 57 40 10 19 47 15 38 24 28 40 32 40 49 34 22 8 18 44 20 36 53 46 11 45 13 20 24 3 19 53 22 28 41 9 27 0 28 38 13 26 51 42 38 17 46 43 30 25 35 16 48 29 40 32 22 19 0 1 27 17 45 28 37 27 25 25 42 48 23 19 2 40 21 35 47 36 35 51 12 33 32 41 41 31 25
0 12 17 10 37 54 14 22 39 48 10 20 18 35 13 2 48 30 37 38 13 11 17 17 38 23 26 3 13 26 16 30 44 11 27 34 23 43 5 29 26 27 17 27 45 44 40 15 24 54 51 15 22 20 41 28 35 5 48 31 28 15 52 18 31 31 8 36 22 33 22 11 35 0 39 6 12 44 35 28 12 37 35 33 36 48 29 26 54 28 18 51 37 22 11 49 24 40 20 31 24
0 28 37 54 45 44 3 31 19 27 5 36 11 35 36 14 38 44 15 11 43 15 23 17 8 39 31 18 29 34 35 38 37 40 30 34 5 15 43 38 16 38 15 29 31 41 29 27 47 16 51 36 31 26 18 20 20 24 38 38 27 41 22 28 27 11 27 17 40 18 40 40 12 17 0 30 0 15 31 27 37 24 45 34 55 19 19 17 39 24 33 34 17 36 7 11 26 35 43 26 17
0 48 24 16 35 23 16 41 6 10 35 48 22 35 14 23 18 23 30 35 31 36 53 29 24 18 31 29 26 34 44 18 29 26 40 38 27 50 53 10 51 32 31 47 35 36 29 19 20 33 12 29 33 16 50 46 48 44 43 15 23 32 29 8 21 34 25 9 29 28 25 16 25 18 25 0 22 7 21 27 47 15 27 38 15 23 32 41 4 10 38 4 17 39 23 20 28 31 48 21 35
0 7 45 34 31 39 31 39 27 47 14 19 18 30 41 41 27 19 2 24 34 26 35 25 13 26 35 33 48 56 1 30 12 41 51 21 20 39 19 20 32 50 17 18 39 14 41 45 35 44 23 19 49 4 21 56 34 35 31 13 51 20 46 21 21 17 13 32 13 23 24 24 28 37 12 35 0 26 23 34 29 14 31 35 39 41 37 28 24 21 25 26 43 36 32 38 37 13 27 26 25
0 15 35 36 34 17 18 24 33 28 23 21 36 37 30 14 16 34 8 19 24 2 37 16 19 23 24 26 18 24 31 4 18 31 25 51 26 24 29 16 8 17 22 16 22 48 25 37 31 16 40 8 35 32 17 46 21 38 43 17 16 13 15 30 50 12 38 19 24 33 39 10 40 36 16 23 49 0 37 19 41 48 14 13 23 28 42 29 16 45 15 20 19 14 54 1 14 27 18 44 30
0 32 41 41 24 28 36 27 2 13 19 12 6 25 39 28 25 44 25 28 29 37 49 49 19 34 15 9 34 12 32 45 29 14 28 31 25 35 31 30 7 36 36 42 21 41 18 26 26 43 17 26 30 19 17 27 32 15 21 27 17 15 19 22 9 28 8 9 26 45 10 17 28 15 26 26 17 33 0 35 19 14 51 47 3 19 0 21 35 41 37 57 31 25 38 40 46 24 11 18 17
0 40 13 11 19 18 9 15 23 15 29 29 8 8 13 20 1 25 34 32 54 49 43 30 39 30 36 14 27 17 21 18 29 18 29 41 28 29 37 50 12 49 21 5 40 23 55 22 38 42 49 7 25 31 22 47 55 14 17 20 27 41 33 36 22 18 23 17 26 26 6 39 28 29 54 4 26 39 40 0 26 33 35 26 29 43 33 38 0 39 25 57 16 44 28 28 10 17 53 38 15
0 38 19 26 16 3 29 54 3 38 6 24 30 13 15 21 28 41 43 40 32 22 22 40 30 48 12 26 39 44 41 2 19 11 46 22 28 19 57 29 41 28 30 17 34 38 25 39 26 48 11 41 26 27 36 46 24 25 9 36 9 38 21 42 26 35 34 17 12 31 33 22 15 11 15 37 19 32 26 19 0 53 34 20 32 28 28 20 32 41 20 24 28 48 29 42 8 38 12 22 14
0 31 39 25 34 34 2 42 50 21 23 36 56 10 38 37 46 16 41 44 28 6 10 28 33 22 20 39 11 20 22 57 34 35 34 32 21 9 23 37 26 21 34 43 23 19 37 4 5 8 30 19 30 5 23 24 9 12 36 23 25 6 21 38 37 38 29 26 30 9 20 29 18 23 24 34 24 32 41 26 28 0 39 35 12 16 46 32 19 2 50 28 45 44 48 27 45 37 53 26 25
0 27 38 28 24 28 41 10 32 18 29 39 17 46 35 21 23 14 35 40 27 19 24 40 26 13 26 21 17 50 34 24 49 24 33 25 55 19 19 17 31 25 43 41 41 43 31 13 21 8 8 14 25 14 21 45 38 0 11 25 32 22 39 18 12 0 20 52 20 32 52 27 5 21 41 1 18 45 19 10 14 24 0 44 11 16 35 40 41 34 28 15 48 40 48 19 36 32 46 20 24
0 1 52 15 38 37 33 16 39 25 51 43 8 9 41 50 15 10 10 19 26 34 25 9 41 27 16 15 42 23 2 8 16 16 22 36 1 20 21 33 30 21 42 23 31 32 34 3 27 32 36 42 41 27 32 21 13 27 38 30 24 31 20 19 8 54 41 46 22 11 13 54 46 6 22 40 28 20 12 32 47 15 42 0 41 39 16 43 20 39 24 27 37 21 20 34 37 21 26 51 54
0 38 25 41 57 12 14 28 23 2 39 44 6 33 28 49 19 28 34 40 37 13 9 29 23 12 19 28 35 1 26 17 48 40 37 29 27 34 17 12 7 15 45 18 28 18 40 28 15 39 33 34 19 29 17 29 49 8 26 23 32 33 28 18 51 45 38 35 38 22 28 45 19 46 44 26 52 39 42 8 41 14 27 50 0 28 29 32 28 40 22 31 14 19 23 25 23 37 21 29 12
0 27 48 43 29 30 13 14 17 24 16 5 30 28 6 32 20 34 20 33 25 27 12 27 16 25 34 30 36 11 27 32 16 36 18 25 20 20 47 51 35 20 48 39 21 16 12 19 29 30 30 23 31 35 45 24 33 44 17 14 28 24 29 23 18 34 55 16 12 34 2 37 12 42 25 14 27 21 14 9 26 26 17 42 25 0 35 18 9 46 26 39 22 17 29 37 10 42 27 20 37
0 34 42 53 35 37 41 27 19 7 8 20 8 46 20 23 34 32 20 22 49 31 34 24 23 22 18 37 20 22 29 35 20 43 11 48 55 49 37 51 27 16 10 26 11 10 25 29 4 37 16 30 5 35 12 38 17 19 37 25 48 43 29 41 17 16 19 52 46 13 33 10 31 12 30 13 36 37 17 29 24 35 18 34 6 32 0 35 37 16 26 46 31 39 20 36 28 56 44 39 29
0 3 13 36 31 25 24 32 40 12 22 26 13 24 21 28 46 35 26 22 12 27 38 36 37 23 20 2 8 23 20 36 41 36 22 12 33 56 11 13 53 8 22 14 33 31 36 37 49 55 14 33 30 19 34 24 32 35 25 36 4 29 22 16 8 12 27 26 39 37 20 24 21 15 47 27 7 45 49 17 39 42 33 43 40 30 17 0 17 34 26 40 25 41 43 35 26 15 40 28 6
0 38 24 20 19 16 29 22 56 40 29 33 23 51 36 31 30 30 39 32 8 38 34 23 30 32 23 21 24 41 27 49 37 19 29 44 30 49 35 51 34 19 11 21 46 37 22 24 23 30 12 18 50 48 15 16 33 6 39 31 27 11 50 38 32 45 29 20 28 21 12 29 37 44 31 16 16 41 50 29 39 42 45 33 3 54 19 43 0 21 34 25 37 33 44 32 28 27 10 14 41
0 23 21 38 1 12 21 37 33 36 45 44 26 33 42 27 28 38 40 41 21 13 45 39 34 56 31 28 18 46 36 25 21 40 8 42 25 51 28 42 18 32 16 32 29 24 15 20 50 23 37 14 47 47 4 22 30 8 17 30 42 19 21 23 32 22 25 19 22 22 9 36 30 29 8 44 48 21 27 42 27 22 8 42 19 46 16 34 30 0 23 30 35 21 12 41 33 28 27 41 19
0 30 1 19 8 18 16 14 12 24 24 20 13 26 18 38 20 23 38 43 19 55 36 45 26 54 19 25 17 48 17 47 20 34 36 48 12 37 20 40 36 20 28 23 15 35 9 34 23 25 7 17 29 24 29 20 32 32 14 44 29 23 51 21 14 35 13 46 39 40 12 27 14 25 43 21 5 34 34 42 23 32 40 14 39 9 27 48 11 27 0 22 30 17 19 39 7 20 21 12 41
0 25 34 25 21 37 32 39 14 6 23 11 20 29 37 24 27 29 37 11 5 16 31 29 30 26 32 22 12 22 33 43 20 30 39 21 26 14 50 28 17 40 22 34 34 40 19 42 24 19 3 43 37 36 55 18 17 25 20 8 34 50 33 37 42 30 22 38 18 5 35 34 50 30 11 17 4 37 10 6 36 36 40 16 44 15 22 22 9 32 2 0 12 27 26 19 35 21 22 10 16
0 16 27 15 40 42 35 30 40 44 29 36 29 21 15 38 41 17 28 36 27 18 21 24 12 29 43 16 37 39 24 39 20 36 9 1 29 42 26 47 30 23 18 36 35 50 22 23 33 27 33 46 46 10 37 20 38 34 12 40 33 40 21 37 40 16 8 42 53 20 32 37 6 42 17 18 3 35 53 41 31 44 23 26 21 2 51 14 25 34 38 13 0 34 22 6 17 36 16 39 40
0 35 24 37 16 10 9 21 33 35 26 40 21 26 14 12 25 22 45 17 36 49 47 7 25 33 20 30 20 1 12 39 32 34 46 31 11 37 27 26 48 12 30 37 26 21 19 56 24 50 44 23 30 13 33 43 9 48 7 27 24 24 22 34 31 12 29 39 37 40 19 36 5 8 24 23 14 38 25 40 32 38 49 28 35 13 36 56 33 52 29 4 19 0 3 40 22 16 37 7 21
0 37 31 16 21 36 43 21 37 44 9 20 39 36 36 17 25 27 6 57 5 27 4 32 54 21 14 37 22 12 25 27 8 34 21 52 38 16 12 38 46 42 12 35 15 11 28 23 31 26 49 41 23 51 36 31 36 26 41 55 24 51 24 28 40 33 30 26 29 44 23 46 40 8 17 54 32 26 17 21 23 40 47 26 51 14 14 35 20 28 16 44 32 35 0 32 19 16 12 37 35
0 33 28 31 28 48 8 11 36 47 14 17 13 29 26 12 33 9 35 33 5 49 39 37 6 53 28 26 34 35 36 52 34 33 21 24 31 42 7 20 7 51 12 39 46 56 8 52 46 38 22 39 41 23 28 8 30 4 15 27 44 41 19 26 20 28 32 49 20 21 39 32 27 21 9 1 33 51 42 20 19 18 34 42 36 30 46 24 32 26 16 29 15 35 21 0 17 30 24 47 26
0 35 29 39 23 49 32 17 34 1 36 26 39 57 25 32 33 15 37 44 17 54 32 29 16 39 55 33 30 46 30 38 3 44 25 49 32 34 36 33 21 31 21 28 22 28 15 22 32 2 30 30 7 37 45 19 35 40 12 23 38 30 15 46 9 49 19 22 48 22 42 10 12 21 29 38 26 33 15 40 23 48 29 13 36 35 25 44 25 4 16 47 48 42 34 48 0 10 43 29 38
0 28 31 20 25 23 33 23 29 6 23 21 49 25 21 50 35 31 4 15 26 31 23 31 24 21 19 29 17 54 19 26 25 35 9 7 24 14 24 40 19 38 49 17 12 22 17 36 51 20 44 39 46 39 47 15 26 35 54 13 4 5 32 16 17 39 20 25 44 51 12 56 13 38 41 33 49 20 28 27 26 45 35 34 32 27 32 21 9 36 28 30 15 40 38 13 23 0 14 31 8
0 30 42 49 29 20 46 29 9 25 40 10 18 5 34 29 25 35 45 37 40 17 51 29 32 32 34 10 43 14 14 18 37 49 11 32 17 34 26 26 36 25 15 27 36 4 5 43 13 32 38 46 3 24 39 17 25 19 11 38 29 33 3 38 53 50 12 30 37 4 26 12 11 38 43 6 20 31 23 43 17 20 34 38 22 44 5 22 34 6 17 32 25 26 33 24 26 18 0 21 1
0 32 55 25 33 13 30 22 54 18 26 26 55 38 23 25 8 33 30 31 28 8 19 20 50 25 26 49 35 4 26 34 29 49 33 31 53 32 29 3 25 41 20 32 42 36 29 36 30 48 13 56 32 20 31 35 8 17 8 34 19 24 18 21 33 7 26 29 41 35 35 27 42 35 15 38 10 40 48 41 45 48 47 7 39 17 25 15 40 37 18 36 29 15 21 24 25 32 47 0 38
0 20 28 1 16 22 29 25 50 10 33 17 24 39 21 17 50 40 41 30 1 27 31 25 52 12 21 22 17 33 53 38 30 40 37 22 44 22 14 17 16 10 5 28 27 50 33 48 15 42 26 41 34 42 19 24 30 21 29 17 37 34 20 15 21 26 23 25 16 23 16 48 28 19 7 39 40 39 33 36 30 54 43 42 19 19 21 30 11 51 22 27 47 37 13 18 27 30 14 17 0
