100 2
1 1990 5 10
1 3217 3 9
3 2829 5 9
3 3186 4 8
2 2433 9 5
3 2563 5 4
4 1118 7 5
6 1843 2 6
6 1726 8 6
9 2480 10 7
7 1218 3 5
12 789 9 8
15 2792 7 10
19 2081 9 10
12 1542 1 6
24 2008 8 10
22 2225 7 8
27 1964 7 9
13 1440 8 4
33 2855 5 10
35 1207 6 10
35 2025 9 9
39 1068 8 10
28 2622 6 7
16 801 8 4
38 1920 3 9
30 3091 6 6
27 2179 6 5
27 1199 3 5
27 782 7 5
44 2950 4 8
34 1383 7 6
52 1427 9 9
35 1409 8 6
37 965 3 6
60 1990 9 9
27 2771 4 4
42 1893 9 6
14 1361 3 2
64 2211 2 9
56 2044 10 7
80 3157 5 10
16 2054 2 2
72 2454 8 9
78 3105 5 9
53 1716 3 6
89 2282 7 10
91 1703 2 10
46 1506 1 5
28 1913 4 3
86 1821 6 9
97 1804 6 10
40 1320 5 4
54 979 5 5
95 2124 1 8
60 2598 2 5
48 1535 7 4
96 2724 8 8
74 1628 9 6
26 1508 1 2
78 1988 4 6
53 2280 2 4
93 3116 7 7
94 1885 4 7
54 2150 9 4
84 2172 9 6
56 1142 3 4
57 1180 5 4
86 1000 9 6
29 2672 5 2
89 1055 6 6
75 843 1 5
46 1801 1 3
31 1304 9 2
31 1962 8 2
47 2007 5 3
63 2817 3 4
68 940 5 4
70 2708 8 4
18 896 3 1
97 1770 10 5
20 2768 5 1
45 3212 8 2
46 1518 4 2
93 932 9 4
100 2294 10 4
76 2623 7 3
81 1555 7 3
55 2070 8 2
86 1628 5 3
92 1943 7 3
94 1000 3 3
100 2090 6 3
80 1074 6 2
83 925 9 2
100 1098 7 2
61 1315 6 1
62 2512 1 1
75 3045 1 1
75 2443 7 1
SETUP
0 11 10 3 9 10 11 10 9 8 9 8 9 9 9 11 12 13 10 8 8 9 6 10 11 10 7 6 11 10 11 13 8 10 12 10 9 9 10 13 14 10 13 11 8 4 7 9 8 7 6 8 8 9 11 8 8 10 9 9 11 10 10 10 10 8 9 6 10 11 7 6 7 10 2 12 9 10 5 9 11 9 10 12 10 5 11 8 7 6 11 9 9 11 9 7 9 9 11 11 10
0 0 5 3 4 5 3 6 4 3 4 2 9 4 5 7 11 8 6 4 4 7 5 7 6 5 7 2 5 6 9 10 3 5 6 5 7 5 5 7 9 8 8 6 3 4 6 6 7 7 6 6 8 0 11 2 3 5 5 8 8 7 1 7 7 3 8 5 5 8 7 6 4 7 2 6 4 6 5 4 7 8 5 9 6 5 6 2 7 2 6 4 7 9 6 6 6 4 11 6 7
0 11 0 3 9 9 11 10 9 8 9 8 9 9 9 11 12 9 10 8 8 9 6 10 11 10 7 6 11 5 11 13 4 10 12 10 9 9 10 13 14 9 13 7 8 4 7 9 8 7 6 8 8 9 11 8 8 10 9 9 11 10 10 10 10 8 9 6 10 11 7 6 7 10 2 12 9 10 5 9 11 9 10 10 10 5 10 8 7 6 11 9 9 8 9 7 9 5 11 11 8
0 11 10 0 6 10 9 9 6 8 6 8 9 6 9 11 12 11 8 8 8 9 6 10 8 10 7 6 8 8 9 13 8 9 12 10 9 9 7 10 14 10 11 11 8 4 7 9 8 7 6 8 8 6 11 8 8 8 9 9 10 10 7 7 8 8 9 3 7 8 7 6 7 10 2 12 6 9 5 9 11 9 10 12 10 5 11 8 7 6 11 9 9 8 9 7 6 9 11 11 10
0 9 7 3 0 6 4 3 0 7 3 8 9 6 9 9 11 10 7 5 8 6 6 4 5 8 7 6 8 7 8 10 5 6 8 10 8 6 6 7 11 6 10 5 7 4 7 8 8 7 6 5 7 6 7 4 6 5 9 7 8 4 7 6 5 6 8 3 1 7 6 6 7 10 2 10 6 8 5 7 10 9 6 7 9 5 7 8 6 6 5 8 8 9 7 7 7 4 8 7 5
0 8 9 3 5 0 8 7 5 8 5 8 9 5 9 6 6 11 10 8 8 7 6 8 7 9 7 6 5 10 10 7 7 5 11 10 7 6 6 11 10 3 10 9 8 4 7 5 2 7 6 1 4 5 11 7 7 7 8 9 6 8 6 8 10 7 5 6 6 9 7 6 7 10 2 12 5 8 5 8 8 9 9 8 7 5 1 8 7 6 8 9 8 7 5 5 9 8 10 5 6
0 10 5 3 5 7 0 5 4 5 7 5 9 8 9 5 8 8 6 4 8 8 3 6 7 4 7 6 10 6 11 9 7 2 6 8 7 2 2 9 14 7 6 7 8 4 5 9 4 7 6 7 8 6 10 4 2 7 9 9 8 6 7 9 5 2 5 5 5 10 7 6 3 8 2 9 8 4 5 3 8 9 4 8 7 5 8 5 7 6 3 9 7 9 5 7 5 3 9 5 6
0 6 6 3 3 4 1 0 3 6 3 6 7 3 8 6 8 8 7 5 7 6 4 1 5 5 4 5 5 7 6 7 5 3 7 7 5 3 3 4 11 4 7 2 6 3 6 6 5 4 3 5 5 3 7 1 3 4 8 4 6 1 4 4 5 3 5 0 4 5 4 6 4 7 2 7 3 5 5 4 8 6 5 5 7 5 5 6 4 5 4 7 8 7 5 5 4 4 8 6 3
0 9 7 3 8 6 10 9 0 8 3 8 9 8 9 10 11 10 7 5 8 6 6 10 5 8 7 6 9 7 8 12 5 9 12 10 8 6 8 11 11 6 11 5 7 4 7 8 8 7 6 5 7 8 11 6 6 5 9 7 8 10 9 6 10 6 8 6 1 7 6 6 7 10 2 10 8 9 5 7 10 9 8 7 9 5 7 8 6 6 10 8 8 9 7 7 7 6 8 9 5
0 9 3 3 3 7 4 3 2 0 5 4 9 6 9 9 11 10 6 7 7 8 6 4 5 2 7 6 8 6 9 10 5 6 7 7 8 6 6 7 13 7 5 5 8 4 3 7 8 7 6 5 7 6 8 2 0 5 8 7 8 4 5 7 6 0 7 3 3 8 6 6 1 10 2 7 6 3 5 1 6 9 2 8 7 5 8 4 6 6 4 9 9 9 7 7 7 6 10 3 6
0 9 4 3 6 7 7 6 5 5 0 8 9 7 9 8 11 7 9 8 8 3 6 7 2 5 7 6 11 9 5 11 2 6 10 10 7 7 6 10 10 7 8 5 8 3 6 5 8 7 6 8 4 7 11 5 3 2 8 7 11 7 8 3 9 3 5 6 5 4 3 6 4 10 2 9 7 6 5 4 8 9 5 8 7 5 8 7 3 6 7 9 7 11 5 5 7 3 9 6 6
0 9 4 3 4 7 7 6 4 8 7 0 9 9 8 8 12 6 5 3 8 7 6 7 8 3 7 6 10 5 10 8 8 9 4 3 6 4 8 5 14 7 6 8 8 4 4 9 8 7 6 6 8 9 9 5 3 8 8 7 9 7 8 10 8 3 9 6 5 10 7 6 4 10 2 4 9 5 5 4 5 9 5 11 4 5 8 0 7 5 7 9 6 10 8 7 7 8 11 6 9
0 11 10 3 9 10 9 8 8 8 8 8 0 9 9 11 12 13 10 8 8 9 4 9 10 10 7 6 11 10 11 13 8 8 10 10 9 9 10 12 14 10 12 10 8 4 7 9 8 7 6 8 8 9 11 8 8 10 9 9 11 9 10 10 6 8 9 6 9 11 7 6 7 6 2 12 9 10 5 9 11 9 8 12 10 5 11 8 7 6 7 8 9 11 9 7 9 9 11 9 10
0 6 5 3 4 5 3 7 4 7 4 8 9 0 5 7 7 10 6 4 4 7 5 8 6 7 7 2 5 6 9 8 3 5 9 8 7 5 5 10 9 8 9 6 3 4 6 6 7 7 6 6 6 0 11 2 5 5 5 8 4 8 1 7 7 5 7 5 5 8 7 6 6 7 2 9 4 7 4 6 9 8 7 9 9 5 6 8 7 2 6 4 7 5 7 6 6 4 11 7 7
0 8 3 3 9 6 5 9 7 8 9 5 9 9 0 10 10 11 8 6 8 9 6 9 11 8 6 6 9 8 9 11 1 7 9 8 8 7 5 10 14 6 9 4 8 4 7 8 7 6 6 7 7 8 10 8 6 9 0 6 11 9 8 10 7 6 7 6 8 8 7 6 7 7 2 9 9 7 5 7 10 6 8 7 9 5 7 5 7 6 8 9 8 6 7 7 6 2 10 2 5
0 8 9 3 7 3 8 7 7 8 7 8 5 7 9 0 9 8 8 8 8 6 6 8 9 9 6 6 7 8 6 10 8 6 12 9 7 2 6 10 12 3 10 9 8 4 5 5 5 6 5 4 4 7 10 8 7 9 8 8 8 8 8 4 9 7 5 6 8 5 6 2 7 9 2 9 7 8 5 8 8 8 8 8 7 5 4 8 6 6 11 9 5 9 5 5 8 9 4 8 6
0 7 4 3 4 3 5 4 3 7 6 8 9 7 9 9 0 10 7 8 8 5 6 5 6 3 7 6 8 7 7 1 6 6 8 8 7 7 6 8 13 3 6 6 8 4 1 5 5 7 6 4 4 7 6 3 1 6 8 7 9 5 6 8 7 1 5 4 4 7 7 6 2 10 2 8 7 4 5 2 7 9 3 7 7 5 4 5 7 6 5 9 4 7 5 5 7 5 9 4 6
0 9 5 3 5 7 6 5 4 8 7 4 6 8 9 10 11 0 8 7 2 7 6 6 7 4 6 6 10 6 10 12 4 8 8 7 9 3 5 9 14 7 7 7 8 4 5 9 7 6 6 7 8 8 10 4 2 7 9 8 9 6 7 9 8 2 9 5 5 10 7 3 3 9 2 8 8 5 5 3 8 8 4 8 8 5 8 4 7 6 6 9 6 9 9 7 4 5 10 5 8
0 11 8 3 9 9 10 9 3 8 6 8 9 9 9 11 12 4 0 8 6 9 6 10 6 8 7 6 11 0 11 13 6 7 9 10 9 7 9 13 14 9 11 8 8 4 7 9 8 7 6 8 8 8 11 8 6 8 9 9 11 10 9 9 10 6 9 6 4 10 7 6 7 10 2 12 9 9 5 7 11 9 3 10 10 5 10 8 7 6 10 9 9 11 9 7 8 7 11 4 8
0 6 9 3 7 4 9 8 5 8 8 5 6 8 9 5 10 6 2 0 8 4 6 9 8 8 7 6 9 2 10 9 8 7 9 8 3 1 7 6 13 4 11 10 8 4 4 6 6 7 6 5 5 6 9 8 8 10 9 8 7 8 7 9 7 8 6 6 6 10 7 6 7 10 2 5 8 8 5 9 6 9 5 9 5 5 5 5 6 6 11 9 3 8 6 6 8 8 9 6 7
0 8 10 3 9 10 9 8 9 8 8 8 9 9 9 8 9 8 10 8 0 9 4 9 10 10 4 6 10 4 8 10 8 8 12 10 8 9 3 9 14 10 7 9 8 4 7 8 5 4 6 7 8 8 8 8 8 10 9 6 11 9 8 10 7 8 9 6 10 11 7 6 7 7 2 11 9 5 5 9 11 6 10 11 10 5 11 8 7 6 11 9 9 11 8 7 2 9 8 8 9
0 8 7 3 7 8 10 10 7 8 7 8 9 7 9 10 8 13 10 8 8 0 6 10 9 7 4 6 11 10 8 9 6 7 12 7 8 8 7 12 11 8 10 9 6 4 7 6 8 4 3 7 5 7 8 8 7 7 9 6 11 9 8 10 7 7 6 6 8 11 4 6 7 7 2 11 7 7 5 8 9 6 9 9 8 5 9 8 4 6 9 7 9 11 6 6 6 7 8 10 7
0 10 8 3 7 8 5 4 7 8 4 7 9 7 9 10 12 10 9 8 8 7 0 5 6 9 7 6 9 9 9 11 6 4 11 10 9 5 7 8 14 8 8 6 8 4 7 9 8 7 6 8 8 7 11 5 7 6 9 8 10 5 8 7 9 7 9 4 8 8 7 6 7 10 2 11 7 9 5 8 11 9 9 9 10 5 9 7 7 6 8 9 9 11 9 7 8 7 11 10 7
0 7 6 3 5 7 8 8 5 8 7 8 7 7 8 6 8 10 6 4 7 7 6 0 9 6 3 5 10 6 7 6 7 6 10 6 4 5 6 3 10 7 9 8 7 2 7 5 8 3 2 6 4 7 6 6 6 8 8 5 5 0 7 9 6 6 5 5 6 10 3 6 5 6 2 6 7 6 5 7 7 5 8 8 6 5 8 6 3 5 9 8 7 6 5 5 5 6 7 9 6
0 7 2 3 5 5 7 8 5 8 5 6 8 5 9 7 9 10 9 7 7 5 5 9 0 6 5 6 10 7 8 9 0 4 10 9 5 5 4 11 8 5 8 3 6 1 7 3 6 5 6 6 2 5 9 5 5 7 6 5 9 9 6 8 8 5 3 6 3 7 1 5 4 8 2 10 5 6 5 6 6 7 7 6 5 4 6 6 1 6 7 7 7 10 3 3 5 1 7 8 4
0 8 1 3 1 7 4 3 1 6 4 8 7 6 9 9 9 10 6 6 7 7 6 4 5 0 7 6 8 6 7 10 5 6 7 7 8 6 6 7 12 7 3 5 8 4 1 7 8 7 6 5 7 6 6 2 0 5 8 7 6 4 5 7 6 0 7 3 2 7 6 6 1 10 2 7 6 3 5 1 6 9 2 8 7 5 8 4 6 6 4 9 9 7 7 7 7 5 9 3 6
0 8 7 3 7 6 9 8 6 8 7 8 8 7 5 8 9 9 6 4 4 8 4 9 9 8 0 2 7 6 4 10 6 8 10 8 7 5 3 8 12 6 7 8 8 4 7 8 5 4 6 3 7 7 4 8 6 6 5 6 10 5 8 10 7 6 8 6 7 11 7 6 7 7 2 7 7 5 5 5 7 6 6 7 6 5 7 8 7 2 7 9 7 11 4 7 2 7 8 7 5
0 8 6 3 6 6 8 7 6 7 6 7 8 6 3 7 11 8 4 2 2 6 3 8 8 6 6 0 11 4 10 11 4 7 8 6 5 3 5 8 14 6 9 7 8 4 6 8 7 6 6 7 7 6 10 7 5 4 3 8 9 8 7 9 7 5 8 6 7 10 7 6 6 9 2 7 6 7 5 6 8 8 6 10 7 5 7 7 7 0 5 9 5 9 8 7 4 5 10 5 8
0 9 6 3 3 3 6 6 2 8 3 8 9 3 8 8 9 10 9 7 7 6 6 7 5 8 7 5 0 9 8 10 5 8 11 10 7 8 8 10 12 6 11 7 6 4 7 1 5 7 6 4 6 3 7 5 6 5 4 9 7 7 4 6 8 6 7 6 3 7 6 6 7 10 2 10 3 9 5 7 9 9 8 7 8 5 4 7 6 5 8 7 9 8 7 5 9 6 10 6 5
0 11 9 3 9 10 10 9 8 8 9 8 9 9 9 11 12 4 10 8 6 9 6 10 11 8 7 6 11 0 11 13 8 10 12 10 9 7 9 13 14 10 11 11 8 4 7 9 8 7 6 8 8 9 11 8 6 10 9 9 11 10 10 10 10 6 9 6 9 11 7 6 7 10 2 12 9 9 5 7 11 9 8 12 10 5 11 8 7 6 10 9 9 11 9 7 8 9 11 9 10
0 9 3 3 7 5 10 9 6 8 7 8 8 7 9 8 8 12 8 8 8 9 5 10 9 9 6 6 7 8 0 9 2 7 12 9 8 8 8 6 13 5 4 5 7 3 7 7 4 6 5 3 6 7 10 7 7 9 9 7 8 4 8 10 9 7 7 6 7 9 6 6 6 9 1 5 7 9 5 8 6 8 9 8 5 5 3 8 6 6 9 8 9 9 7 7 7 3 10 7 6
0 6 9 3 6 2 7 6 6 8 6 7 9 6 9 8 8 9 10 8 8 4 6 7 8 8 7 6 7 10 11 0 8 5 11 10 6 6 5 10 12 2 9 8 8 4 7 4 4 7 6 3 3 6 10 7 6 5 7 6 8 7 7 9 10 6 4 6 7 10 7 6 7 10 2 11 6 7 5 7 6 9 8 7 6 5 3 7 7 6 10 9 3 6 4 4 6 6 8 7 5
0 7 2 3 8 5 9 8 6 8 8 7 8 9 9 9 9 11 9 7 8 8 6 9 10 7 5 6 10 7 8 10 0 8 10 10 7 8 6 11 14 5 10 3 8 4 7 7 7 5 6 6 6 7 9 7 5 10 9 5 11 9 7 10 8 5 6 6 7 7 7 6 6 8 2 10 9 8 5 6 9 7 7 6 8 5 6 7 7 6 7 9 7 10 6 7 5 1 9 8 4
0 10 7 3 7 9 7 9 7 8 8 3 9 8 9 11 10 6 5 6 8 9 6 10 10 6 7 6 9 5 10 11 7 0 7 6 9 1 9 8 13 9 9 10 7 4 4 9 8 7 6 7 8 4 9 6 6 9 9 9 7 8 5 10 6 6 9 6 8 10 7 6 7 6 2 7 8 8 5 7 8 9 7 12 7 5 7 3 7 6 10 8 8 8 9 7 9 8 11 8 10
0 7 7 3 8 5 8 9 5 8 8 6 7 9 9 6 8 7 3 1 8 5 6 7 9 8 7 6 10 3 11 6 8 8 0 9 4 2 8 7 10 5 3 10 8 4 5 7 7 7 6 6 6 7 10 8 8 10 9 9 5 7 8 9 8 8 7 6 6 10 7 6 7 10 2 6 9 9 5 9 7 9 6 10 6 5 6 6 3 6 11 9 4 6 7 7 9 9 10 7 8
0 8 1 3 1 7 4 3 1 6 4 8 7 6 9 9 9 10 6 6 7 7 6 4 5 0 7 6 8 6 7 10 5 6 7 0 8 6 6 7 12 7 3 5 7 4 1 7 8 7 6 5 7 6 6 2 0 5 8 7 6 4 5 7 6 0 7 3 2 7 6 6 1 10 2 7 6 2 5 1 6 9 2 8 7 5 8 4 6 6 4 8 9 7 7 7 7 5 9 3 6
0 10 9 3 9 5 10 9 9 8 9 8 3 9 6 2 11 10 10 8 8 8 6 10 11 10 7 6 9 10 8 12 7 8 12 10 0 4 8 12 14 5 12 10 8 4 7 7 7 7 6 6 6 9 11 8 8 10 6 9 10 10 10 6 9 8 7 6 10 7 7 4 7 9 2 11 9 10 5 9 10 9 10 10 9 5 6 8 7 6 10 9 7 11 7 7 9 8 6 5 8
0 11 10 3 9 8 9 10 6 8 9 8 9 9 9 11 9 10 6 8 8 9 6 10 9 10 7 6 10 6 9 10 8 10 12 10 9 0 9 8 14 8 13 11 8 4 3 9 7 7 6 6 8 9 8 8 8 10 9 9 6 7 10 10 10 8 9 6 7 9 7 6 7 10 2 7 9 10 5 9 8 9 6 12 7 5 6 8 7 6 11 9 9 7 9 7 9 7 11 7 10
0 8 8 3 8 8 6 5 6 8 5 8 8 8 9 5 6 11 8 8 8 8 1 6 7 9 5 6 10 8 9 7 7 5 12 10 9 6 0 9 13 8 4 7 7 4 7 9 2 5 6 8 8 8 9 6 7 7 9 7 11 6 9 8 8 7 7 5 7 9 7 6 7 8 2 12 8 2 5 8 10 7 9 10 9 5 9 8 7 6 9 8 9 11 7 7 3 8 9 5 8
0 9 10 3 9 5 10 9 9 8 9 8 9 9 9 11 11 9 10 8 8 7 6 10 11 10 7 6 10 5 11 3 8 8 12 10 9 9 8 0 14 5 12 11 8 4 7 7 7 7 6 6 6 9 11 8 8 8 9 7 11 10 9 10 8 8 7 6 10 11 7 6 7 10 2 12 9 10 5 9 9 9 10 10 9 5 6 8 7 6 11 9 6 9 7 7 7 9 11 10 8
0 11 8 3 5 5 8 8 4 8 5 8 9 5 5 10 11 12 10 8 8 8 6 9 7 10 7 6 2 10 10 12 6 10 11 10 9 8 10 12 0 8 13 9 8 4 7 3 7 7 6 6 8 5 9 4 8 7 5 9 9 9 6 8 10 8 9 6 5 9 7 6 7 10 2 12 5 10 5 9 11 9 10 9 10 5 6 8 7 6 10 9 9 10 9 7 9 7 11 7 7
0 8 7 3 4 0 5 4 4 8 4 5 7 4 8 6 6 9 8 8 6 4 4 5 6 6 6 6 5 8 9 7 6 3 9 8 4 4 3 8 10 0 7 6 6 4 7 2 2 6 6 1 1 4 8 5 4 6 5 7 6 5 5 7 8 4 2 4 5 8 7 4 5 9 2 9 4 5 5 5 5 8 6 5 4 3 1 5 7 5 8 7 7 7 2 2 6 7 10 5 3
0 11 4 3 9 8 11 10 2 8 5 8 4 9 9 11 12 8 4 7 8 8 6 10 7 10 7 6 11 4 10 9 7 10 12 10 9 8 8 13 9 8 0 7 8 4 7 9 8 7 6 7 8 9 11 8 8 7 9 9 10 10 10 8 10 8 9 6 3 9 7 6 7 10 2 12 9 10 5 9 11 9 7 9 10 5 9 8 7 6 11 9 9 11 9 7 9 8 10 8 7
0 4 5 2 5 2 6 5 4 7 6 4 5 6 6 6 6 10 6 4 7 6 4 6 7 4 4 5 7 6 5 7 6 5 8 7 4 5 3 9 12 2 7 0 6 2 5 4 4 4 4 3 3 4 8 4 2 7 6 2 8 6 4 9 7 2 3 5 5 4 5 5 3 7 0 8 6 5 5 3 6 6 4 3 5 4 3 4 5 3 6 7 7 9 3 4 2 7 8 5 1
0 7 2 3 1 4 4 4 1 6 1 7 8 1 6 7 8 8 7 5 5 4 2 5 3 6 5 3 6 7 6 9 0 6 9 8 5 6 4 8 10 5 8 3 0 4 7 6 6 5 6 5 5 1 8 3 4 3 6 5 5 5 2 4 4 4 6 2 2 5 4 6 5 4 2 10 1 6 5 5 9 7 6 6 8 5 5 5 4 3 6 1 7 6 6 3 3 1 9 7 4
0 11 7 3 6 9 7 9 6 8 6 8 9 6 9 11 12 12 8 8 8 9 6 10 8 9 7 6 11 8 9 13 5 9 10 9 9 6 9 13 14 10 12 8 5 0 7 9 8 7 6 7 8 6 11 4 8 7 9 9 10 10 7 9 9 8 9 6 7 8 7 6 3 9 2 12 6 10 5 9 11 9 10 11 10 5 10 6 7 6 10 6 9 11 9 7 8 6 11 11 9
0 10 8 3 9 8 11 10 3 8 6 8 9 9 9 10 12 13 10 8 7 9 6 10 6 9 6 6 11 10 6 10 6 7 9 9 8 8 9 7 13 8 10 8 8 4 0 8 8 6 5 8 7 8 5 8 8 8 9 8 9 4 9 9 9 8 8 6 4 6 6 6 7 9 2 8 9 9 5 9 9 8 3 9 8 5 9 8 6 6 11 9 9 10 8 7 8 4 10 4 7
0 8 5 3 2 7 5 5 2 7 2 8 9 2 7 7 9 9 8 6 6 5 6 6 4 7 7 4 7 8 7 10 4 7 10 9 6 7 7 9 11 8 10 7 5 4 7 0 8 7 6 7 5 2 6 4 5 4 3 9 6 6 3 5 7 5 6 5 3 6 5 6 6 9 2 9 2 8 5 6 8 9 7 9 7 5 8 6 5 4 7 6 9 7 6 4 8 5 10 5 7
0 6 8 3 8 7 9 8 7 8 9 8 9 9 8 10 4 13 9 7 7 9 6 9 10 7 7 5 10 9 11 5 8 10 10 10 9 8 9 12 14 7 10 10 8 4 5 9 0 7 6 8 8 6 10 7 5 9 8 9 11 9 7 10 9 5 9 6 8 11 7 6 6 10 2 12 9 8 5 6 11 9 7 11 10 5 8 8 7 5 7 9 8 11 9 7 8 9 11 3 10
0 4 7 3 5 6 7 8 5 7 5 6 5 5 5 6 9 9 6 4 4 8 4 9 7 8 0 2 7 6 4 7 6 6 9 8 4 5 3 8 12 6 7 5 7 4 7 4 5 0 6 3 6 4 4 6 6 6 5 2 9 5 4 6 3 6 7 2 6 7 7 6 7 3 2 7 5 3 5 5 7 2 6 7 6 5 7 5 7 2 7 8 7 10 4 7 2 7 4 7 5
0 5 4 3 5 5 8 7 4 8 5 6 6 5 6 7 10 10 7 5 5 5 5 8 7 4 1 3 8 7 5 8 7 4 10 4 5 5 4 9 8 5 7 6 7 4 5 3 6 1 0 4 2 5 5 6 4 7 6 3 9 6 5 7 4 4 3 3 5 8 1 5 5 4 2 8 5 4 5 5 6 3 6 6 5 4 6 6 1 3 8 8 8 10 3 3 3 8 5 7 4
0 10 8 3 4 7 7 7 4 8 4 8 9 4 9 10 11 11 10 8 8 7 6 8 6 9 7 6 4 10 9 12 6 9 12 10 8 9 9 11 13 10 12 9 7 4 7 5 8 7 6 0 8 4 11 6 7 6 8 9 8 8 5 7 9 7 9 6 5 8 7 6 7 10 2 12 4 10 5 8 11 9 9 11 10 5 8 8 7 6 9 8 9 9 9 6 9 7 11 10 9
0 8 6 3 3 3 6 6 3 7 3 4 6 3 7 5 8 8 7 7 5 3 3 7 5 5 5 5 8 7 8 9 5 2 8 7 3 3 2 9 12 3 6 8 5 4 6 1 4 5 6 4 0 3 7 5 3 5 4 6 7 7 4 6 7 3 1 6 4 7 6 3 4 8 2 8 3 4 4 4 4 7 5 4 3 2 4 4 6 4 7 6 6 8 1 1 5 6 9 6 2
0 6 5 3 4 5 3 7 4 8 4 8 9 4 5 7 11 10 6 4 4 7 5 8 6 7 7 2 5 6 9 12 3 5 9 8 7 5 5 10 9 8 9 6 3 4 7 6 7 7 6 6 8 0 11 2 5 5 5 8 8 8 1 7 7 5 8 5 5 8 7 6 6 7 2 9 4 7 5 6 10 8 7 9 9 5 6 8 7 2 6 4 7 9 8 6 6 4 11 7 7
0 6 6 3 5 3 7 6 5 7 7 5 4 7 7 9 9 10 9 8 2 7 6 7 8 5 6 6 8 6 10 7 8 6 9 8 7 7 5 4 13 3 6 8 8 4 6 5 5 6 6 4 4 6 0 5 3 8 7 6 9 7 7 10 7 3 5 6 6 10 7 6 4 9 2 3 7 6 4 4 4 8 5 4 3 5 4 5 7 4 7 9 9 10 4 5 4 7 10 6 2
0 9 7 3 4 10 8 7 4 8 7 8 9 8 9 11 11 12 10 8 8 9 5 8 9 6 5 6 11 10 9 12 7 9 7 9 9 9 8 11 13 10 9 9 7 3 7 8 7 5 5 8 7 8 9 0 4 3 9 7 11 8 9 10 8 4 8 6 5 11 6 6 5 8 1 11 8 7 5 5 10 7 6 11 10 5 11 8 6 6 8 8 9 11 8 7 7 8 9 7 9
0 9 3 3 3 7 4 3 2 6 5 8 9 6 9 9 11 10 6 7 7 8 6 4 5 2 7 6 8 6 9 10 5 6 7 7 8 6 6 7 13 7 5 5 8 4 3 7 8 7 6 5 7 6 8 2 0 5 8 7 8 4 5 7 6 2 8 3 3 8 6 6 1 10 2 9 6 5 5 1 6 9 2 8 9 5 8 4 6 6 4 9 9 9 8 7 7 6 10 3 6
0 10 4 3 4 8 5 4 3 7 6 8 7 7 9 10 12 11 7 8 8 9 6 5 6 3 7 6 9 7 10 11 6 7 8 8 9 7 7 8 14 8 6 6 8 4 4 5 8 7 6 6 8 7 9 3 1 0 8 8 9 5 6 8 7 1 8 4 4 9 7 6 2 10 2 8 7 4 5 2 7 9 3 9 8 5 9 5 7 6 5 9 9 10 8 7 8 7 11 4 7
0 8 3 3 9 6 10 9 7 8 9 5 9 9 9 10 10 11 8 6 8 9 6 10 11 8 6 6 11 8 9 11 1 9 9 8 8 7 5 10 14 6 9 4 8 4 7 8 7 6 6 7 7 8 10 8 6 9 0 6 11 10 8 10 9 6 7 6 8 8 7 6 7 9 2 9 9 7 5 7 10 8 8 7 9 5 7 5 7 6 8 9 8 11 7 7 6 2 10 2 5
0 2 7 3 6 6 5 6 6 5 6 4 3 6 4 4 7 8 4 2 5 6 2 7 8 6 2 3 7 4 5 8 5 6 7 6 2 3 1 7 11 6 5 7 5 4 6 6 3 2 6 5 7 2 6 4 5 7 4 0 9 7 2 8 5 5 8 4 6 9 7 6 6 5 2 7 6 3 5 6 8 4 7 9 7 5 7 3 7 1 6 6 5 10 6 7 0 6 6 6 7
0 10 7 3 7 6 3 7 6 8 8 8 9 9 9 8 3 11 9 7 8 8 4 4 9 6 7 6 10 9 10 4 8 5 9 10 8 5 3 7 14 6 7 9 8 4 4 8 5 7 6 7 7 9 9 6 4 7 9 8 0 4 9 10 7 4 8 6 7 10 7 6 5 7 2 10 9 5 5 5 10 9 6 7 9 5 7 8 7 6 6 9 7 1 7 7 6 6 7 7 5
0 10 10 3 9 8 8 10 8 8 9 8 7 9 9 6 8 12 10 8 8 9 6 9 11 10 6 6 11 8 10 6 8 10 12 10 4 8 8 3 14 8 12 11 8 4 7 9 8 6 6 8 8 9 10 8 8 10 9 8 5 0 10 10 9 8 9 6 9 11 7 6 7 9 2 12 9 9 5 7 11 8 8 12 10 5 9 8 7 6 9 9 9 6 9 7 8 7 10 9 10
0 9 7 3 7 7 9 8 7 8 7 8 9 7 4 8 10 9 5 3 3 7 4 9 9 7 7 1 10 5 11 11 5 8 9 7 6 4 6 9 14 7 10 8 8 4 7 9 8 7 6 8 8 7 11 8 6 5 4 9 10 9 0 10 8 6 9 6 8 11 7 6 7 10 2 8 7 8 5 7 9 9 7 11 8 5 8 8 7 1 6 5 6 10 9 7 5 6 11 6 9
0 7 5 3 7 5 10 9 7 8 7 8 9 7 9 5 10 4 10 8 6 5 6 10 9 8 7 6 9 10 2 10 4 5 12 10 8 6 5 7 8 5 6 5 8 4 7 7 6 7 6 5 6 7 11 8 6 9 9 7 10 6 8 0 9 6 4 4 8 1 7 6 7 10 2 6 7 7 5 6 7 9 7 7 6 5 5 8 7 6 10 6 4 11 4 7 7 5 9 8 5
0 7 10 3 8 10 10 10 8 8 9 8 9 9 9 11 12 13 10 8 8 9 6 10 11 10 7 6 11 9 11 13 8 10 7 10 9 9 10 13 14 10 10 11 8 4 7 9 8 7 6 8 8 7 11 8 8 10 9 9 11 10 8 10 0 8 9 6 9 11 7 6 7 10 2 12 9 10 5 9 11 9 10 12 10 5 11 8 7 6 11 9 9 11 9 7 9 9 11 11 10
0 9 3 3 3 7 4 3 2 6 5 8 9 6 9 9 11 10 6 7 7 8 6 4 5 2 7 6 8 6 9 10 5 6 7 7 8 6 6 7 13 7 5 5 8 4 3 7 8 7 6 5 7 6 8 2 0 5 8 7 8 4 5 7 6 0 7 3 3 8 6 6 1 10 2 7 6 3 5 1 6 9 2 8 7 5 8 4 6 6 4 9 9 9 7 7 7 6 10 3 6
0 7 5 2 4 2 6 5 4 6 6 4 5 6 6 6 7 10 8 7 4 5 2 6 7 4 6 6 7 8 10 8 6 5 8 7 4 6 1 9 12 2 5 7 8 4 5 4 3 6 6 3 3 6 10 4 2 7 6 5 7 6 7 8 6 2 0 5 5 9 7 2 3 9 2 8 6 3 3 3 3 8 4 3 2 1 3 4 7 3 6 9 5 8 0 3 4 7 10 5 1
0 9 7 3 3 8 6 6 3 8 3 8 9 3 8 9 10 8 9 7 7 6 6 7 5 8 7 5 5 9 6 11 5 8 11 10 7 8 8 10 12 9 10 8 6 4 7 6 8 7 6 8 7 3 10 5 6 5 8 9 7 7 4 4 5 6 8 0 4 5 6 6 7 10 2 10 3 9 5 7 11 9 8 10 10 5 9 7 6 5 8 7 8 8 8 5 9 6 11 9 8
0 8 6 3 7 6 9 8 7 7 2 8 9 9 9 10 10 9 10 8 8 5 6 9 4 7 7 6 10 10 7 11 4 8 12 10 8 9 7 11 10 6 10 4 8 4 7 7 8 7 6 7 6 8 11 7 5 4 9 6 11 9 8 5 10 5 7 6 0 6 5 6 6 10 2 10 9 8 5 6 10 9 7 7 9 5 7 8 5 6 9 9 9 11 7 7 6 5 7 8 5
0 8 4 3 6 4 9 9 6 8 6 7 9 6 9 4 9 10 9 8 8 9 6 10 8 8 7 6 8 9 1 10 3 4 11 10 8 5 7 7 14 6 5 4 8 4 7 8 5 7 6 4 7 6 11 8 6 8 9 6 9 5 7 7 8 6 7 3 7 0 7 6 7 10 2 6 6 9 5 7 7 9 8 7 6 5 4 7 7 6 10 9 9 10 7 7 6 4 8 8 5
0 9 6 3 4 4 7 7 4 8 4 5 7 4 8 6 9 9 8 8 6 4 4 8 6 5 6 6 9 8 9 8 6 3 9 8 4 4 3 10 7 4 7 9 6 4 6 2 5 6 6 5 1 4 8 5 4 6 5 7 8 8 5 7 8 4 2 6 5 8 0 4 5 8 2 9 4 5 5 5 5 7 6 5 4 3 5 5 0 5 8 7 7 9 2 2 6 7 6 7 3
0 6 9 3 8 4 9 8 8 8 8 8 3 8 9 10 10 9 10 8 8 4 6 9 10 8 7 6 9 10 11 11 8 7 12 10 8 8 7 12 14 4 11 10 8 4 7 6 6 7 6 5 5 6 11 8 8 10 9 8 10 9 7 10 7 8 6 6 9 11 7 0 7 7 2 12 8 7 5 9 6 9 9 9 8 5 5 8 7 6 10 9 3 11 6 6 8 9 10 9 7
0 10 7 3 5 10 4 8 5 8 8 8 9 8 9 9 12 9 5 8 8 9 6 9 10 6 6 6 8 5 10 13 8 6 7 6 9 6 6 12 14 10 9 10 8 4 7 9 8 6 6 4 8 8 10 1 5 4 9 8 11 9 9 10 9 5 9 6 6 11 7 6 0 9 2 12 8 8 5 6 11 8 7 12 10 5 11 3 7 6 7 9 9 11 9 7 8 7 10 8 10
0 7 10 3 8 10 9 10 7 8 9 8 9 6 9 11 12 11 10 8 3 9 6 10 10 10 4 6 11 7 8 12 8 10 7 10 9 9 6 9 14 10 10 11 8 4 7 9 8 7 6 7 8 6 8 8 8 10 9 9 10 9 7 10 0 8 9 6 8 11 7 6 7 0 2 8 9 8 5 9 9 9 7 11 8 5 11 8 7 6 6 9 9 11 8 7 5 9 8 8 9
0 9 8 3 7 9 9 8 7 8 7 8 9 7 9 11 10 11 10 8 8 9 4 9 9 8 5 6 11 10 9 11 6 8 12 8 9 8 8 12 12 9 11 9 6 2 7 7 6 5 4 8 6 7 9 6 8 9 9 7 11 9 8 10 8 8 7 6 8 10 5 6 5 8 0 12 7 8 5 9 10 7 9 10 9 5 10 8 5 6 11 7 9 11 7 7 7 7 9 9 8
0 5 7 2 2 6 6 5 2 4 5 7 6 5 4 7 10 10 7 5 8 7 5 6 7 6 5 6 6 6 8 4 5 6 9 7 5 6 4 1 11 6 8 5 6 4 3 5 6 5 6 2 4 5 8 6 4 7 4 3 9 6 5 8 4 4 5 5 3 9 7 6 5 8 2 0 6 6 1 5 1 7 6 8 0 5 7 6 7 1 6 7 6 10 5 5 3 4 9 6 6
0 6 4 3 0 5 3 3 0 5 0 8 7 0 5 6 7 7 6 4 4 3 5 4 2 5 7 2 5 6 5 8 2 5 8 7 4 5 5 7 9 6 8 5 3 3 6 5 7 7 6 5 4 0 7 2 3 2 5 7 4 4 1 3 5 3 5 3 1 4 3 6 4 7 2 9 0 6 4 4 8 8 5 7 7 5 6 4 3 2 5 4 7 5 5 2 6 3 8 6 5
0 11 7 3 6 9 9 9 6 8 6 8 9 6 9 11 12 13 10 8 8 9 6 10 8 10 7 6 11 10 11 13 5 9 12 10 9 9 9 13 13 10 13 8 5 4 7 9 8 7 6 8 8 6 11 8 8 8 9 9 10 10 7 9 8 8 9 6 7 10 7 6 7 8 2 12 6 0 5 9 11 9 10 11 10 5 10 8 7 6 11 6 9 11 9 7 8 6 11 11 9
0 11 6 1 6 10 7 6 5 3 7 7 9 7 9 11 12 12 9 8 8 9 6 7 8 5 7 6 7 9 8 12 8 9 10 7 9 9 8 9 14 10 8 8 8 4 2 8 8 7 6 3 8 7 7 5 3 8 9 9 11 6 8 8 9 3 9 4 6 8 7 6 4 10 2 10 7 6 0 4 9 9 5 11 10 5 11 7 7 6 7 9 9 9 9 7 7 6 11 6 9
0 9 6 3 9 7 9 10 1 8 4 8 8 9 9 11 12 10 8 6 6 7 6 10 4 9 7 6 10 6 9 13 4 5 7 10 9 6 8 12 12 7 10 6 8 4 7 7 8 7 6 6 6 6 9 7 7 6 7 7 9 10 7 7 10 7 7 6 2 8 5 6 7 10 2 11 9 10 5 0 5 9 1 8 9 5 8 8 5 6 10 9 8 10 7 7 7 5 9 2 6
0 4 9 3 6 6 7 8 6 7 6 6 5 4 6 6 9 10 6 4 7 6 4 9 8 8 4 5 9 6 7 10 7 5 9 8 4 5 3 9 12 6 7 9 7 4 7 4 5 4 6 7 3 4 8 6 6 8 6 2 8 9 4 9 7 6 4 6 7 10 7 6 7 7 2 9 6 5 5 7 0 6 8 7 6 5 7 5 7 3 8 8 7 9 4 4 2 8 8 8 5
0 2 5 3 6 6 5 6 6 5 6 4 3 6 4 4 7 8 4 2 4 6 2 7 8 6 2 3 7 4 5 5 5 6 7 6 2 3 1 7 11 6 5 7 5 4 6 6 3 2 6 5 7 2 6 4 5 7 4 0 9 7 2 8 1 5 8 4 6 9 7 6 6 1 2 7 6 1 5 6 8 0 7 8 7 5 7 3 7 1 6 6 5 10 6 7 0 6 6 6 6
0 9 5 3 8 6 8 9 0 8 3 7 9 8 9 10 11 10 7 5 5 6 6 10 3 8 7 6 9 7 8 12 3 4 6 10 8 5 7 11 11 6 9 5 7 4 7 6 8 7 6 5 5 5 8 6 6 5 7 7 8 10 6 6 10 6 6 6 1 7 4 6 7 10 2 10 8 9 5 7 9 9 0 7 8 5 7 7 4 6 9 8 7 9 6 6 7 4 8 1 5
0 11 8 3 8 10 7 10 5 8 8 4 9 9 9 11 12 10 9 7 8 9 6 10 10 7 7 6 11 9 11 12 8 9 8 7 9 8 9 9 14 10 10 10 8 4 7 9 8 7 6 8 8 9 11 8 7 10 9 9 11 10 10 10 10 7 9 6 6 11 7 6 7 10 2 8 9 9 5 8 9 9 9 0 8 5 11 4 7 6 10 9 9 11 9 7 9 9 11 10 10
0 5 7 2 2 7 6 5 2 4 5 7 6 5 4 7 10 11 7 5 8 7 5 6 7 6 5 6 8 7 8 11 5 6 9 7 5 6 4 9 13 7 8 7 6 4 3 5 6 5 6 4 4 5 8 6 4 7 4 3 9 6 5 8 4 4 5 5 3 9 7 6 5 8 2 10 7 6 1 5 1 7 6 8 0 5 8 6 7 1 6 7 6 10 5 5 3 6 9 6 6
0 7 7 3 7 5 9 9 7 8 9 8 4 9 9 6 9 10 10 8 8 4 6 5 11 8 7 6 10 10 9 10 5 8 9 8 4 8 8 8 14 5 11 8 8 4 7 7 7 7 6 6 6 7 11 8 8 10 9 8 6 5 8 7 8 8 7 6 8 8 7 1 7 8 2 11 9 6 5 9 6 9 10 10 5 0 6 8 7 6 11 9 4 7 7 2 8 6 10 9 8
0 7 8 3 4 2 7 6 4 8 4 7 9 4 9 5 5 10 9 8 8 6 6 7 6 8 7 6 4 9 9 6 6 4 11 10 6 5 5 10 12 2 9 8 7 4 6 4 1 7 6 0 3 4 10 6 6 6 7 9 5 7 5 7 9 6 4 6 5 8 7 6 7 10 2 11 4 7 5 7 7 9 8 7 6 5 0 7 6 6 8 8 7 6 4 4 8 7 9 4 5
0 11 4 3 4 9 7 6 4 8 7 8 9 9 9 10 12 6 7 5 8 9 6 7 8 3 7 6 11 7 10 10 8 9 4 3 8 6 9 10 14 9 6 8 8 4 4 9 8 7 6 8 8 9 9 5 3 8 9 9 9 7 8 10 9 3 9 6 5 10 7 6 4 10 2 10 9 5 5 4 9 9 5 11 10 5 10 0 7 6 7 9 8 10 9 7 9 8 11 6 9
0 11 6 3 6 7 9 8 6 8 7 8 9 7 9 9 12 11 10 8 8 7 6 9 9 5 7 6 9 10 11 8 8 6 12 10 7 7 6 12 7 7 8 10 8 4 6 5 8 7 6 8 4 7 11 7 5 9 8 9 11 9 8 10 10 5 5 6 7 11 7 6 6 10 2 12 7 8 5 6 8 9 7 8 7 5 8 8 0 6 9 9 9 11 5 5 9 9 11 8 6
0 11 6 3 6 9 8 9 6 7 6 8 9 6 3 11 12 13 10 8 8 9 6 10 8 6 7 6 11 10 11 13 4 10 8 6 9 9 8 13 14 9 9 7 8 4 7 9 8 7 6 8 8 6 11 8 6 8 3 9 10 10 7 9 7 6 9 6 7 10 7 6 7 10 2 12 6 8 5 7 11 9 6 10 10 5 10 8 7 0 5 9 9 9 9 7 9 5 11 5 8
0 9 5 3 5 7 6 5 1 2 4 6 9 8 9 9 11 10 6 4 6 7 6 6 4 4 7 6 10 6 9 9 4 5 3 9 7 5 8 9 12 7 6 6 8 4 5 7 8 7 6 6 6 6 9 4 2 6 8 8 8 6 7 7 2 2 7 5 2 8 5 6 3 10 2 9 8 5 5 3 8 9 1 8 9 5 8 6 5 6 0 9 7 9 7 7 8 5 9 2 6
0 10 8 3 4 3 7 7 4 8 4 8 9 4 9 9 9 9 9 7 8 7 6 8 6 9 7 6 6 9 7 10 6 8 12 10 8 8 9 11 13 6 11 9 7 4 7 7 5 7 6 4 7 4 11 6 7 6 9 9 8 8 5 5 6 7 8 1 5 6 7 6 7 10 2 11 4 10 5 6 11 9 7 11 10 5 4 8 7 6 9 0 9 9 8 6 9 7 11 8 9
0 3 6 3 5 1 6 5 5 6 5 5 8 5 7 7 7 6 8 6 6 1 5 6 7 5 5 4 6 8 9 8 6 4 9 8 5 5 4 9 11 1 8 7 6 4 6 3 3 5 4 2 2 3 9 5 5 7 6 5 7 6 4 8 8 5 3 5 6 9 5 5 6 8 2 9 5 5 5 6 3 7 6 6 5 4 2 5 5 4 9 7 0 8 3 3 5 7 7 6 4
0 10 8 3 8 5 8 7 7 8 7 7 9 9 9 7 8 13 9 7 8 9 3 3 9 7 6 6 10 9 10 9 8 7 10 9 7 8 2 6 13 5 6 9 8 4 7 7 4 6 5 6 6 9 9 7 5 6 9 8 8 3 10 10 9 5 7 6 8 11 6 6 6 9 2 9 9 4 5 6 9 8 7 6 8 5 6 7 6 6 9 9 9 0 6 7 5 9 10 7 4
0 7 5 2 4 2 6 5 4 6 6 4 5 6 6 6 8 10 8 7 8 5 6 6 7 4 7 6 7 8 10 9 6 5 8 7 4 6 5 9 12 2 7 7 8 4 5 4 4 7 6 3 3 6 10 4 2 7 6 5 7 6 7 8 6 2 4 5 5 9 7 2 3 9 2 8 6 5 3 3 3 9 4 3 2 1 3 4 7 3 6 9 5 8 0 3 5 7 10 5 1
0 10 9 3 9 7 11 10 9 8 9 8 5 9 8 4 10 12 10 8 8 2 6 10 11 9 6 6 11 10 10 11 8 9 7 9 2 6 9 13 13 7 10 11 8 4 7 8 8 6 5 8 7 9 10 8 8 9 8 8 11 10 10 8 9 8 8 6 10 9 6 6 7 9 2 12 9 9 5 9 11 8 10 11 10 5 8 8 6 6 11 9 9 10 8 0 8 9 8 7 9
0 6 9 3 7 8 7 6 7 8 6 8 7 7 7 6 7 11 8 6 6 9 2 7 8 10 2 4 9 8 6 8 8 6 11 10 6 7 1 7 14 8 5 7 8 4 7 6 3 2 6 5 8 6 6 7 8 8 7 4 11 7 6 8 5 8 8 4 8 9 7 6 7 5 2 9 7 3 5 7 9 4 8 9 8 5 9 7 7 4 9 9 9 11 6 7 0 9 6 6 7
0 10 10 3 9 8 11 10 9 8 9 8 9 9 9 11 12 13 10 8 8 9 6 10 11 10 7 6 11 10 11 13 8 10 12 10 9 7 9 10 14 8 13 6 8 4 7 9 8 7 6 8 8 9 11 6 8 9 9 8 11 10 10 10 10 8 9 6 10 10 7 6 7 10 2 9 9 10 5 9 10 9 10 9 9 5 9 8 7 6 11 9 9 11 9 7 8 0 11 11 7
0 7 9 3 6 6 9 9 5 8 6 5 8 6 9 9 12 8 7 7 8 9 6 10 8 8 7 6 3 7 10 10 8 2 9 8 7 3 6 10 14 9 10 10 8 4 6 4 8 7 6 7 8 6 10 7 8 8 7 5 9 10 7 9 6 8 9 6 6 10 7 6 7 6 2 9 6 6 5 9 10 5 9 10 9 5 7 5 7 6 11 9 9 10 9 7 5 9 0 9 8
0 11 10 3 9 10 11 10 9 8 9 8 9 9 9 11 12 13 10 8 8 9 6 10 11 10 7 6 11 10 11 13 8 10 12 10 9 9 10 13 14 10 13 11 8 4 7 9 8 7 6 8 8 9 11 8 8 7 9 9 11 10 10 10 10 8 9 6 10 11 7 6 7 10 2 12 9 10 5 9 11 9 10 12 10 5 11 8 7 6 11 9 9 11 9 7 9 9 11 0 10
0 9 4 1 4 1 5 4 3 7 5 3 6 5 8 7 7 9 7 6 7 5 5 5 6 3 7 6 6 7 9 8 6 4 7 6 5 5 4 8 11 1 6 6 7 4 4 3 3 7 6 2 2 5 9 3 1 6 6 7 7 5 6 8 7 1 3 4 4 8 7 4 2 10 2 7 5 4 4 2 5 9 3 2 4 3 2 3 7 5 5 8 7 8 2 3 7 7 11 4 0
