100 2
1 1330 3 9
5 1841 10 9
6 1922 5 10
6 1031 4 7
2 726 2 2
10 722 3 9
9 943 10 8
5 1600 2 4
16 2215 8 10
15 1925 9 9
17 1467 4 10
14 1590 2 8
19 1015 2 9
19 1690 4 8
20 1443 5 8
11 2306 5 4
26 1205 9 9
18 1981 6 6
27 625 10 9
16 1912 4 5
26 1462 6 7
40 2128 5 10
37 1520 5 9
37 2291 4 9
43 2250 7 10
22 1830 3 5
40 2399 9 9
38 832 9 8
43 2299 7 9
15 499 4 3
46 2389 6 9
46 1125 1 9
26 1875 5 5
22 1938 10 4
56 1242 6 10
57 1366 6 10
46 2148 4 8
46 1126 5 8
54 813 9 9
48 1010 3 8
49 2413 3 8
31 534 5 5
45 2023 5 7
55 932 4 8
50 905 10 7
36 2101 9 5
72 1071 9 10
73 2358 8 10
53 1140 4 7
61 2061 10 8
54 957 3 7
63 1976 10 8
64 1587 4 8
42 1578 10 5
34 1460 5 4
51 1996 3 6
83 932 2 9
66 2405 5 7
96 1066 1 10
29 1200 10 3
30 1188 1 3
10 1649 6 1
51 2297 10 5
52 2433 5 5
21 1358 7 2
43 1317 5 4
43 1053 3 4
78 2100 10 7
80 2007 10 7
81 1593 3 7
48 1247 3 4
62 1474 4 5
87 2116 7 7
87 2012 9 7
77 1835 8 6
52 1143 6 4
91 1405 9 7
55 1644 8 4
47 614 4 3
97 824 3 6
82 1010 7 5
92 1287 8 5
92 1376 4 5
83 1230 3 4
65 2185 7 3
93 2447 10 4
55 1959 5 2
86 1212 10 3
29 1825 4 1
93 1878 5 3
97 724 9 3
99 2104 4 3
87 1967 2 2
89 1178 8 2
93 2363 9 2
98 795 10 2
51 533 3 1
54 2281 3 1
58 2286 9 1
83 1531 4 1
SETUP
0 22 48 23 13 17 21 26 30 26 31 19 44 40 36 25 34 29 33 24 26 28 30 14 12 37 32 21 31 3 28 16 5 26 28 40 2 35 10 29 41 32 19 17 26 3 28 47 49 19 27 12 24 24 27 16 25 28 7 33 22 24 44 17 30 37 41 35 30 31 24 37 22 8 12 16 16 7 23 39 34 16 21 17 41 41 19 32 18 17 21 44 27 27 25 45 15 19 45 28 31
0 0 6 7 2 20 40 37 31 32 7 34 19 40 20 26 14 32 16 31 21 43 18 40 37 26 6 15 33 23 26 45 17 14 33 30 13 21 41 44 25 31 11 13 25 11 19 28 39 21 39 28 28 48 13 25 23 30 19 14 32 18 34 23 24 34 41 31 16 43 25 9 36 44 19 10 26 31 3 17 15 27 28 33 13 31 1 31 36 11 11 37 2 3 6 15 27 17 29 26 26
0 33 0 32 22 32 32 17 18 29 29 25 18 29 35 48 23 23 15 41 34 47 17 24 18 15 16 34 15 24 16 25 42 34 22 25 42 23 8 25 33 30 35 12 16 19 28 36 14 23 16 30 28 36 19 29 36 31 27 7 2 33 22 16 0 32 13 20 35 43 32 15 32 44 17 17 37 15 48 45 19 13 35 15 15 33 2 28 10 15 35 18 21 11 7 15 30 9 43 40 8
0 25 18 0 11 12 27 37 43 40 10 40 21 15 17 32 24 28 38 14 35 22 16 29 15 11 32 10 16 30 37 11 24 23 4 31 38 21 21 28 35 34 33 27 17 15 30 38 23 26 39 24 38 24 13 35 18 22 7 12 36 7 12 22 14 25 21 22 40 48 18 37 32 19 7 19 32 14 35 25 15 27 33 22 42 25 30 35 15 42 19 17 15 33 13 35 31 14 23 20 15
0 14 26 26 0 41 29 23 11 19 23 27 7 33 12 28 6 30 17 21 22 24 25 25 47 21 3 36 11 21 38 38 7 8 26 25 42 23 44 11 13 10 28 27 24 28 32 28 31 8 31 29 27 12 24 29 43 9 28 35 42 25 26 23 32 16 23 33 23 6 29 11 37 31 38 34 14 30 41 48 16 27 38 19 14 36 1 11 42 16 34 16 18 8 19 17 38 29 33 34 12
0 44 15 38 15 0 19 27 21 23 25 22 22 14 23 20 32 34 39 32 13 3 28 34 14 11 36 25 12 24 39 13 3 19 32 8 10 12 33 33 15 48 37 27 24 29 27 29 21 25 22 21 17 10 16 22 46 18 19 37 44 30 40 35 2 23 34 22 37 15 28 13 5 45 9 21 13 9 4 19 13 10 9 38 19 13 34 24 16 15 36 19 14 19 29 13 10 20 37 23 13
0 25 22 16 33 2 0 6 21 30 17 48 20 22 18 23 21 34 26 39 4 23 15 37 29 23 17 10 21 19 31 48 26 20 16 18 47 45 13 22 22 26 47 19 30 45 27 14 23 20 34 23 16 23 32 39 35 15 27 16 31 25 32 5 32 42 8 39 26 36 19 36 24 21 19 23 40 29 27 3 37 19 19 9 34 1 20 33 29 17 40 21 43 20 37 42 26 18 26 1 23
0 20 22 16 40 19 25 0 16 19 27 26 14 30 23 24 34 23 13 19 8 19 28 11 22 32 21 20 33 15 13 22 15 18 42 41 15 18 43 28 49 24 42 3 23 37 22 41 16 22 22 15 23 36 47 31 31 27 17 20 14 16 3 21 22 28 14 34 35 35 17 22 8 23 31 33 22 19 3 19 37 33 38 12 34 46 32 33 27 5 8 18 14 15 48 12 16 41 23 14 49
0 16 25 44 31 32 19 26 0 29 34 12 27 13 34 36 28 37 21 25 31 16 16 16 47 19 32 23 11 37 37 9 13 35 19 14 45 29 41 41 17 22 27 43 45 13 20 17 24 24 26 10 13 18 11 21 38 37 45 26 18 16 41 33 12 34 27 17 34 40 16 20 21 21 36 6 21 43 22 40 14 25 48 3 19 14 38 30 37 13 32 27 36 25 21 29 23 34 11 15 14
0 22 4 20 13 34 19 15 26 0 18 16 29 28 26 16 39 8 24 42 22 30 29 18 24 1 20 18 17 26 33 33 43 26 24 29 30 17 6 29 25 23 16 16 27 46 28 29 24 0 34 18 17 32 33 34 27 34 21 9 5 33 15 19 22 31 26 39 17 27 15 23 10 19 42 25 24 14 39 28 26 40 28 20 19 22 29 22 39 10 17 41 41 11 26 30 28 13 16 29 47
0 29 5 6 34 36 38 27 48 31 0 12 9 19 19 35 14 19 23 37 39 32 23 38 41 23 10 18 3 46 19 40 30 11 22 23 29 23 29 24 18 20 21 25 19 16 39 17 41 8 33 24 17 32 10 11 38 20 16 30 6 26 36 15 22 10 5 19 37 35 14 20 32 36 22 40 14 12 11 22 16 8 33 25 29 27 34 39 11 18 16 16 39 20 37 17 32 19 40 49 13
0 29 41 35 26 28 18 39 34 29 17 0 38 12 11 35 28 29 33 22 20 25 24 21 25 19 8 31 35 33 15 25 19 37 16 13 5 12 39 12 36 20 16 10 21 10 25 38 20 28 15 34 39 15 25 32 37 41 39 35 20 35 14 35 15 31 29 44 21 18 28 23 20 39 29 8 13 22 37 11 25 30 14 47 33 19 23 34 28 32 37 27 16 13 12 14 14 36 3 33 40
0 22 12 9 25 4 28 32 36 40 18 24 0 0 35 22 38 36 16 22 17 38 24 27 38 28 26 28 29 30 11 11 20 24 14 7 32 36 19 24 31 18 22 26 44 15 7 6 28 24 27 23 35 12 28 43 25 36 22 23 18 30 12 14 29 29 7 36 11 39 17 34 26 24 23 19 34 28 12 28 5 38 17 16 24 18 19 27 29 7 4 20 32 14 22 16 11 37 38 44 22
0 38 11 29 48 25 29 20 25 18 31 30 29 0 32 35 10 27 17 36 24 29 2 14 8 39 20 19 12 30 22 29 44 8 10 33 26 10 48 14 25 24 33 21 10 10 37 26 6 29 29 30 29 25 37 42 44 26 37 26 32 16 12 47 19 16 13 44 26 20 28 35 43 22 27 44 28 25 32 40 14 18 28 20 39 19 11 10 28 34 36 44 8 30 28 18 21 28 29 19 14
0 23 9 38 31 32 15 29 25 10 37 16 21 34 0 16 31 38 19 19 43 44 18 33 43 10 25 23 17 27 32 42 15 23 26 40 34 20 5 11 38 25 14 24 14 18 41 14 43 30 47 41 15 18 30 13 33 18 26 31 37 20 15 13 39 27 3 7 14 18 34 16 21 5 41 17 33 16 13 27 14 17 24 47 15 8 19 34 37 40 18 17 19 21 23 21 20 1 21 4 48
0 19 34 14 48 15 45 6 33 26 21 35 15 38 27 0 43 40 14 19 39 23 21 23 28 31 17 20 26 25 3 22 25 8 36 38 24 19 19 31 18 3 34 20 10 6 29 28 24 28 4 9 24 18 47 32 10 30 42 26 25 23 34 2 7 39 4 21 36 36 28 43 31 36 28 25 27 23 16 28 11 11 24 11 36 39 47 18 36 40 25 23 47 28 1 43 21 22 16 14 21
0 29 18 43 18 33 16 38 27 19 29 19 11 23 42 18 0 19 3 31 27 20 26 35 15 19 10 47 13 38 33 41 25 31 14 20 29 34 23 23 2 12 4 44 30 38 23 26 45 27 36 11 35 15 16 17 19 12 33 26 22 36 23 46 22 33 12 26 19 49 18 23 36 17 22 3 26 26 9 29 23 33 40 31 25 16 41 12 19 40 11 20 31 12 29 38 24 37 34 6 8
0 28 18 39 19 36 4 9 13 28 12 20 31 22 26 39 26 0 17 23 9 27 26 43 20 21 19 22 33 13 19 21 42 16 25 32 17 30 15 33 16 24 34 13 17 18 17 21 30 24 29 21 23 36 32 16 11 25 26 27 16 25 27 25 15 29 10 19 45 36 18 22 15 10 33 35 42 28 19 37 30 43 18 23 45 22 1 31 27 41 7 23 29 34 36 45 39 14 41 9 13
0 13 30 14 38 35 27 20 28 26 16 39 23 29 12 14 35 12 0 10 7 32 14 36 15 28 39 4 30 34 6 24 37 24 16 25 8 21 11 37 33 15 2 28 31 26 40 36 49 14 13 11 18 18 19 34 31 30 23 21 29 21 40 14 31 39 35 10 13 30 32 28 13 19 34 34 26 22 30 11 13 29 27 32 30 13 12 37 21 41 32 8 39 25 18 23 20 40 12 45 26
0 24 8 24 39 16 16 25 18 24 1 18 14 37 19 34 22 33 11 0 10 30 12 27 32 42 32 21 21 24 15 16 26 24 15 30 26 36 21 33 24 33 32 12 39 13 9 34 13 17 39 32 10 22 10 11 13 14 2 24 17 27 25 20 19 23 15 20 28 32 43 12 16 34 19 43 23 45 33 40 4 13 24 16 44 28 42 11 10 31 29 6 22 20 24 47 21 37 14 20 32
0 23 25 26 16 33 3 14 44 16 18 46 16 16 35 25 29 10 20 27 0 34 16 24 22 26 28 28 35 27 21 39 29 27 13 21 41 26 25 24 13 28 29 18 12 14 12 43 22 32 19 14 24 19 36 11 18 26 34 23 17 8 19 13 17 19 7 11 29 33 21 8 5 23 25 2 29 37 21 33 39 16 41 46 11 8 16 1 19 25 36 16 40 32 37 4 19 31 28 28 13
0 3 13 49 27 26 19 34 25 31 20 24 25 21 15 5 25 41 19 24 26 0 15 9 45 22 5 15 25 22 2 21 25 26 13 2 30 40 24 47 33 39 15 27 28 23 33 24 22 19 21 23 35 26 28 28 34 24 6 33 2 22 29 8 19 41 11 23 34 15 6 18 40 6 26 33 29 19 29 24 38 18 30 43 46 31 47 14 7 31 18 28 14 33 12 27 36 15 17 8 22
0 9 39 15 30 5 35 29 26 7 28 33 34 34 22 24 26 28 22 45 21 1 0 12 17 36 32 21 39 29 34 25 12 44 10 18 37 40 7 15 33 40 15 32 20 22 29 33 25 23 43 12 12 20 31 21 46 33 14 36 32 31 9 41 18 48 41 30 13 42 18 23 23 11 43 33 12 41 18 33 23 15 26 18 34 18 28 33 30 19 7 22 8 13 39 29 31 22 5 30 46
0 18 15 4 24 29 22 9 26 32 43 34 17 26 12 15 31 21 28 18 20 11 28 0 22 34 18 39 40 35 30 32 30 29 17 40 27 43 33 5 9 27 33 21 27 17 37 27 32 26 23 13 40 41 49 20 31 44 16 30 16 21 15 27 18 39 27 23 14 34 18 15 22 32 16 35 34 2 20 44 25 31 26 8 6 37 18 24 24 18 36 20 36 33 33 37 20 30 34 39 16
0 27 41 15 8 28 26 35 35 21 11 36 4 19 32 7 38 36 22 15 48 17 10 40 0 25 12 25 21 41 42 34 13 22 25 20 21 24 14 22 21 18 8 16 17 1 9 35 15 17 25 28 29 43 26 11 30 4 35 22 16 36 32 17 31 17 14 5 30 33 35 4 27 25 28 39 7 31 24 29 37 10 24 12 12 17 19 24 17 25 30 38 40 39 10 18 27 15 12 19 21
0 34 30 26 20 39 12 14 47 43 27 27 48 16 34 18 36 15 31 26 31 23 43 37 23 0 43 31 15 20 24 30 24 17 48 20 49 43 24 29 33 40 6 21 23 30 11 17 34 25 24 22 45 21 31 41 19 24 31 11 36 45 18 12 3 32 19 11 10 28 40 33 20 31 16 22 41 14 25 21 12 30 21 17 1 38 12 26 23 22 14 37 14 33 35 35 30 30 20 31 37
0 28 25 23 25 17 44 39 4 24 8 7 47 10 12 15 37 17 35 35 28 22 27 31 5 23 0 20 18 15 14 21 34 22 20 23 32 16 30 11 25 25 25 34 36 22 16 23 10 25 3 16 34 37 18 21 45 5 22 12 11 45 27 25 14 16 9 23 38 34 27 28 32 36 16 24 29 21 32 23 27 35 16 18 17 12 25 4 25 12 32 22 30 17 34 20 24 37 23 31 5
0 32 43 29 12 36 20 15 11 12 32 31 0 39 20 22 25 15 20 11 14 27 16 20 24 36 35 0 35 19 23 7 29 20 47 10 39 22 25 42 8 30 4 4 33 24 37 18 25 41 27 29 27 37 19 24 16 26 24 24 28 25 31 16 31 29 24 13 35 28 33 3 36 10 29 29 3 24 31 12 9 24 16 24 22 28 23 18 25 42 6 49 34 13 24 26 34 21 24 42 7
0 20 47 20 7 33 21 16 27 10 35 19 26 19 27 23 28 37 26 33 29 4 12 34 35 20 43 32 0 21 35 44 11 44 36 4 24 19 18 40 35 18 32 18 23 39 22 23 31 33 46 22 10 30 28 48 26 19 24 36 19 14 23 37 2 30 41 16 26 30 24 28 24 31 24 16 27 18 4 30 49 38 19 14 5 4 28 15 26 41 20 18 2 2 47 10 17 31 23 7 46
0 15 15 35 42 8 23 25 9 10 28 43 15 9 32 17 20 18 44 25 10 20 41 35 17 16 30 4 32 0 14 40 9 17 28 40 31 22 25 31 16 33 49 30 44 20 42 17 11 15 27 22 31 48 35 10 27 43 12 22 20 2 38 19 39 26 17 44 38 35 21 18 10 35 21 27 9 22 29 29 22 2 41 16 20 39 37 35 15 39 18 3 9 22 41 32 18 45 32 22 43
0 28 13 42 17 5 41 24 24 14 21 19 23 33 29 29 46 27 20 42 28 23 19 39 23 37 32 39 15 29 0 26 11 26 38 29 38 22 17 11 25 14 14 29 40 25 20 21 45 45 20 7 15 40 34 33 27 36 33 14 11 2 20 25 29 24 37 13 40 37 31 10 35 21 37 36 26 31 33 36 21 20 28 28 30 29 24 20 18 24 36 33 16 13 23 25 14 46 31 21 20
0 28 17 18 44 30 32 20 2 19 11 28 10 16 11 25 8 34 34 28 36 25 21 25 7 19 32 30 3 23 28 0 20 18 14 40 29 26 12 6 23 30 17 22 35 31 13 18 45 9 5 33 29 25 7 32 28 21 29 17 5 24 31 33 31 24 8 12 22 15 39 29 9 29 22 25 22 43 13 10 44 24 6 20 30 35 27 43 21 31 42 26 20 25 22 29 25 26 25 19 22
0 22 30 44 1 38 35 22 28 21 32 30 19 34 11 22 32 16 22 9 23 28 20 29 24 27 4 19 18 27 21 2 0 32 29 23 25 16 9 16 21 16 16 22 11 18 20 32 31 11 38 13 23 28 16 35 38 15 29 17 20 16 17 6 23 37 31 41 26 22 13 24 32 5 19 0 27 35 14 33 40 28 18 31 33 24 34 24 44 31 8 29 24 29 0 45 20 6 41 37 18
0 27 25 14 33 27 23 8 26 25 8 6 4 19 23 28 18 9 36 36 10 31 17 24 21 11 14 19 21 3 38 29 14 0 31 0 34 26 17 37 26 10 22 26 30 17 24 12 30 19 43 5 46 41 37 21 15 24 10 10 22 40 36 24 12 30 38 28 11 31 40 20 10 27 31 12 23 12 31 19 27 23 4 45 19 8 41 34 12 24 45 38 35 29 30 45 24 16 10 17 4
0 40 28 3 25 23 21 3 2 13 12 42 15 38 40 11 19 28 12 11 16 30 21 29 42 37 37 26 36 40 21 41 31 25 0 32 17 28 28 25 6 20 28 46 27 29 36 20 28 38 39 28 36 13 23 34 12 42 18 16 4 40 23 35 23 12 13 29 18 7 21 13 17 42 29 22 23 13 24 20 31 21 34 34 39 33 24 35 26 16 38 17 11 45 30 32 23 36 0 25 28
0 42 33 16 33 34 13 20 28 26 21 11 26 31 21 24 36 16 20 39 35 12 20 22 19 30 18 32 26 20 14 17 36 34 1 0 28 30 23 35 25 8 23 37 26 27 32 27 26 43 22 30 24 19 23 18 13 33 9 39 18 39 22 30 23 24 32 16 15 45 22 21 27 21 13 16 9 14 31 14 25 46 21 14 35 21 18 13 46 23 36 45 32 16 28 27 12 22 40 25 20
0 24 28 33 23 22 20 16 40 24 23 32 38 29 28 25 32 23 12 38 24 22 14 25 46 11 30 16 2 20 36 20 41 28 38 27 0 23 8 37 5 32 35 31 15 37 25 18 44 42 22 44 19 12 36 23 15 37 10 6 40 10 16 31 2 34 32 37 27 31 37 7 46 16 35 21 44 17 37 41 22 18 25 38 27 12 20 28 22 26 46 22 32 25 23 17 31 33 27 31 21
0 22 28 27 16 44 32 19 17 32 16 27 30 10 42 38 35 42 27 25 1 4 15 17 16 33 5 15 35 19 3 29 25 19 36 20 47 0 26 20 19 6 31 11 2 23 21 24 16 36 19 25 31 12 28 44 8 5 46 34 30 28 25 37 10 16 27 12 48 21 3 27 41 10 30 45 41 14 23 27 22 20 9 33 42 5 21 35 11 19 19 32 21 11 34 19 19 39 13 14 24
0 44 40 30 13 42 41 28 29 14 28 29 26 20 24 18 1 33 12 28 14 20 22 19 9 27 21 6 2 37 28 25 26 9 36 8 28 29 0 29 29 25 22 17 29 21 4 19 11 8 29 36 42 18 9 2 25 17 22 18 21 30 21 31 38 6 38 23 14 30 11 11 18 30 25 21 41 32 32 16 22 30 32 46 18 21 42 42 36 10 17 12 43 11 21 27 38 31 30 7 38
0 19 30 31 26 35 8 26 35 22 13 31 19 19 29 25 29 40 21 17 24 1 38 31 26 23 29 6 5 36 13 20 42 28 27 36 10 35 18 0 12 9 12 36 20 44 5 27 43 29 5 16 30 21 23 35 9 23 36 37 17 46 10 28 38 19 25 44 28 26 11 19 11 21 45 31 22 9 16 18 33 27 27 24 15 17 28 26 29 32 19 15 15 19 26 41 7 17 18 34 25
0 7 24 40 18 21 36 39 34 16 20 32 46 29 16 23 24 14 25 30 13 8 11 34 41 20 19 15 15 10 17 26 10 27 30 35 28 29 29 22 0 47 17 35 7 21 9 28 25 19 12 35 31 21 37 30 23 31 25 30 23 14 28 25 12 6 35 26 22 30 20 19 20 30 33 13 30 23 32 22 39 25 28 18 12 19 28 24 46 30 18 20 38 34 10 11 29 31 38 42 33
0 12 38 32 20 40 43 15 26 34 11 27 10 27 7 43 43 25 20 13 48 17 10 30 12 28 35 32 49 33 22 36 21 4 5 4 39 7 10 8 26 0 17 39 29 48 12 24 41 25 44 10 46 16 15 0 39 34 39 12 9 5 11 9 19 26 10 31 28 23 20 18 36 33 32 23 15 26 43 25 36 39 24 22 21 39 41 32 18 19 23 13 25 24 30 20 29 35 12 28 6
0 24 10 20 5 15 18 17 18 27 32 25 43 34 23 25 21 29 4 21 29 23 40 44 17 7 21 41 0 30 32 24 38 7 35 25 37 27 27 33 26 19 0 21 32 22 37 25 2 38 26 21 39 15 14 41 39 30 12 28 21 19 18 34 20 17 32 38 14 11 45 14 6 33 23 40 35 23 37 16 6 19 14 28 18 30 26 30 43 8 45 41 23 22 34 29 37 28 41 31 9
0 21 39 7 38 15 36 17 21 24 11 17 30 37 21 30 36 35 7 46 24 17 28 14 27 7 31 20 43 31 12 13 38 25 41 44 41 23 32 19 22 30 8 0 29 35 12 37 27 25 12 39 9 19 26 19 39 28 19 8 32 4 24 32 24 27 41 17 16 25 34 9 28 25 30 6 40 28 25 29 35 20 34 30 15 5 26 28 22 33 34 25 36 11 29 16 24 10 33 24 34
0 14 19 49 25 31 13 8 40 37 31 45 33 26 37 28 28 36 20 11 24 21 7 22 11 44 37 42 41 30 14 31 29 45 24 11 26 12 13 22 13 17 15 18 0 36 26 38 23 28 12 27 31 20 13 44 15 18 31 32 31 24 22 18 47 41 25 30 17 3 11 9 32 18 45 19 40 11 23 34 16 47 18 23 8 5 18 30 12 41 42 10 40 22 45 29 15 5 24 35 44
0 18 36 5 25 31 23 33 23 16 13 21 15 49 38 39 48 26 15 12 21 35 36 31 49 26 29 12 42 13 1 28 8 25 30 16 25 19 19 40 37 18 44 47 12 0 9 23 36 40 24 32 20 31 25 31 16 24 8 15 29 14 10 10 26 37 17 6 15 48 23 37 35 30 18 43 17 43 1 14 4 26 34 31 38 15 1 30 17 9 30 7 38 33 18 24 39 11 42 37 27
0 21 24 42 18 34 19 26 22 26 40 15 36 22 31 30 24 39 44 18 32 24 19 29 22 15 17 34 39 26 17 32 5 39 36 23 18 41 14 24 15 33 34 36 1 36 0 15 11 13 26 21 49 18 31 35 28 38 10 8 30 30 30 35 30 29 25 34 34 25 48 39 6 42 21 29 29 13 17 32 26 20 35 34 19 26 36 37 16 35 33 12 13 31 24 16 46 42 31 37 42
0 11 23 34 17 42 20 31 24 34 18 38 27 33 39 15 17 49 42 2 7 37 36 30 45 34 14 23 16 14 13 31 15 28 29 44 31 28 20 39 11 20 48 23 39 7 22 0 22 26 48 29 9 16 22 35 38 38 24 19 26 25 30 48 44 23 34 20 27 33 38 24 29 35 22 16 31 34 35 45 28 43 31 35 23 32 14 42 25 34 20 28 38 26 21 35 37 1 26 25 37
0 12 14 34 23 5 27 21 16 41 25 9 45 36 5 0 39 34 12 33 28 43 39 18 17 23 28 44 29 25 20 33 49 23 35 34 32 11 12 22 35 34 41 39 26 27 26 30 0 38 17 23 33 47 35 20 25 20 28 29 15 7 20 9 3 26 26 28 39 25 39 37 26 13 9 9 9 30 19 19 43 16 19 18 12 10 28 37 31 14 23 20 35 17 22 21 21 48 27 6 45
0 7 43 22 13 15 23 6 34 35 35 36 22 41 12 16 13 20 26 44 28 35 34 15 47 23 14 39 41 10 24 16 24 15 22 26 24 26 23 15 17 31 23 40 27 20 24 9 25 0 33 11 2 32 23 22 41 21 19 20 27 12 17 21 21 35 5 37 22 33 42 25 14 27 40 9 29 33 40 35 28 28 33 22 37 25 24 23 10 3 29 39 41 39 20 23 14 24 9 10 1
0 18 32 21 8 37 35 5 21 48 14 31 23 40 14 21 12 31 26 22 19 26 30 6 18 20 32 31 8 39 37 43 31 41 12 22 45 31 26 11 24 33 9 17 11 28 21 21 37 34 0 32 29 32 31 21 23 20 6 8 20 30 37 15 18 28 44 21 26 29 34 25 29 20 22 22 38 22 27 17 35 42 24 24 14 41 27 16 46 16 34 24 20 16 6 21 3 25 30 20 37
0 29 18 19 41 13 23 38 36 21 20 14 16 34 16 45 15 40 35 22 35 13 27 37 10 43 43 14 19 16 6 22 38 37 2 33 18 10 8 22 29 15 28 22 31 28 16 39 3 42 41 0 42 22 25 19 40 17 33 26 29 31 21 41 38 32 37 27 7 26 41 33 22 9 44 37 9 10 28 38 16 43 11 26 47 24 43 38 42 28 17 11 36 37 44 39 45 46 22 36 28
0 16 11 38 46 42 35 36 33 22 14 29 36 27 36 21 32 28 7 39 23 24 34 13 28 27 27 16 16 28 37 29 16 47 19 24 16 38 14 26 24 35 38 25 31 9 5 13 31 45 31 27 0 23 28 14 31 20 37 30 24 26 28 22 28 28 29 18 25 17 22 27 8 31 12 22 33 20 18 37 21 20 18 23 26 30 32 40 32 24 13 29 37 8 43 30 36 39 15 8 31
0 17 21 16 24 35 10 34 37 30 35 39 23 18 32 31 13 10 23 24 37 30 46 11 32 25 30 38 36 35 31 31 37 20 16 8 25 24 24 5 30 32 18 5 10 17 20 17 3 11 27 6 12 0 4 7 46 33 23 34 35 12 34 15 27 41 25 38 26 2 10 11 21 20 45 32 46 27 11 28 28 16 10 23 21 37 15 22 21 33 48 28 18 32 23 27 19 23 10 44 26
0 35 49 30 27 4 29 6 38 35 28 3 29 13 43 48 9 19 44 11 37 27 48 14 9 6 35 12 35 32 34 42 41 24 2 47 19 23 8 42 9 8 29 14 16 13 24 27 37 30 22 33 16 18 0 24 39 22 26 28 19 19 44 31 26 18 25 23 35 40 39 16 24 30 39 16 24 27 25 30 4 17 23 14 28 10 17 38 22 13 39 27 14 19 13 21 14 26 23 21 18
0 22 20 22 34 14 29 17 40 20 34 15 42 17 11 16 17 18 18 25 16 36 21 14 21 1 35 42 30 30 42 27 40 17 25 39 24 24 31 2 25 35 29 15 26 48 17 28 20 16 42 16 36 15 28 0 24 34 13 5 4 32 47 22 25 43 33 29 23 31 25 16 10 20 19 33 11 42 31 19 9 27 11 36 6 13 7 22 7 10 36 30 44 11 24 46 27 34 36 17 16
0 26 35 29 5 24 40 26 13 22 29 13 37 27 25 24 27 23 31 27 26 24 10 33 40 5 39 38 40 8 31 14 24 22 17 20 21 40 11 22 9 41 33 12 44 28 19 28 25 23 33 28 36 31 13 9 0 35 26 17 2 23 22 22 34 22 34 44 36 19 42 3 35 31 23 38 44 39 32 21 29 18 10 11 27 8 42 27 26 23 39 28 45 32 6 16 13 27 17 18 38
0 31 32 38 14 21 30 46 12 42 37 37 14 12 36 42 20 35 22 24 22 33 1 3 24 48 13 16 22 31 11 35 10 14 20 25 15 19 14 19 36 32 35 13 43 27 12 40 11 26 29 30 27 21 8 29 46 0 23 26 24 13 33 30 20 33 21 41 36 7 2 10 34 32 21 12 39 6 16 4 18 40 28 31 42 21 41 22 40 15 29 31 19 17 22 31 33 30 21 19 45
0 37 40 37 21 33 33 10 43 19 27 11 39 19 33 32 27 37 40 31 36 31 20 21 28 29 27 38 35 32 20 22 15 26 27 19 34 49 11 27 31 43 29 25 16 27 32 26 28 13 7 32 13 45 31 23 42 32 0 4 33 30 18 17 38 33 30 14 34 30 45 23 43 27 3 34 26 43 12 27 33 15 17 1 18 21 21 46 30 18 28 24 14 13 41 3 19 24 25 24 21
0 9 8 14 22 9 25 11 11 5 32 6 22 27 16 35 40 39 39 12 11 25 26 31 30 35 24 11 27 32 24 14 14 30 24 44 31 14 35 22 25 30 7 23 14 20 33 27 37 27 20 32 44 14 24 27 36 19 35 0 24 18 18 23 10 24 10 1 15 37 36 10 35 20 22 15 21 37 25 9 38 22 23 34 18 26 28 9 27 21 34 15 35 28 34 27 13 16 19 30 29
0 25 14 29 35 19 21 17 15 21 43 24 36 36 36 15 44 32 33 10 18 21 13 12 23 42 14 33 25 7 27 21 12 19 15 40 30 24 18 24 20 22 20 30 30 11 41 1 11 29 28 28 21 5 16 23 16 49 35 29 0 14 29 28 32 20 4 23 9 40 18 18 28 16 21 14 18 39 8 7 29 20 33 9 11 41 25 27 20 14 9 18 34 19 22 33 17 40 38 3 31
0 47 24 33 37 25 33 20 37 7 18 24 26 31 25 43 25 27 37 35 34 3 22 27 33 26 34 27 23 12 22 21 17 22 18 27 17 30 21 3 45 21 17 36 37 8 18 28 25 25 35 28 22 14 13 17 35 16 10 30 40 0 17 14 6 12 24 12 18 6 33 17 7 22 16 2 30 10 34 29 5 44 9 39 34 29 46 28 36 26 46 22 15 35 17 26 43 21 17 13 25
0 19 37 18 25 25 20 45 29 16 19 42 33 22 4 24 20 24 44 32 48 30 40 45 21 31 19 36 16 32 17 48 32 14 38 22 4 13 7 20 20 4 22 49 21 18 11 22 23 21 29 11 17 24 31 31 3 49 27 19 30 26 0 31 19 29 26 22 9 19 26 39 47 12 17 26 31 16 18 37 13 37 24 15 39 4 33 24 10 27 39 29 26 10 28 41 22 19 11 12 34
0 13 34 13 14 1 1 17 17 36 29 24 16 19 20 38 36 7 45 26 23 19 16 4 26 28 17 24 6 16 39 5 0 32 17 29 24 40 28 2 30 8 20 18 39 4 44 24 26 26 49 22 18 43 27 30 33 21 29 37 23 17 38 0 44 29 40 30 41 24 3 26 16 23 18 25 24 33 41 19 31 30 26 30 25 23 28 29 33 38 9 12 36 27 26 39 15 42 4 30 26
0 14 28 30 43 21 40 32 32 23 29 6 46 18 26 20 25 40 30 39 22 18 3 31 40 32 23 27 36 34 49 42 40 23 22 13 31 2 20 20 42 23 33 26 20 7 32 34 30 20 28 5 34 18 45 10 22 17 33 41 4 32 26 31 0 15 34 35 25 32 27 31 17 28 24 39 28 16 42 34 33 34 20 30 38 22 26 0 29 39 17 1 33 36 18 40 27 5 36 35 11
0 27 15 39 40 21 17 25 9 34 19 46 14 11 24 25 11 25 26 36 29 29 25 25 25 40 28 18 12 21 21 27 10 23 22 8 19 37 24 3 8 39 32 38 28 7 34 24 35 32 20 6 2 23 16 29 29 29 34 33 25 9 18 18 1 0 15 28 19 20 23 25 27 14 13 18 9 19 23 35 36 28 23 24 19 22 32 16 26 20 11 43 35 40 17 20 45 14 28 4 36
0 37 12 41 14 46 31 25 34 20 16 39 24 16 32 29 31 26 15 26 45 18 29 41 17 33 23 31 12 20 32 15 39 12 34 33 35 34 30 26 13 24 19 34 22 36 19 12 12 1 15 46 29 35 36 13 22 23 33 29 17 32 7 33 22 17 0 30 25 26 40 31 37 39 28 30 27 2 34 15 45 14 17 23 29 19 21 0 41 36 17 35 23 27 28 21 41 26 14 8 16
0 17 41 8 26 5 32 28 29 13 12 29 31 28 26 39 8 26 15 32 24 27 20 35 26 1 6 35 3 35 6 43 40 25 38 20 35 29 18 23 23 30 15 19 26 21 29 15 17 42 28 21 28 36 39 2 22 23 33 21 17 16 26 13 21 10 18 0 5 29 39 20 31 15 25 14 10 46 15 29 32 32 11 40 13 11 19 26 28 20 10 32 14 16 21 21 28 43 15 33 22
0 31 15 38 12 19 10 22 36 20 34 46 34 17 19 36 45 30 20 21 10 17 13 39 49 47 18 21 16 14 8 9 7 24 3 47 33 38 47 22 46 29 24 24 25 24 30 25 28 30 30 36 32 35 20 37 46 20 10 26 31 20 29 32 17 10 32 21 0 19 21 18 19 20 44 23 22 44 35 21 42 17 22 28 24 12 47 30 30 36 2 14 22 36 49 33 10 41 22 29 15
0 28 9 21 4 44 26 47 27 14 19 23 35 34 27 14 17 19 15 24 23 28 18 45 15 39 31 45 32 49 21 5 5 26 15 13 10 14 37 25 14 16 19 37 32 7 49 37 32 42 23 25 3 29 13 28 43 16 36 14 30 11 22 26 18 37 30 35 40 0 40 25 10 21 18 36 42 43 12 29 7 26 20 26 38 20 45 48 8 19 24 15 34 10 6 34 19 17 9 21 21
0 38 26 18 21 25 48 24 6 42 41 12 12 36 21 19 39 10 9 10 23 30 34 37 7 23 35 35 40 26 25 17 35 36 26 1 28 25 21 23 29 25 30 21 48 26 44 15 15 49 2 7 28 25 11 47 17 34 28 14 34 26 40 20 38 32 39 25 24 31 0 19 17 18 48 9 40 47 21 25 30 22 31 26 23 38 44 26 16 5 44 14 35 1 37 35 28 17 26 29 5
0 19 35 32 31 1 21 19 24 30 46 28 21 23 37 16 11 29 6 20 25 34 11 11 36 12 19 16 45 27 33 9 38 19 24 2 10 34 24 35 19 36 31 29 22 44 21 36 16 20 27 31 23 23 5 42 35 20 43 21 33 19 30 24 38 30 37 17 23 14 25 0 42 20 32 37 46 41 19 4 26 24 26 26 15 32 35 31 41 29 40 19 16 30 31 9 37 35 32 17 44
0 26 35 45 16 36 19 18 23 11 16 27 6 34 35 16 28 37 34 22 20 8 7 22 4 33 32 11 43 13 29 34 26 35 38 17 44 11 22 35 33 20 16 21 18 26 15 31 35 23 13 8 29 39 21 43 20 25 24 20 32 17 27 24 20 12 12 36 24 36 28 10 0 23 25 25 19 15 26 38 28 17 29 18 19 31 19 37 30 10 7 21 4 20 42 36 23 37 45 43 7
0 33 26 45 9 44 41 38 26 16 17 17 31 28 34 40 32 21 34 13 20 28 18 31 32 48 16 27 14 42 34 35 25 43 29 2 8 24 24 34 38 33 41 22 28 15 35 22 22 21 38 30 39 24 29 10 41 25 38 17 29 18 14 28 32 10 27 23 26 24 11 47 40 0 44 31 3 29 23 22 40 23 20 45 23 36 42 13 42 24 33 27 12 28 44 35 39 17 42 9 30
0 29 23 30 24 13 33 40 44 12 39 33 7 32 36 47 29 31 25 9 19 24 48 30 29 18 36 2 39 14 25 10 29 30 1 16 9 22 20 24 39 31 30 29 25 18 15 6 21 8 23 6 47 45 11 30 24 44 36 18 36 42 28 11 10 11 16 14 23 25 28 37 24 33 0 28 33 34 20 8 27 21 17 23 12 19 25 16 26 26 33 21 22 22 23 28 26 30 15 25 34
0 4 25 36 47 27 30 22 24 18 29 25 37 19 22 42 18 21 44 45 40 23 26 33 23 23 29 4 19 24 10 21 14 27 43 17 37 14 34 25 17 41 17 14 18 21 43 9 22 28 20 15 14 26 12 27 10 34 21 23 41 11 30 5 13 35 17 27 8 31 10 41 19 21 28 0 10 38 18 25 24 42 13 31 11 25 25 16 14 22 15 4 31 20 48 35 9 25 33 15 16
0 49 27 21 33 29 23 20 24 33 20 40 24 5 37 29 31 19 9 31 16 33 25 14 14 18 26 22 23 46 24 39 15 47 30 17 28 20 16 20 36 45 26 17 34 3 34 18 29 33 13 9 11 13 28 21 37 20 14 37 12 40 32 24 20 43 22 43 24 36 7 13 40 23 28 32 0 36 30 37 13 8 37 28 4 16 26 25 42 12 35 31 16 5 33 32 27 27 24 30 26
0 14 31 5 8 34 28 35 12 24 34 32 12 13 25 24 30 14 40 28 46 4 20 22 2 8 29 22 22 40 28 45 31 21 24 22 35 26 30 6 23 21 15 20 15 11 21 16 27 30 4 38 47 31 35 18 34 7 21 4 20 20 30 41 24 8 16 33 21 39 17 29 1 25 10 21 29 0 32 1 32 3 8 13 43 18 1 14 28 5 29 25 39 19 34 21 8 28 19 39 20
0 7 46 37 27 38 28 30 18 27 28 23 21 49 10 35 16 21 12 25 26 28 3 17 16 33 38 41 30 6 25 11 25 32 26 4 26 13 13 18 15 31 7 29 12 8 22 41 1 40 43 21 7 34 35 40 32 30 10 21 17 13 25 0 8 35 19 34 25 8 17 31 28 21 5 6 24 9 0 9 17 37 20 41 11 20 39 3 29 14 20 27 41 46 23 17 16 31 43 21 27
0 17 38 10 17 46 15 20 16 24 32 32 36 12 20 25 11 20 17 36 41 41 34 20 25 26 19 26 15 28 11 33 13 29 19 28 35 21 19 26 17 16 21 19 33 20 26 27 42 27 14 22 40 14 14 14 32 14 21 36 7 3 37 20 25 17 38 33 20 12 30 17 39 15 16 32 18 20 39 0 30 12 26 13 12 27 14 30 35 26 48 5 21 25 36 42 32 19 15 21 26
0 15 37 44 27 28 46 9 23 34 17 21 33 30 22 9 10 26 43 29 25 36 19 43 46 37 20 12 15 12 37 25 25 30 41 1 34 23 19 20 10 25 9 7 19 4 14 34 40 7 23 34 24 25 31 33 39 21 22 44 18 38 6 16 37 10 30 49 24 32 18 10 8 16 16 22 25 41 28 11 0 33 14 39 30 28 15 19 34 22 37 15 37 39 13 23 20 13 28 8 48
0 36 37 37 49 21 17 21 3 20 36 41 39 3 18 29 32 46 18 34 24 10 28 23 35 48 38 18 7 24 25 12 45 27 20 41 43 13 24 23 15 27 28 24 12 45 27 34 16 29 19 20 35 4 38 22 34 21 44 34 24 25 35 17 0 23 26 15 30 24 21 27 18 6 28 36 17 12 32 12 26 0 40 24 23 31 31 20 28 27 27 19 18 40 28 3 17 27 14 0 31
0 7 30 9 29 31 22 47 10 23 11 12 34 22 15 24 23 22 21 38 13 24 29 42 26 16 19 35 32 18 22 37 21 15 16 28 20 13 22 31 18 31 2 33 27 47 24 7 26 19 24 29 29 23 29 23 15 11 14 32 24 35 40 32 29 28 32 17 26 41 19 21 25 21 42 30 25 30 31 3 11 24 0 26 42 21 7 20 19 30 20 15 33 7 27 18 22 18 15 35 13
0 13 34 26 45 34 34 27 34 18 7 25 25 22 34 39 8 37 22 31 8 39 46 6 12 13 30 21 21 17 16 18 45 45 37 29 22 18 4 5 41 11 25 21 25 46 14 29 41 27 23 24 16 7 32 25 19 7 23 23 37 42 45 16 16 38 9 31 33 31 18 29 22 26 28 48 13 5 33 20 24 32 38 0 19 27 7 4 29 43 2 27 10 29 19 28 32 2 2 38 16
0 14 14 22 42 6 1 28 28 21 33 23 21 18 7 27 25 34 27 18 24 22 40 24 25 28 23 32 47 14 12 22 12 23 13 27 8 14 10 16 23 5 27 25 21 15 28 6 16 14 21 37 36 32 22 27 26 17 34 28 31 3 20 28 10 40 35 15 45 30 24 21 29 2 29 6 19 41 31 49 34 19 20 2 0 35 25 31 21 10 8 19 21 31 17 13 19 10 16 14 20
0 14 37 34 28 34 41 13 16 29 21 19 11 33 14 29 20 27 22 16 36 33 31 18 15 14 8 23 5 27 22 26 17 31 26 27 25 42 12 24 8 26 36 21 39 7 19 16 19 22 32 14 10 18 7 32 45 31 35 26 32 29 23 10 20 23 12 5 9 15 30 0 47 11 46 7 17 39 48 28 33 9 28 29 40 0 12 36 22 42 36 26 43 27 38 12 28 37 35 31 39
0 26 19 28 5 26 27 18 37 46 44 3 40 19 13 40 30 11 33 23 33 34 12 9 9 32 39 38 8 6 16 33 20 41 18 14 12 22 16 31 8 21 24 17 10 10 20 31 9 15 18 48 36 8 27 22 33 24 38 13 30 23 11 19 14 47 14 37 15 19 17 20 40 30 41 23 28 33 16 38 21 11 20 18 45 35 0 13 25 22 34 33 11 17 25 45 16 39 17 36 17
0 21 25 27 21 19 43 31 31 36 30 27 22 16 39 11 12 13 22 21 39 12 44 5 11 45 24 37 12 13 25 14 12 26 6 21 33 23 25 4 23 18 25 3 27 19 46 13 25 25 2 35 27 21 3 39 25 10 15 20 17 48 10 33 31 12 35 10 20 37 13 32 14 45 25 16 15 5 19 10 23 7 33 28 41 21 15 0 25 32 11 28 19 30 3 24 41 30 33 45 19
0 23 31 23 19 40 44 38 24 22 10 20 9 2 36 18 30 36 44 25 22 12 44 23 23 8 25 20 18 40 32 35 27 6 11 31 21 18 21 9 18 23 20 36 14 33 32 28 20 13 7 20 30 29 33 16 18 33 26 31 21 22 24 19 29 9 17 40 34 15 16 18 18 34 40 23 45 31 15 30 34 31 22 37 37 33 7 23 0 27 30 27 15 25 34 23 47 25 18 18 21
0 34 22 25 32 32 25 38 27 47 18 1 15 38 39 40 19 26 13 25 28 32 30 34 13 19 32 32 32 9 22 23 11 14 19 20 36 41 29 22 12 37 37 21 11 18 23 28 14 34 23 19 32 39 4 32 26 26 5 23 24 36 23 41 27 17 25 40 16 41 13 28 20 46 48 5 28 13 7 28 24 20 7 22 21 22 46 7 40 0 39 43 28 27 18 33 16 15 48 13 24
0 33 33 32 23 22 28 48 26 24 20 21 34 44 34 13 36 11 26 36 32 21 32 6 14 40 6 36 45 27 37 20 4 18 40 28 36 18 39 6 8 39 42 34 22 32 17 46 35 19 10 35 31 10 32 21 22 24 27 10 2 25 35 32 0 27 20 29 31 30 17 34 14 45 21 3 15 35 18 18 20 29 16 49 16 30 29 12 8 15 0 33 46 19 27 37 23 18 18 32 17
0 20 28 23 48 6 45 43 49 41 32 28 5 22 14 26 33 44 9 21 46 30 30 28 47 34 35 32 22 9 10 35 29 21 34 48 21 33 16 18 25 26 6 18 13 28 37 16 28 17 14 33 29 30 32 19 23 29 13 19 18 10 3 18 15 22 34 38 19 29 45 31 17 18 21 19 20 30 25 24 41 45 15 4 12 35 27 33 35 36 18 0 0 11 46 33 19 10 35 34 34
0 27 26 24 33 45 6 29 44 39 26 24 23 23 19 29 21 32 14 21 39 20 7 5 31 3 6 32 10 5 13 30 13 37 0 27 24 6 39 22 32 15 39 25 16 21 22 14 26 25 5 2 20 34 17 28 2 42 29 36 42 32 23 21 8 42 20 39 24 20 14 27 35 26 18 13 28 14 38 46 29 17 14 26 25 6 19 9 21 42 25 47 0 21 36 28 30 19 13 23 42
0 33 3 31 12 20 26 27 13 31 6 28 27 30 8 17 35 25 27 25 25 39 24 30 28 26 7 11 29 39 27 32 47 26 28 24 36 36 16 31 26 40 7 13 30 16 20 9 11 46 31 19 19 40 27 20 8 9 23 19 20 10 30 27 15 32 17 30 35 42 24 37 12 23 39 9 18 43 21 8 27 10 17 17 3 27 20 35 22 2 33 22 12 0 31 19 16 23 15 36 22
0 24 30 21 14 25 15 27 27 21 28 40 37 41 23 16 38 21 38 33 26 17 36 6 8 42 26 35 24 25 29 46 43 26 31 21 43 28 35 31 12 26 37 26 21 25 33 34 30 29 3 29 36 30 30 35 6 25 20 0 22 10 14 3 32 19 15 34 10 17 25 18 35 19 22 40 6 40 18 33 21 35 20 36 8 27 44 40 30 47 15 11 40 10 0 48 19 27 29 40 29
0 19 18 37 31 26 34 20 17 34 45 15 19 20 19 29 36 18 23 28 9 24 27 44 35 31 39 29 6 13 31 27 18 9 25 28 18 42 18 17 23 29 41 13 4 42 18 29 38 7 26 22 19 15 26 27 39 10 27 38 28 22 29 23 9 29 24 25 48 26 16 30 20 26 15 36 31 4 27 6 40 10 23 13 28 30 22 37 13 25 35 29 18 28 25 0 13 44 40 30 16
0 21 47 13 16 13 6 19 24 23 23 3 20 24 26 39 27 24 40 26 20 42 48 28 17 4 28 15 18 24 42 24 18 44 9 13 19 17 39 32 24 41 33 29 27 27 16 38 24 26 21 41 9 24 25 19 24 4 21 28 19 34 22 19 10 35 24 36 36 7 40 24 35 9 15 29 39 10 29 10 16 2 31 34 33 10 20 28 33 27 16 27 33 8 24 43 0 32 18 42 2
0 34 30 17 34 2 31 23 11 28 19 37 37 16 18 47 36 27 23 23 35 16 9 7 29 16 7 16 17 26 17 11 2 29 36 33 21 18 29 23 41 27 42 20 41 15 23 36 19 28 23 33 18 2 38 26 26 24 41 19 47 16 18 36 26 22 39 24 48 24 32 17 38 13 26 18 28 20 36 8 3 31 16 26 17 10 39 27 39 21 22 30 21 38 0 21 6 0 29 29 9
0 36 14 42 9 45 6 30 20 14 7 16 13 15 28 34 16 10 29 44 25 41 32 26 17 31 12 20 18 32 19 19 16 26 30 32 34 13 24 20 24 27 13 12 11 1 21 24 3 8 11 23 19 45 18 28 24 33 23 34 24 30 26 13 32 11 19 30 39 22 17 4 29 48 23 19 20 22 30 7 25 34 45 26 24 30 12 15 7 24 18 20 44 48 38 27 29 15 0 12 35
0 44 31 10 7 38 9 28 8 11 29 42 22 25 8 37 40 19 33 25 37 30 36 15 40 35 16 38 29 17 30 29 44 27 16 24 17 18 15 31 20 19 23 12 11 43 37 16 35 4 20 45 24 9 33 21 8 19 9 33 24 35 30 19 0 20 25 13 31 9 20 34 29 33 10 15 26 1 21 23 25 31 40 45 26 22 20 7 13 27 19 18 17 18 19 3 11 11 18 0 33
0 24 39 33 25 31 7 33 29 10 48 22 17 24 29 47 8 10 21 36 19 30 20 36 24 42 17 11 9 15 30 30 20 0 25 38 34 33 37 6 6 4 32 25 12 27 15 7 35 38 8 21 30 15 8 21 17 41 21 32 26 31 18 9 22 39 28 33 12 17 10 16 23 33 19 42 22 36 13 19 26 27 34 19 22 12 26 34 34 32 38 35 34 36 33 37 32 35 29 48 0
