100 2
4 505 6 5
9 0 8 9
8 0 10 7
8 0 10 7
4 0 7 3
12 292 3 9
12 551 5 7
9 431 10 5
8 696 5 4
2 0 8 1
18 0 2 9
21 275 8 9
23 223 5 9
13 257 4 5
29 326 4 10
31 47 9 10
31 358 1 10
34 0 2 10
22 0 8 6
4 241 8 1
12 0 3 3
29 378 4 7
22 0 8 5
40 199 8 9
40 53 1 9
43 0 2 9
5 0 9 1
52 367 8 10
55 602 9 10
17 0 3 3
46 0 2 8
29 308 6 5
47 84 2 8
30 0 3 5
36 0 5 6
24 0 8 4
19 0 6 3
33 611 10 5
53 0 7 8
34 5 10 5
34 0 7 5
42 65 10 6
56 647 7 8
53 0 3 7
57 127 6 7
41 749 2 5
58 443 1 7
75 0 6 9
61 404 5 7
91 0 10 10
74 0 3 8
56 387 9 6
28 0 3 3
94 189 2 10
70 291 6 7
91 488 5 9
82 0 5 8
93 0 4 9
86 89 4 8
97 594 3 9
33 144 8 3
88 339 6 8
99 20 9 9
48 0 10 4
89 0 8 7
64 404 3 5
65 705 7 5
53 532 3 4
81 0 4 6
56 0 6 4
71 122 5 5
89 239 2 6
15 0 7 1
93 32 1 6
79 59 4 5
98 590 2 6
70 0 5 4
71 0 4 4
90 0 7 5
18 0 9 1
43 530 3 2
23 0 1 1
46 658 8 2
71 632 5 3
48 305 2 2
99 392 5 4
25 434 9 1
83 760 7 3
58 0 9 2
92 254 5 3
98 6 9 3
99 755 8 3
33 51 10 1
74 0 9 2
77 85 9 2
78 249 9 2
86 0 4 2
99 533 6 2
80 0 2 1
87 627 7 1
SETUP
0 23 16 15 42 10 23 16 21 20 27 29 30 41 13 27 17 27 30 34 32 37 31 11 33 15 4 32 28 48 29 9 23 26 23 46 35 25 40 6 21 45 10 30 18 18 29 26 20 34 7 23 37 22 32 40 39 18 27 23 14 27 14 14 34 25 32 18 27 4 48 14 19 11 33 31 20 34 36 32 32 33 16 24 31 25 10 10 27 14 29 24 16 30 41 32 17 6 8 35 31
0 0 39 13 17 23 13 4 22 25 21 27 35 34 18 27 47 14 28 19 2 3 27 49 45 27 16 36 36 12 39 14 15 27 21 35 7 20 24 26 19 18 51 19 31 46 40 24 26 27 16 16 23 14 8 26 1 4 38 36 25 36 30 38 18 6 32 13 16 27 22 9 37 38 4 23 33 13 14 40 40 18 50 25 44 23 19 29 7 23 27 9 43 28 32 3 8 41 44 23 34
0 25 0 18 34 3 34 20 24 10 15 37 41 17 12 8 29 24 41 1 41 27 23 14 20 4 40 22 40 32 34 20 33 22 0 49 11 40 40 42 33 38 31 36 37 42 32 26 41 33 28 41 24 38 20 35 17 31 19 4 34 19 27 37 23 23 39 26 17 21 22 13 49 21 35 28 35 30 36 34 13 9 28 39 25 26 27 44 22 39 44 14 34 33 31 22 22 9 31 24 8
0 33 17 0 34 29 22 9 34 23 23 17 34 50 6 30 32 17 41 33 20 42 25 23 46 19 0 32 23 33 31 46 14 8 33 45 29 14 27 2 42 18 14 22 39 32 28 27 18 46 26 15 33 21 26 25 15 10 43 21 32 16 26 24 26 17 20 5 34 35 29 45 1 12 0 14 29 32 3 33 25 30 9 11 17 42 28 16 18 3 44 13 21 29 24 24 35 14 47 14 39
0 26 18 24 0 38 49 11 44 12 23 37 36 25 16 16 34 19 3 36 48 44 30 12 35 12 15 29 38 30 16 22 26 19 27 22 26 44 47 41 40 21 17 28 49 36 29 43 32 9 19 11 21 19 36 23 23 31 8 29 29 29 32 20 27 27 16 39 18 29 16 41 11 38 34 12 39 15 31 32 30 28 45 20 24 14 36 45 27 7 22 51 34 31 39 14 48 8 21 47 48
0 24 26 22 39 0 12 4 10 29 35 49 31 19 26 27 16 31 33 37 29 34 22 21 20 30 23 25 24 19 33 19 35 25 27 5 37 28 21 39 3 6 30 42 45 11 18 17 26 14 27 13 32 11 34 10 31 17 12 36 48 36 15 42 34 15 33 34 44 28 28 21 46 34 1 30 27 41 31 25 16 32 16 44 2 22 36 33 35 34 19 39 47 13 21 39 24 19 43 26 30
0 41 24 22 38 30 0 18 19 19 32 37 40 28 14 19 32 12 23 34 36 12 28 20 27 13 4 17 34 19 29 50 44 6 17 25 17 17 22 33 27 36 36 6 44 20 20 40 43 25 36 27 25 36 32 24 41 42 28 12 29 15 20 47 17 38 27 16 22 40 16 6 27 17 24 16 26 24 5 38 38 21 16 41 14 35 38 36 21 21 13 38 44 15 5 22 32 28 31 29 11
0 38 35 22 39 42 37 0 26 32 22 18 38 36 10 32 11 33 39 33 36 31 45 21 18 46 20 24 25 35 46 4 47 13 28 8 13 36 3 48 17 18 26 42 25 19 23 29 23 27 24 35 15 35 12 30 24 36 28 19 23 29 33 19 12 39 32 14 47 26 16 19 41 29 15 36 34 22 21 30 25 18 33 17 26 47 47 29 35 18 19 23 31 27 26 28 40 2 7 4 34
0 4 38 5 24 27 40 31 0 20 27 23 26 35 33 48 24 18 25 16 35 42 33 27 39 9 35 28 4 25 21 39 24 17 35 15 36 30 11 38 2 34 26 31 39 15 49 0 28 24 10 41 24 42 41 28 18 23 30 39 39 32 8 46 27 15 34 31 28 39 5 32 28 19 13 22 40 19 18 40 6 33 25 32 30 21 26 16 30 27 40 25 21 22 47 20 28 23 34 7 47
0 18 25 19 14 36 38 14 42 0 19 37 11 39 29 31 39 28 17 40 22 33 18 25 10 23 32 24 25 23 21 44 28 29 11 22 26 14 27 3 46 32 11 12 37 17 32 14 44 11 21 37 23 5 18 28 24 20 26 38 19 31 9 39 31 24 29 14 11 23 42 20 46 19 13 16 6 33 13 15 26 21 10 24 22 20 22 17 3 35 32 24 22 30 15 27 26 15 23 34 48
0 30 34 43 25 40 18 25 46 2 0 8 45 43 22 30 16 21 38 29 35 20 43 9 30 23 33 28 26 19 21 29 19 35 27 19 38 35 30 11 25 6 39 9 30 26 26 29 29 18 46 18 24 26 21 18 47 37 13 36 42 21 36 13 44 4 22 29 24 25 29 15 11 37 32 19 40 28 1 29 45 33 43 42 36 20 17 21 25 43 47 40 8 29 20 44 41 21 12 9 35
0 31 19 3 28 17 6 15 16 26 13 0 24 21 12 19 23 17 32 43 36 47 18 21 44 21 37 18 25 16 10 43 43 8 32 12 17 38 25 20 5 15 45 23 22 32 10 30 28 28 44 31 33 5 7 31 23 22 19 17 30 19 33 16 26 19 34 12 31 9 24 28 31 10 49 11 31 31 14 16 24 16 34 35 26 18 25 20 34 30 25 43 26 14 36 16 24 15 8 27 1
0 39 45 20 7 42 45 12 39 41 40 12 0 29 10 36 18 20 41 30 11 43 23 35 20 38 41 20 30 10 45 15 24 37 27 18 32 33 20 25 43 32 13 1 23 20 10 36 38 42 19 23 15 26 27 24 5 14 14 26 21 33 35 48 25 19 48 35 39 25 18 32 22 22 45 50 12 39 37 17 9 21 17 22 27 38 10 43 39 28 30 42 32 25 25 14 23 7 40 3 22
0 32 13 28 2 11 42 45 28 33 20 13 37 0 39 10 33 18 19 23 38 27 28 16 31 9 7 23 36 35 49 28 17 9 8 6 5 5 29 18 36 26 17 9 26 17 16 24 26 30 18 40 24 15 32 32 26 34 14 45 15 41 25 29 9 45 27 45 29 21 44 22 15 10 48 33 36 14 28 32 48 30 16 15 25 24 8 25 24 31 40 28 22 25 42 34 26 18 18 1 20
0 39 18 25 32 23 10 10 29 43 26 21 16 26 0 32 30 5 28 39 37 37 25 43 23 41 15 20 11 31 33 21 7 40 26 6 25 19 24 38 18 10 28 13 15 34 33 21 36 27 43 9 27 33 42 32 31 3 32 38 25 22 13 14 27 30 19 48 20 28 24 24 42 19 20 25 3 42 31 30 36 33 49 23 1 14 24 38 36 26 43 25 27 16 18 25 48 34 8 32 28
0 32 16 19 21 43 17 28 39 7 46 16 23 42 45 0 3 34 3 42 18 23 20 25 41 28 37 24 39 28 24 33 33 20 5 24 23 38 23 36 15 37 41 46 23 12 21 33 19 12 35 25 41 23 11 8 13 3 44 30 22 29 25 25 46 34 28 1 34 22 27 19 48 36 20 19 29 35 19 19 15 23 31 19 28 12 3 35 19 6 32 26 47 19 22 13 31 13 8 26 7
0 35 11 30 16 43 36 24 17 29 38 12 21 24 27 12 0 18 23 22 17 38 23 24 23 16 6 17 41 29 27 29 0 21 28 45 37 21 32 19 33 27 30 15 32 31 45 26 24 24 25 13 17 16 42 25 19 23 48 43 32 20 31 24 19 39 31 35 16 30 28 24 29 22 35 35 27 28 34 10 33 49 37 21 39 24 14 33 26 38 16 36 42 31 36 43 18 49 11 18 25
0 32 6 33 33 32 18 17 1 30 1 33 25 28 10 20 5 0 4 31 35 20 26 35 25 23 35 33 38 19 2 17 29 13 7 29 18 31 31 24 17 45 28 21 47 15 13 22 36 32 26 36 31 5 19 22 17 24 11 15 40 28 37 13 16 3 6 23 24 28 26 4 50 24 7 17 30 29 16 38 46 22 22 7 39 3 11 32 24 33 35 26 24 31 9 9 9 17 30 2 11
0 19 25 17 33 23 26 20 28 33 41 44 33 47 5 32 21 10 0 24 20 40 21 17 37 29 33 18 18 21 12 19 17 12 49 36 11 10 31 39 9 16 24 18 19 6 4 14 21 37 8 25 14 11 27 39 12 38 38 22 40 14 32 43 15 17 25 13 15 46 33 32 28 18 4 12 38 2 17 29 6 30 45 39 33 22 26 19 16 29 32 36 13 9 11 5 11 32 25 27 11
0 31 41 44 14 13 40 38 15 21 17 11 32 13 23 22 29 10 13 0 25 13 30 40 37 26 23 10 29 50 24 22 29 50 26 2 17 33 20 19 48 25 36 25 36 27 10 18 19 15 7 30 14 38 11 23 23 9 26 32 24 35 25 47 14 21 24 29 38 23 31 23 13 14 34 27 4 19 31 17 14 24 14 9 11 11 35 7 41 21 20 19 47 32 13 38 10 34 43 38 12
0 17 15 30 23 29 26 28 7 20 20 29 35 23 31 6 35 1 35 36 0 36 34 11 23 32 25 8 35 30 33 16 31 21 35 30 15 17 30 5 41 16 13 20 16 1 5 43 41 22 20 33 18 28 47 7 20 17 21 38 24 24 18 23 17 33 43 10 43 21 14 28 20 35 29 12 29 20 9 32 15 25 14 11 37 13 10 23 39 30 26 26 28 14 14 36 51 37 15 18 19
0 21 43 34 38 38 21 34 29 11 25 18 23 28 21 25 28 24 46 17 42 0 12 20 42 25 32 37 33 29 32 39 6 18 17 7 26 24 5 20 42 29 31 25 34 4 37 33 29 18 37 30 19 32 21 12 16 14 34 45 32 18 17 17 25 7 35 8 14 26 30 47 25 19 15 26 11 44 39 25 35 32 19 14 44 25 1 41 16 35 22 19 50 40 13 30 25 37 34 32 18
0 26 48 28 30 42 43 50 12 15 34 12 6 12 20 15 37 11 32 29 26 16 0 30 35 29 36 38 14 23 8 42 30 28 19 32 43 30 37 31 14 29 38 17 40 8 22 32 22 11 28 6 43 25 5 40 18 29 37 7 20 35 9 20 17 43 35 2 34 30 24 15 12 18 32 22 24 41 15 30 38 7 21 22 4 34 10 16 30 19 13 17 40 18 16 23 32 14 26 43 12
0 33 16 25 33 13 22 37 4 34 28 26 10 23 36 33 25 17 27 47 34 26 24 0 24 26 20 13 36 39 15 43 22 29 12 7 44 24 21 33 28 20 15 17 29 20 30 50 19 25 14 31 30 38 30 31 38 29 34 16 48 31 35 36 32 42 27 33 19 35 32 23 41 24 31 29 29 27 18 6 31 26 44 24 12 35 23 17 19 33 18 36 12 27 11 22 5 42 25 17 46
0 13 21 14 34 36 22 33 18 32 24 39 24 18 9 31 18 32 8 37 15 2 22 47 0 27 16 18 35 12 40 30 48 13 49 35 25 20 42 43 21 38 12 50 43 25 22 13 42 18 25 39 23 29 39 39 7 31 19 25 5 13 25 30 42 20 23 21 16 22 26 29 27 20 29 38 48 21 10 13 28 20 45 24 46 11 25 24 14 6 15 22 35 49 32 33 21 19 32 21 31
0 7 19 31 2 32 39 28 31 32 36 32 31 17 36 23 6 48 46 31 17 16 48 38 29 0 22 6 34 19 38 3 22 27 31 32 27 43 37 5 11 27 4 25 18 20 28 50 30 14 29 24 7 30 21 22 33 19 35 0 19 24 17 29 27 23 32 14 21 31 11 15 20 13 19 10 43 22 11 33 18 30 50 31 25 21 25 26 17 38 37 36 37 11 39 29 27 22 40 37 31
0 27 37 42 51 4 40 27 13 17 9 40 36 24 29 10 37 22 24 15 27 24 17 26 37 31 0 45 27 40 20 45 26 30 11 35 31 33 24 10 38 44 7 17 12 20 8 22 17 22 14 46 41 14 21 34 43 14 24 39 4 20 12 34 32 29 11 25 31 40 19 23 7 22 26 16 46 26 43 6 36 34 40 38 21 42 30 10 35 6 20 20 14 28 24 20 50 28 27 19 4
0 30 12 33 8 21 43 34 26 30 17 28 22 37 44 28 3 21 31 20 24 22 12 27 19 16 37 0 25 6 14 24 17 19 26 29 31 19 40 12 26 18 50 27 6 41 8 21 21 36 27 5 35 32 11 21 13 49 18 33 6 38 32 34 19 26 24 21 31 29 28 24 33 14 22 10 14 22 19 21 6 39 15 30 45 51 40 10 29 42 23 10 20 32 4 18 0 25 36 27 1
0 22 29 18 3 15 42 29 39 17 19 22 13 14 5 20 34 41 22 12 12 31 22 38 9 15 34 35 0 29 20 21 31 30 7 24 5 13 16 19 41 22 2 34 48 8 20 24 21 32 37 36 28 29 28 38 38 29 15 13 34 44 30 9 43 16 16 36 29 5 10 12 46 17 14 10 21 47 16 21 36 18 15 28 24 9 43 40 24 37 20 30 19 33 16 14 32 37 18 20 41
0 10 15 33 17 37 15 23 26 21 30 34 23 14 22 12 37 31 37 39 30 25 41 17 33 25 11 43 26 0 21 6 37 39 29 15 19 29 21 16 50 12 46 4 34 20 32 18 14 39 33 26 35 32 36 31 22 12 36 31 45 22 32 34 32 44 28 13 21 13 20 28 44 29 36 25 44 38 18 37 10 27 6 24 32 32 23 38 27 11 4 22 5 16 16 26 46 23 41 23 16
0 11 38 29 21 25 49 35 24 27 18 47 32 1 8 29 32 12 33 34 21 30 33 27 24 27 20 9 35 29 0 30 33 18 12 16 33 42 5 25 6 21 18 11 30 20 37 14 22 19 22 26 7 23 18 32 17 26 20 28 18 48 17 25 40 35 35 25 35 23 21 14 12 18 42 15 38 13 31 25 21 17 39 32 22 22 44 33 5 23 22 20 27 23 29 41 22 33 14 50 17
0 26 37 35 26 30 38 12 34 9 46 26 17 42 34 34 32 36 39 3 6 13 14 39 29 35 26 18 16 6 22 0 14 41 23 31 14 48 41 25 9 26 6 14 29 31 30 30 26 44 13 42 26 11 30 35 36 22 22 13 12 16 19 16 14 31 30 45 35 14 39 22 28 24 20 9 30 10 29 26 33 5 45 30 34 24 16 28 29 18 19 21 30 26 43 13 32 25 27 36 23
0 38 24 42 14 15 22 15 18 20 36 13 11 25 33 6 2 27 39 10 24 25 36 25 20 33 36 34 23 26 21 46 0 15 27 29 36 2 22 39 21 11 40 20 33 21 14 13 27 34 23 27 22 25 42 35 25 16 37 17 36 19 25 25 29 39 17 17 47 25 39 26 11 32 17 21 34 28 40 42 29 24 37 18 34 7 29 22 13 15 20 42 48 19 32 40 12 22 50 35 31
0 33 29 35 31 23 16 8 15 39 7 44 9 29 43 4 12 30 22 19 24 25 40 28 38 36 35 20 22 7 45 31 30 0 39 21 17 7 7 46 39 26 24 34 17 22 25 39 29 35 46 16 8 25 49 46 24 23 28 17 10 41 20 46 2 34 11 21 28 37 21 31 12 49 12 38 19 18 19 30 17 15 34 23 49 3 15 25 34 28 34 46 31 16 12 27 20 41 27 29 22
0 18 36 20 22 30 26 8 4 47 40 31 19 32 34 35 31 32 24 17 14 42 31 29 18 37 11 45 11 41 17 14 50 2 0 13 28 13 14 14 23 35 30 28 13 18 9 23 35 19 33 25 22 22 12 13 44 33 33 30 32 14 8 21 35 31 26 35 21 28 25 19 21 27 39 12 28 29 16 19 20 22 16 14 42 48 26 35 24 24 18 30 41 31 9 29 7 32 35 34 25
0 31 5 20 32 22 13 26 14 35 21 34 24 29 19 21 48 18 28 22 41 12 37 21 30 19 10 10 34 18 19 22 11 30 17 0 42 16 29 20 48 26 6 16 9 37 20 25 12 26 10 23 24 28 7 33 10 27 17 7 34 5 20 36 16 8 37 31 22 42 26 27 24 8 40 27 0 34 22 21 22 17 23 23 30 32 37 16 23 12 6 49 23 30 9 20 25 43 35 9 25
0 37 44 51 8 16 5 24 42 38 12 9 29 29 44 20 44 28 7 2 43 17 14 22 45 24 28 19 27 28 41 12 10 45 19 10 0 15 33 36 18 36 23 48 26 26 41 17 5 4 32 36 17 8 32 5 2 36 38 28 13 13 34 40 18 21 14 28 24 42 15 26 3 30 8 22 17 17 32 10 39 16 12 28 20 6 21 40 31 14 4 29 27 1 7 24 20 7 17 32 21
0 34 30 27 7 23 32 40 28 45 19 24 11 23 12 11 30 42 21 16 9 19 49 26 3 45 23 6 41 32 26 20 16 17 31 36 35 0 31 15 1 13 43 40 27 24 9 29 19 32 9 43 30 23 22 28 31 18 34 40 24 26 34 7 20 44 24 44 15 43 20 24 24 31 24 40 21 1 30 25 27 18 34 19 9 22 22 20 27 30 23 22 44 14 45 15 37 17 4 12 28
0 13 44 19 19 29 21 11 34 27 39 46 28 12 46 11 24 36 19 32 19 35 11 47 41 37 35 33 20 22 6 31 27 33 33 35 15 27 0 18 20 44 35 30 19 42 26 32 21 11 29 28 26 21 19 23 33 24 19 40 32 35 36 8 32 40 8 27 25 34 26 44 14 34 40 26 3 20 39 27 13 9 23 34 39 10 26 24 16 43 20 43 32 31 20 26 6 22 44 29 17
0 23 10 35 11 38 21 34 33 32 41 35 33 17 28 22 32 21 26 17 44 37 29 14 30 25 37 29 36 7 15 32 37 37 38 33 31 34 18 0 34 16 17 13 32 16 27 18 32 11 20 9 27 17 33 20 25 17 7 49 20 4 2 26 19 28 34 13 27 21 34 20 18 33 30 22 31 31 17 24 26 26 19 37 13 7 17 10 29 35 30 36 14 28 6 1 18 27 18 17 10
0 36 39 34 12 38 34 33 23 43 18 6 12 43 16 9 42 20 33 37 35 26 2 7 19 36 23 34 28 23 25 3 20 15 38 6 27 4 21 29 0 34 33 27 14 22 23 12 3 32 18 18 22 16 10 50 32 11 29 29 18 30 36 29 35 20 27 32 19 15 23 37 23 29 13 5 25 34 23 1 20 11 7 30 45 12 30 19 36 26 39 11 21 17 24 30 33 28 46 15 30
0 31 25 42 13 0 29 45 18 3 28 30 16 21 17 16 27 12 36 12 26 20 11 21 38 18 28 32 22 1 21 27 23 13 26 27 29 41 12 16 19 0 45 24 46 16 21 39 48 20 26 29 34 34 25 22 46 26 41 24 20 42 23 16 15 22 35 7 38 28 24 19 30 18 30 18 43 25 11 15 26 27 38 29 37 20 27 13 29 37 31 14 32 24 30 2 48 18 21 4 29
0 5 18 22 33 19 20 27 26 26 40 9 17 10 30 41 27 24 7 35 13 30 41 30 29 11 22 23 43 24 9 27 26 8 27 31 24 27 12 40 44 19 0 10 36 31 32 15 18 10 35 18 38 34 44 29 20 18 37 31 21 14 35 30 23 24 39 14 20 25 28 23 24 10 44 38 44 37 39 18 32 39 23 15 30 23 40 40 13 40 14 50 23 31 31 14 15 24 30 19 14
0 38 11 43 31 9 28 28 39 26 37 21 39 32 10 20 44 16 22 43 16 44 28 23 3 31 44 41 43 9 14 12 28 4 27 36 14 16 30 40 24 31 47 0 13 15 28 18 4 40 17 35 21 12 33 12 30 11 17 21 33 1 33 24 28 22 31 30 27 47 2 21 39 9 27 17 32 11 43 28 26 38 27 36 16 4 20 7 28 10 33 38 29 8 40 32 36 32 32 33 18
0 35 28 36 13 5 45 26 8 37 34 37 30 32 16 31 23 26 38 18 26 17 39 23 43 15 37 26 16 8 22 35 16 6 35 22 20 36 32 10 22 20 33 6 0 47 33 6 23 27 45 34 45 11 44 10 11 47 10 26 22 39 20 47 22 23 24 7 15 12 32 17 17 14 32 26 15 32 27 39 38 25 33 24 41 21 17 31 26 5 12 24 26 22 22 14 26 20 14 28 30
0 9 25 42 26 32 35 24 23 41 2 31 13 27 24 25 34 49 31 41 45 23 16 32 19 12 28 44 36 49 15 11 10 35 40 22 16 33 30 13 6 28 14 25 6 0 44 8 40 38 31 10 46 32 24 25 10 25 5 13 29 23 19 11 22 30 40 19 22 14 22 24 33 32 16 23 31 38 40 9 18 29 5 36 34 18 35 15 32 19 27 8 22 24 31 18 10 21 18 26 24
0 10 17 25 31 38 13 17 18 22 40 0 29 16 13 39 31 17 22 16 27 25 24 10 4 18 34 43 19 49 36 16 25 11 23 24 9 40 4 17 33 37 31 12 9 42 0 37 43 28 27 27 15 21 27 27 21 27 21 34 7 23 31 33 33 21 11 40 32 2 22 25 13 14 32 18 32 19 6 22 17 8 20 21 7 33 28 29 20 29 22 7 36 28 25 28 33 21 35 37 43
0 1 28 39 38 13 36 20 26 13 27 22 19 30 29 40 46 27 19 13 18 35 23 20 32 22 15 38 19 32 34 10 27 4 7 31 26 36 15 23 18 23 34 20 10 41 24 0 22 38 14 27 5 18 12 21 24 33 13 45 10 22 9 22 31 40 22 13 39 39 17 21 10 19 16 28 17 34 18 23 47 9 21 29 25 18 27 26 18 22 13 34 17 7 26 19 18 10 29 25 11
0 12 30 9 21 20 9 8 18 20 43 20 18 23 27 38 28 28 24 36 21 25 22 21 24 6 26 24 33 24 46 34 12 21 42 7 22 25 29 45 31 4 23 37 31 20 23 28 0 8 12 23 4 10 8 12 35 33 33 39 23 27 25 27 13 40 44 37 34 20 23 46 20 17 27 39 21 25 17 18 6 45 30 12 10 14 10 22 24 19 24 12 36 30 40 19 10 39 45 26 2
0 18 15 8 33 17 6 19 13 23 20 44 40 10 40 26 17 11 27 1 37 17 13 24 36 37 17 16 15 13 6 27 24 4 7 21 21 11 33 33 35 27 4 28 30 14 19 28 22 0 46 26 24 25 15 28 1 26 1 46 16 18 30 8 23 10 24 20 11 15 32 32 23 36 35 46 7 42 31 32 21 7 32 9 18 42 29 25 40 8 13 27 39 31 48 40 32 36 15 9 35
0 14 28 44 49 34 12 43 20 18 19 46 37 38 39 32 33 34 9 31 33 9 15 32 31 18 19 4 25 1 16 26 19 28 5 34 6 33 24 16 38 33 18 22 23 15 30 20 23 19 0 12 35 17 47 37 9 12 20 25 25 23 9 35 30 29 15 32 25 24 21 31 19 12 16 3 31 2 38 24 3 16 22 22 29 15 26 10 8 23 30 31 16 35 22 32 40 19 10 19 41
0 27 37 20 32 23 11 36 28 28 12 20 14 46 41 36 15 39 8 25 35 32 20 13 10 38 27 25 17 41 10 44 8 36 42 9 35 22 35 11 11 16 44 16 16 12 23 28 43 30 16 0 24 36 15 13 21 35 23 20 35 21 25 9 43 19 3 41 38 13 28 28 10 14 31 34 48 34 31 39 35 18 22 32 9 19 7 28 33 23 40 38 8 49 6 16 23 30 16 41 4
0 12 20 20 37 31 37 17 23 30 33 10 27 40 23 13 12 39 26 43 12 38 15 24 33 38 22 22 36 27 36 18 25 36 9 32 11 24 24 29 18 47 12 9 34 22 31 17 44 28 27 36 0 14 33 25 20 16 38 23 27 26 36 45 19 1 17 17 26 33 34 22 39 20 22 14 25 37 13 21 23 28 14 34 24 41 18 31 9 28 34 28 35 24 29 7 29 21 28 41 20
0 23 2 35 31 30 16 17 49 30 21 25 30 30 38 31 19 46 25 13 17 45 29 21 42 14 37 27 35 7 23 28 33 28 31 1 41 31 38 14 13 33 29 23 19 24 22 27 20 36 27 23 22 0 26 12 30 37 32 18 7 36 9 25 11 26 33 25 31 34 10 40 2 43 31 33 40 27 19 4 37 16 8 28 33 25 34 23 25 13 32 22 32 33 34 42 37 26 10 37 40
0 39 30 46 24 14 25 44 14 10 30 18 29 18 13 14 20 38 15 1 23 9 8 12 30 38 6 44 17 37 47 4 25 49 39 29 21 34 26 22 10 39 22 27 22 12 18 31 39 29 26 13 15 10 0 33 32 28 16 10 24 9 25 34 2 37 26 41 20 11 21 43 13 28 36 20 32 25 27 23 30 13 7 16 23 30 30 23 21 29 4 21 2 22 33 33 21 41 10 29 33
0 30 50 50 31 47 37 24 18 8 11 31 35 19 10 9 18 19 33 37 21 35 43 20 38 24 18 28 30 14 10 42 43 34 26 42 7 34 16 1 28 30 26 3 26 21 39 28 26 13 38 25 20 19 10 0 20 17 12 46 42 48 27 8 34 12 36 12 34 41 29 24 2 35 5 2 49 8 48 33 4 50 32 19 37 27 39 23 30 19 9 7 18 46 20 48 27 35 26 32 21
0 21 27 31 19 27 27 30 7 30 26 28 36 29 44 30 46 21 49 41 18 47 21 23 11 18 28 36 26 33 4 9 25 36 22 36 28 20 30 15 31 15 32 23 20 30 15 14 28 34 44 33 37 25 42 34 0 49 15 7 21 19 32 31 30 47 29 16 32 31 12 12 34 32 25 23 23 18 24 30 21 32 17 6 15 32 25 30 34 43 22 34 47 33 16 36 6 16 37 24 40
0 39 17 29 10 21 12 18 29 24 17 28 12 26 26 12 7 35 40 8 14 13 19 29 24 32 39 26 21 31 11 11 28 33 24 2 42 1 44 27 29 20 26 18 40 20 32 12 22 21 21 30 12 6 16 30 20 0 21 21 21 25 14 13 25 48 29 42 16 27 38 22 28 6 15 6 18 29 35 30 31 7 7 26 24 21 20 8 17 11 17 19 13 5 30 14 41 40 35 23 30
0 24 49 22 30 45 35 30 34 43 28 31 30 19 5 26 13 12 3 36 33 4 31 44 31 38 4 28 23 25 27 35 44 32 29 18 32 36 27 29 38 2 16 31 24 25 29 26 37 37 27 30 26 23 13 26 29 48 0 26 35 13 38 33 18 23 4 20 45 31 40 9 38 15 37 26 5 8 16 41 27 19 36 42 30 42 20 31 32 26 26 33 41 27 31 42 39 5 14 48 45
0 14 33 18 19 22 14 43 35 21 20 23 18 46 30 7 16 22 6 17 28 32 31 34 23 12 34 23 22 11 29 36 25 34 14 27 34 38 32 29 25 37 16 8 29 23 50 48 29 16 16 25 6 35 22 22 23 33 21 0 14 44 35 33 22 22 21 31 11 31 38 24 13 21 42 27 36 34 2 19 34 21 27 35 35 3 23 30 43 47 7 40 33 49 20 26 33 26 26 34 10
0 26 7 15 39 12 30 40 40 35 37 14 26 16 26 21 24 13 24 28 36 36 24 33 5 29 8 12 38 31 19 23 22 9 40 41 31 29 37 47 41 22 16 20 9 40 33 29 12 10 26 32 24 41 19 11 29 33 9 27 0 20 18 8 37 34 32 9 30 13 18 42 30 36 46 25 26 16 42 36 30 16 26 18 21 5 49 35 8 26 12 27 22 23 38 35 4 37 18 36 32
0 18 12 31 27 2 17 13 17 27 25 21 28 15 15 26 18 33 41 22 29 32 22 16 36 32 34 13 20 21 23 35 41 24 34 16 16 9 45 24 11 26 26 19 21 16 36 6 15 13 22 22 21 29 3 25 42 6 32 23 23 0 7 5 2 22 30 34 25 29 24 23 45 23 20 25 30 3 20 3 30 28 21 30 37 3 25 13 18 25 18 7 21 33 36 25 41 44 19 5 21
0 17 33 24 28 27 16 13 8 17 14 22 31 33 18 42 26 14 43 27 41 17 39 18 23 23 22 20 22 32 34 17 14 17 15 23 41 46 3 22 21 36 31 9 40 23 36 26 23 30 37 23 43 11 34 7 16 36 32 29 32 7 0 25 19 40 20 22 22 46 34 19 22 10 28 28 32 24 14 8 28 30 20 19 18 23 14 28 38 26 12 24 35 18 23 15 10 38 24 37 27
0 27 33 31 9 6 30 22 17 4 4 18 35 6 42 35 21 36 43 41 31 37 24 20 19 38 0 30 37 38 35 44 11 16 14 38 21 11 15 11 27 20 22 10 33 30 25 31 41 27 34 45 29 4 30 42 41 6 38 20 34 16 23 0 7 12 34 25 31 26 24 11 24 22 30 36 44 24 12 15 14 33 20 30 46 12 19 37 21 21 6 24 31 11 39 13 43 19 27 50 24
0 34 32 31 25 44 38 14 28 33 31 32 44 9 36 11 16 20 16 31 31 32 31 32 39 37 28 31 15 34 13 28 17 27 8 47 34 23 26 26 7 12 26 25 24 10 7 13 35 34 18 17 24 20 28 40 18 30 8 15 18 48 19 27 0 5 13 29 27 31 15 48 29 20 23 15 36 27 34 34 33 38 31 29 12 29 32 16 33 27 17 30 24 26 43 31 38 24 20 19 1
0 29 19 41 14 18 39 16 18 28 4 18 19 5 23 46 28 39 17 37 26 23 28 14 0 23 40 21 23 26 33 24 30 41 26 39 39 40 11 35 39 42 14 20 28 21 35 30 38 25 19 21 3 36 2 27 23 14 29 18 21 30 21 23 22 0 25 34 32 29 21 11 33 32 38 17 31 21 22 34 30 14 7 37 29 28 3 32 8 27 24 17 35 41 46 34 43 11 4 34 13
0 15 2 3 13 43 10 34 8 6 31 15 26 27 44 15 24 30 2 19 27 21 34 16 32 18 32 7 32 10 50 29 12 49 37 24 16 22 34 14 31 27 39 27 18 12 17 22 19 20 33 21 41 39 22 8 36 25 15 32 37 19 35 8 29 24 0 15 33 3 32 21 29 51 9 40 28 15 26 46 33 27 16 8 32 40 6 35 19 17 24 16 4 5 5 33 28 11 20 19 40
0 0 23 30 37 15 19 48 30 29 36 16 30 21 18 44 35 9 34 39 10 33 36 31 8 34 45 41 24 20 39 23 21 32 8 37 49 24 50 25 45 28 38 14 11 25 11 17 15 27 36 21 21 30 31 42 22 18 25 6 27 4 32 22 31 8 15 0 28 15 17 37 14 19 23 13 47 9 24 33 20 33 26 47 10 50 33 29 8 34 42 20 24 26 13 29 11 6 23 2 20
0 22 19 4 35 28 28 40 11 24 35 23 22 28 13 33 31 11 25 14 37 18 13 20 42 16 29 4 12 9 26 24 40 26 27 26 27 7 32 29 17 29 25 33 7 14 22 41 13 28 16 14 38 30 38 9 6 37 33 15 35 26 19 25 17 29 26 22 0 24 9 12 42 23 26 31 1 31 38 17 33 34 6 27 30 15 33 26 45 24 14 46 21 37 16 12 17 35 10 25 3
0 30 17 9 29 17 33 20 15 20 25 28 26 8 27 24 4 14 19 30 20 25 6 3 14 1 14 13 18 14 20 36 2 33 40 3 18 22 22 43 34 7 37 23 33 29 27 32 9 24 10 17 27 35 11 20 30 27 19 7 35 46 36 31 47 22 41 47 11 0 31 33 35 22 31 30 34 34 36 14 38 46 18 7 23 8 26 32 30 31 43 22 37 22 41 14 18 20 30 26 19
0 15 44 26 15 20 44 24 27 22 40 9 24 22 14 16 20 15 8 27 40 2 16 21 27 9 26 33 19 37 40 19 15 21 22 9 11 25 27 24 20 40 37 29 31 9 14 32 23 34 24 17 35 16 19 3 31 43 23 27 39 45 28 25 25 20 16 22 24 38 0 39 37 33 7 25 25 2 47 44 28 18 35 39 41 23 42 16 15 8 43 17 8 32 20 27 27 12 16 29 29
0 12 25 16 9 26 23 13 6 21 27 7 46 10 39 33 29 2 1 20 30 6 27 34 27 30 16 18 21 25 19 37 32 25 28 25 25 5 10 23 33 3 24 14 36 12 32 27 44 8 48 26 12 33 24 36 25 11 34 22 24 32 12 36 42 29 39 26 7 6 6 0 28 15 15 19 44 22 25 34 29 25 19 8 20 33 11 13 43 36 23 49 11 40 43 17 21 22 10 21 20
0 34 18 40 33 37 27 19 44 33 30 19 26 29 18 25 2 25 19 23 20 30 21 30 11 26 32 20 27 33 21 35 12 38 7 33 26 39 25 14 21 19 11 43 11 39 43 27 40 28 13 36 33 16 39 35 27 43 40 18 32 6 10 21 10 24 18 21 15 22 17 22 0 38 20 37 12 20 23 16 40 30 25 15 43 23 27 17 36 31 25 29 33 37 32 46 34 32 28 16 35
0 15 1 31 21 11 40 34 32 40 19 21 38 46 10 26 22 30 35 33 25 27 28 21 22 44 21 39 19 18 25 20 14 8 4 26 41 48 18 35 36 28 28 30 22 12 7 8 13 29 31 15 10 28 11 24 33 23 42 12 28 39 23 40 27 32 14 15 21 10 23 28 47 0 36 32 17 40 49 22 21 20 28 4 21 17 35 42 40 11 26 36 35 22 3 7 25 27 43 18 22
0 40 28 8 31 48 23 45 25 15 38 37 38 32 41 22 38 27 31 11 28 1 20 31 34 47 14 7 30 19 30 20 30 22 31 51 17 15 32 8 21 30 28 19 24 28 12 20 15 30 43 15 41 29 26 27 23 37 37 25 31 24 29 23 12 15 45 39 15 12 29 27 21 12 0 12 41 11 13 11 37 22 0 13 35 44 3 19 15 8 15 16 32 20 27 15 20 8 28 8 7
0 18 10 28 18 24 18 39 25 20 14 18 33 16 31 40 15 29 28 23 35 25 40 16 23 4 50 30 38 39 43 25 27 28 2 9 8 24 37 32 27 17 32 34 12 17 27 27 19 5 11 28 31 33 15 11 36 2 37 23 26 20 10 5 42 33 32 27 17 27 5 16 18 26 3 0 15 23 25 31 42 32 30 39 50 42 24 46 23 20 31 12 6 6 28 46 15 36 10 25 17
0 28 5 24 31 25 39 31 22 49 27 25 37 34 26 15 27 25 1 23 7 32 13 13 31 29 21 28 18 46 28 50 12 15 27 35 28 20 28 22 37 22 25 16 8 9 34 25 50 24 12 14 8 8 10 23 25 21 15 34 28 29 32 20 29 31 13 48 42 20 12 44 15 6 17 7 0 11 39 20 24 23 29 28 23 24 23 34 27 17 22 41 21 28 3 43 9 32 22 28 12
0 24 4 18 8 31 49 0 25 15 28 20 31 27 4 22 42 47 21 17 5 24 25 14 36 7 30 25 12 12 31 31 23 8 15 21 27 4 37 37 23 30 18 14 16 30 26 32 29 11 44 28 25 20 18 26 26 14 12 15 37 30 41 34 23 36 44 39 1 49 22 6 34 33 23 11 19 0 15 4 36 12 37 23 22 33 45 41 2 19 28 17 35 32 35 24 20 37 37 23 28
0 22 23 45 20 21 15 14 20 21 27 15 18 29 24 25 42 37 28 15 19 22 23 25 31 44 35 33 40 34 28 26 36 29 32 8 31 28 29 22 36 45 19 15 17 14 21 20 43 30 22 39 31 38 19 21 48 18 22 29 28 13 36 41 13 11 4 24 40 37 27 29 10 9 34 2 37 23 0 41 13 27 41 38 31 22 6 32 6 12 15 29 31 24 35 45 8 6 20 30 27
0 26 22 27 1 25 13 10 30 35 20 33 12 47 11 34 18 15 16 33 39 6 30 14 17 15 29 32 20 34 5 6 17 33 26 32 31 39 37 43 28 43 19 29 21 23 11 12 24 35 20 23 27 16 13 32 34 25 18 22 17 25 36 23 8 33 19 17 26 10 47 9 19 40 26 39 14 39 27 0 10 4 47 7 32 4 32 47 20 27 29 16 28 47 26 23 30 20 32 30 31
0 18 21 32 24 21 27 29 34 13 18 33 35 30 34 39 17 42 18 25 32 30 15 17 38 18 18 36 28 25 39 38 20 16 25 31 24 44 5 30 10 31 9 27 38 32 25 34 17 21 31 10 38 21 15 24 17 24 28 38 23 32 12 34 29 25 33 14 28 22 10 28 17 16 18 20 29 20 11 18 0 16 31 14 39 29 29 27 17 18 28 19 11 16 6 33 31 26 34 32 9
0 40 27 5 27 12 24 34 40 16 12 10 36 40 17 33 12 31 27 27 32 14 37 23 22 17 18 39 40 34 36 30 15 34 22 11 8 24 34 31 27 22 24 34 18 18 38 38 25 18 39 45 36 27 37 30 11 35 30 28 13 41 31 21 47 37 28 39 31 10 41 15 26 3 18 30 38 36 26 44 36 0 29 49 22 36 42 26 39 43 16 30 14 25 24 14 39 37 10 22 47
0 35 26 14 9 47 40 25 34 30 33 28 38 35 35 20 26 35 27 38 35 34 19 30 22 31 32 15 28 6 8 16 16 27 27 36 37 16 15 4 42 30 15 27 22 36 40 15 19 49 30 19 24 17 40 16 33 47 24 33 34 17 29 19 44 21 30 21 33 20 40 49 4 26 35 25 37 16 22 1 17 24 0 16 14 16 33 36 24 43 35 10 6 10 38 32 33 38 13 34 26
0 35 31 23 28 15 16 29 18 23 13 37 24 10 31 25 44 23 14 39 36 13 33 11 2 15 16 30 5 34 26 42 22 16 7 19 8 21 8 21 34 25 3 45 25 35 42 32 16 20 26 30 33 50 18 39 24 16 11 21 44 12 34 23 38 42 30 27 26 40 33 34 2 14 36 23 18 37 13 22 44 18 28 0 46 19 35 38 20 14 29 5 5 35 31 18 18 34 34 18 22
0 19 26 47 32 30 39 37 33 36 23 25 28 34 18 33 18 35 23 39 19 34 35 26 13 46 1 21 35 20 18 28 11 26 13 36 49 7 25 24 28 28 40 15 32 26 28 21 12 32 44 24 36 24 22 24 46 24 25 19 13 31 17 2 20 44 4 45 29 35 28 41 30 34 35 30 48 21 25 23 27 25 21 5 0 33 7 35 26 22 27 33 31 36 10 32 36 40 19 16 15
0 26 14 35 14 28 34 17 31 19 8 30 40 10 30 16 9 20 33 22 39 28 49 21 29 14 26 32 21 42 11 45 44 7 13 31 36 14 41 19 28 13 19 30 9 19 20 8 17 13 33 26 37 38 24 27 11 28 31 18 18 25 18 28 35 8 44 26 33 2 22 24 22 9 17 30 21 15 35 28 50 29 15 23 27 0 45 36 36 23 27 27 29 16 13 50 19 11 24 23 16
0 23 25 24 26 26 29 19 34 33 40 17 33 2 27 38 13 42 42 18 23 28 13 21 34 22 23 28 44 7 31 24 26 42 21 22 37 33 29 38 18 13 25 42 6 30 14 16 13 13 30 22 31 29 26 48 45 6 49 23 38 26 38 20 30 25 18 37 27 5 16 42 7 8 21 17 4 34 20 11 49 15 21 18 17 22 0 15 31 4 41 20 8 8 21 20 28 27 23 10 9
0 39 24 22 27 21 12 19 36 35 26 37 24 26 17 31 6 39 14 28 25 6 43 37 43 42 41 36 44 3 38 34 30 34 22 28 17 2 46 20 26 22 29 37 27 29 44 35 34 17 36 23 22 7 30 35 49 26 48 26 29 38 25 29 22 50 28 31 3 25 18 20 20 34 44 17 33 8 32 14 41 40 32 37 13 29 23 0 35 35 24 28 51 27 21 7 40 32 26 14 39
0 43 47 9 33 39 40 30 34 35 36 36 23 17 20 31 23 25 37 22 19 23 34 37 28 33 14 12 27 16 32 39 10 40 25 34 6 11 14 34 13 8 30 9 50 23 28 12 24 39 17 17 32 29 4 40 44 12 37 21 24 8 25 28 43 30 4 44 31 31 26 11 34 16 14 39 30 46 33 41 32 22 11 43 45 31 21 45 0 24 25 31 22 4 26 27 20 10 19 45 17
0 26 24 22 26 28 17 31 31 14 35 45 13 40 30 42 13 35 26 25 35 34 23 11 38 39 40 38 24 28 51 15 12 37 35 14 19 35 43 27 22 44 11 17 19 20 22 29 13 13 3 43 22 46 41 32 37 13 24 32 30 29 13 21 8 42 41 19 35 31 33 36 35 30 20 30 38 29 11 17 38 30 16 11 14 36 27 24 29 0 28 18 34 9 44 20 18 6 25 19 32
0 24 32 25 41 31 38 21 25 6 35 29 33 18 25 23 49 31 31 40 14 30 12 33 28 12 32 17 2 18 33 17 29 51 41 35 20 18 39 23 28 14 20 15 38 14 28 19 41 34 35 31 35 30 44 33 28 28 29 22 24 24 42 37 32 29 22 17 24 18 10 25 15 2 27 29 32 32 39 15 27 27 45 8 8 11 18 14 27 16 0 15 22 50 19 29 28 41 9 32 11
0 23 29 27 22 36 14 11 24 38 13 46 30 9 43 34 31 44 23 32 37 21 27 23 16 6 18 45 29 11 32 44 27 31 32 10 4 25 33 7 2 23 29 22 19 31 11 20 39 3 32 29 43 22 24 15 32 27 28 25 33 10 35 35 28 43 37 39 13 40 26 50 29 13 41 44 24 33 14 18 36 26 13 45 22 29 8 15 37 19 26 0 34 33 17 20 25 40 33 29 35
0 34 47 20 22 11 26 27 26 37 29 42 32 30 13 22 28 44 7 40 1 27 40 31 4 28 21 29 22 28 17 23 14 36 27 13 30 7 33 29 35 16 18 12 22 25 10 21 31 39 17 22 23 19 16 34 30 13 40 15 21 32 28 10 4 2 24 11 34 22 33 13 36 19 34 6 36 40 18 32 8 8 32 31 17 14 23 39 19 7 30 46 0 19 18 8 13 16 21 43 25
0 10 39 12 8 16 33 17 10 41 31 46 26 44 11 20 13 39 16 24 37 34 38 19 47 14 18 31 35 22 23 10 2 24 12 38 30 46 30 19 19 22 45 12 7 10 24 41 36 29 24 13 18 14 21 24 9 29 8 31 33 38 15 31 31 19 22 20 35 41 16 19 27 26 2 40 10 47 23 12 50 15 13 15 39 12 10 10 20 30 24 34 18 0 18 23 7 32 9 21 48
0 43 14 17 40 18 24 29 27 33 16 10 28 31 18 34 20 6 36 11 12 23 32 37 8 19 24 16 37 21 28 2 43 21 15 36 11 30 28 29 10 32 10 37 21 22 5 39 20 31 31 25 28 36 34 37 9 7 26 5 40 49 41 25 2 38 37 28 25 20 7 22 17 7 17 22 26 22 38 41 18 29 25 50 36 21 25 31 1 24 19 21 24 19 0 22 10 25 28 50 32
0 24 22 28 14 34 23 29 30 22 38 19 38 28 22 21 17 25 34 28 23 34 19 1 12 15 28 38 45 3 21 5 39 13 25 10 19 46 16 22 8 25 9 14 44 11 34 23 21 21 25 27 33 21 36 16 23 34 35 15 3 12 10 38 37 28 37 16 19 16 23 44 27 28 4 25 38 26 30 35 35 21 15 45 26 43 6 21 30 36 27 21 17 38 28 0 22 23 14 39 49
0 13 18 10 35 26 20 40 34 22 13 15 29 34 24 23 36 45 19 23 33 29 38 41 25 28 35 40 31 38 0 17 18 39 20 21 5 30 22 18 35 24 3 29 23 22 22 28 27 31 40 39 22 26 19 39 39 2 43 23 11 33 16 22 2 0 6 14 25 13 19 44 26 19 16 28 38 36 19 8 10 5 26 28 16 36 40 45 18 18 14 39 20 32 33 7 0 38 7 28 44
0 27 7 36 28 16 46 10 1 34 30 5 24 21 6 19 10 17 42 38 15 16 27 4 10 17 2 5 45 32 27 19 43 13 30 45 32 22 37 36 49 19 34 27 32 23 11 29 50 28 16 37 13 25 26 25 10 31 47 28 42 15 28 27 34 46 27 28 23 24 17 19 10 45 35 38 15 38 12 7 13 37 31 15 21 30 5 35 8 18 45 45 31 9 35 48 31 0 41 18 39
0 7 35 27 22 43 46 37 27 35 22 46 10 42 24 7 41 33 25 19 35 14 48 15 12 9 47 15 27 21 27 11 12 32 6 25 28 17 23 29 36 33 35 31 9 44 30 29 32 32 25 7 18 20 14 26 40 28 33 19 31 18 20 36 29 1 15 31 28 9 21 10 19 32 51 31 18 19 25 20 12 10 32 33 42 32 29 27 2 37 30 31 33 42 22 11 31 31 0 30 25
0 13 45 34 42 28 31 21 27 42 50 22 43 32 31 14 26 23 17 26 31 12 40 46 22 18 35 38 4 19 26 29 31 8 27 30 29 35 24 25 36 19 35 49 19 9 19 14 18 29 14 20 10 29 10 23 9 27 18 18 32 43 16 19 26 40 4 20 17 45 37 16 20 1 21 24 34 32 22 29 34 7 15 23 34 39 32 14 8 27 39 12 13 29 8 28 28 51 21 0 33
0 3 37 46 21 33 46 6 20 24 37 35 13 1 49 28 36 45 23 35 37 24 37 22 41 29 35 37 22 6 20 22 24 38 4 33 39 16 3 29 35 22 39 37 35 20 22 6 13 26 31 26 43 29 24 42 36 31 11 9 18 43 41 26 12 25 31 35 21 22 3 19 22 22 30 40 33 40 27 16 9 42 50 34 47 21 29 28 22 28 18 1 8 37 11 20 48 29 9 28 0
