100 2
3 0 2 10
5 0 5 10
3 700 10 6
5 133 5 7
7 0 5 9
2 1138 6 2
11 549 3 10
10 0 5 8
4 1330 10 3
14 0 8 10
14 30 8 9
13 853 5 8
19 316 8 10
12 1114 7 6
4 1744 8 2
21 615 10 10
20 649 7 9
16 849 8 6
20 0 1 7
30 869 4 9
17 0 9 5
32 271 8 9
26 582 2 7
28 0 7 7
33 1231 3 8
21 1352 6 5
39 0 10 9
22 0 7 5
14 133 7 3
38 0 3 8
45 1093 6 9
36 1534 8 7
26 0 8 5
16 1339 5 3
22 786 3 4
11 0 4 2
17 0 10 3
41 0 7 7
24 436 10 4
36 432 1 6
60 1486 6 9
67 482 8 10
47 0 5 7
34 0 3 5
70 947 4 10
73 893 4 10
66 0 4 9
23 0 2 3
63 1354 2 8
64 1588 7 8
72 1269 6 9
76 0 2 9
51 215 6 6
77 1399 7 9
78 731 8 9
9 197 8 1
65 527 4 7
47 402 8 5
66 380 6 7
57 1112 10 6
96 0 10 10
75 263 1 7
87 0 9 8
33 798 9 3
88 1387 7 8
100 0 3 9
73 0 2 6
49 0 8 4
74 0 10 6
99 0 2 8
65 120 8 5
93 0 5 7
93 353 9 7
94 0 4 7
81 1500 10 6
55 32 4 4
84 1304 10 6
87 663 3 6
44 832 6 3
90 1399 1 6
93 1134 9 6
97 1307 1 6
34 896 4 2
56 358 5 3
46 0 9 2
70 0 2 3
53 1133 4 2
87 1263 2 3
88 1632 1 3
89 557 10 3
70 24 1 2
77 40 10 2
85 1424 2 2
93 1120 1 2
98 68 9 2
59 1534 9 1
62 1332 4 1
65 505 2 1
90 1447 6 1
96 0 3 1
SETUP
0 30 39 13 24 15 6 25 17 6 47 32 8 35 36 18 36 24 25 28 42 29 43 28 17 7 20 42 24 20 15 40 26 38 45 26 50 8 19 37 30 35 9 30 21 28 22 25 35 28 47 24 25 17 13 31 21 24 21 41 34 22 10 19 36 37 21 44 33 22 45 18 45 34 19 41 42 23 39 35 8 15 16 37 22 29 18 24 21 27 16 10 41 23 11 32 20 26 26 32 25
0 0 41 38 39 16 11 5 23 11 16 28 26 30 16 40 8 47 34 25 28 21 39 45 3 14 21 30 30 50 38 24 8 39 6 42 49 4 36 36 25 28 8 8 35 28 37 23 29 37 22 4 21 27 28 25 9 22 10 35 12 33 25 28 45 19 36 25 35 34 31 24 16 30 13 48 13 32 21 34 29 2 23 22 47 20 18 18 13 30 22 24 37 0 22 34 30 25 20 22 35
0 10 0 5 32 21 11 27 36 35 10 38 22 1 16 37 3 40 30 14 26 11 19 32 8 21 9 36 43 27 9 47 35 3 42 14 16 20 42 31 42 19 19 14 41 7 5 28 19 17 15 9 14 23 24 41 31 48 33 11 33 24 31 44 34 26 30 10 2 5 18 43 21 18 27 7 38 14 22 24 34 37 25 10 22 24 41 30 16 30 16 11 46 34 32 7 29 47 44 37 35
0 0 39 0 25 24 32 24 30 39 44 42 7 34 1 39 29 17 21 16 21 16 10 20 34 16 23 20 20 33 28 26 31 45 45 35 37 27 21 35 4 30 13 16 10 36 38 32 35 30 34 25 8 19 13 27 23 34 17 48 10 15 34 23 40 25 40 41 35 11 24 19 18 28 27 32 22 29 29 23 28 20 43 39 27 37 31 24 12 19 6 20 23 5 39 26 38 13 23 27 35
0 39 12 50 0 38 33 23 40 15 7 39 35 25 20 15 11 25 34 25 33 24 3 20 23 22 30 22 11 35 16 34 33 17 20 27 29 34 27 37 46 24 31 24 24 25 19 23 16 27 18 28 17 9 44 39 34 43 28 16 39 11 12 19 17 35 11 31 10 25 40 17 33 29 4 10 32 16 36 40 40 50 18 22 29 29 27 26 27 40 26 39 25 31 4 46 27 13 15 10 33
0 23 18 39 26 0 35 7 27 27 11 26 23 31 30 8 35 7 33 31 21 37 29 13 34 9 32 38 6 14 33 32 0 27 25 48 33 34 34 18 20 5 9 32 39 27 33 6 31 27 22 37 13 22 38 23 24 38 18 49 17 29 36 18 34 22 31 13 12 34 34 21 33 22 16 24 25 18 4 30 40 20 44 18 30 37 17 1 12 48 6 40 12 37 35 24 33 36 28 16 31
0 21 18 16 19 31 0 10 7 13 18 20 23 36 9 21 26 31 22 19 36 33 23 14 33 19 16 25 28 30 11 25 25 22 17 29 35 15 37 12 14 7 25 35 26 39 23 35 33 27 10 19 29 28 31 29 44 15 7 29 22 33 27 6 31 7 10 27 40 41 22 29 21 23 33 17 29 40 10 15 4 20 25 41 13 45 33 30 20 30 33 26 13 11 36 5 19 12 23 39 24
0 40 23 18 27 34 28 0 29 20 28 42 24 30 30 2 13 33 30 27 24 23 24 13 21 19 30 44 33 26 40 13 16 4 32 27 29 38 10 18 7 13 29 31 14 27 7 23 24 38 20 47 21 19 29 22 35 34 29 37 35 21 39 23 33 21 27 38 39 34 21 28 17 5 19 10 17 17 40 3 29 20 10 17 34 15 37 27 40 33 28 33 4 10 31 29 31 33 17 31 23
0 40 23 20 6 28 7 35 0 27 20 35 12 30 14 22 39 37 17 40 22 23 19 42 34 37 27 36 36 31 18 20 23 23 44 38 36 31 23 19 7 25 25 21 32 13 19 37 40 25 8 24 19 39 21 8 22 8 22 24 22 3 34 18 15 43 11 19 32 36 11 40 24 37 37 21 24 12 30 2 28 23 44 40 29 5 33 12 14 19 36 24 14 30 19 50 31 26 23 33 24
0 34 42 17 20 39 18 28 19 0 24 31 18 27 25 30 28 47 13 24 38 26 23 17 32 34 39 4 34 25 15 34 7 29 24 25 40 26 17 19 10 48 14 4 34 32 42 13 16 23 36 13 4 31 43 18 7 41 36 14 13 36 2 32 26 38 5 25 17 36 30 36 36 14 16 19 41 34 21 2 21 13 17 15 38 24 43 41 25 1 28 21 9 5 47 27 18 10 19 28 44
0 24 27 21 44 22 35 41 38 29 0 12 12 2 22 11 40 48 20 29 20 18 19 33 26 34 31 30 38 31 19 48 25 24 13 4 48 34 32 22 30 23 2 42 13 40 18 28 27 32 15 28 21 29 17 23 30 22 32 25 31 26 35 6 43 10 33 26 30 0 13 35 26 27 27 33 27 19 27 22 3 18 33 23 12 11 33 28 37 33 17 7 22 36 43 11 22 36 35 12 38
0 23 16 25 28 13 19 46 27 36 3 0 20 35 30 16 24 19 30 15 12 15 12 28 1 30 45 37 31 16 17 21 29 12 42 37 22 38 29 13 46 26 17 22 38 30 1 22 46 19 43 24 33 9 44 9 39 40 26 18 43 21 11 15 32 11 33 28 18 38 44 23 31 20 20 21 32 26 30 14 26 12 33 9 32 23 38 49 9 28 16 22 24 24 41 7 49 30 28 25 33
0 26 22 39 38 18 37 40 27 45 29 34 0 14 46 20 19 5 20 9 10 43 37 32 23 21 25 17 43 45 15 23 15 41 26 29 9 18 43 37 31 24 36 29 47 38 9 21 29 39 24 10 14 31 5 31 11 33 16 26 26 46 30 35 31 35 28 42 49 38 22 31 19 22 5 17 8 10 28 23 45 26 28 13 24 42 34 38 16 24 10 21 11 5 30 35 40 42 48 28 15
0 36 20 13 30 31 28 18 4 34 20 23 43 0 11 14 30 40 30 32 46 40 48 33 19 17 17 32 44 8 14 38 12 13 38 39 25 6 29 27 45 16 17 14 24 11 24 31 32 40 28 13 27 30 43 30 35 18 29 26 14 24 23 16 21 17 41 7 47 15 45 26 11 48 23 32 19 30 28 38 13 34 29 42 18 34 11 23 12 18 42 16 20 5 22 34 32 29 10 25 8
0 38 26 43 31 28 9 10 41 16 22 26 4 24 0 19 3 38 12 23 17 14 21 36 6 19 16 9 31 13 9 34 17 38 4 36 29 35 31 28 28 15 26 47 21 32 43 15 24 42 23 25 25 48 32 20 26 34 25 20 12 26 27 42 14 32 28 15 39 9 3 29 34 37 26 19 35 14 25 44 16 16 22 39 8 29 17 39 34 34 41 34 28 28 22 16 20 28 27 30 24
0 24 27 4 40 16 45 48 29 20 31 1 24 1 26 0 42 23 33 31 38 23 27 13 10 28 10 24 29 31 8 43 29 49 39 37 8 1 39 16 25 14 28 48 22 10 38 17 23 44 16 34 45 10 44 45 23 29 33 44 36 19 33 22 28 40 19 21 11 24 36 18 29 43 15 9 48 42 4 20 14 44 39 40 13 17 23 20 5 32 28 25 15 15 38 20 16 38 43 30 31
0 9 28 30 21 19 31 28 30 42 33 28 34 31 40 7 0 30 24 6 43 19 6 41 26 27 31 29 10 13 39 42 19 23 26 46 41 35 21 31 36 24 35 20 27 35 17 16 41 26 24 25 27 27 16 20 36 18 6 45 20 13 20 8 16 36 41 19 33 27 36 30 11 30 15 20 20 24 40 9 30 26 40 21 31 18 8 22 32 29 35 37 9 29 42 23 24 30 15 41 47
0 16 13 22 19 36 22 13 16 24 26 13 33 33 22 44 20 0 27 17 4 31 5 13 15 49 47 18 13 40 22 20 23 8 27 32 17 31 32 24 25 39 26 22 28 25 50 14 34 20 35 15 39 22 37 48 16 11 49 18 22 11 20 27 39 25 19 9 26 19 34 22 16 38 17 20 18 16 34 23 29 31 38 9 5 26 26 2 38 37 26 27 21 15 41 43 22 32 20 28 34
0 5 24 35 22 46 38 15 31 37 28 40 43 39 18 21 43 3 0 32 17 28 20 21 30 13 43 47 1 14 35 9 28 21 12 23 32 17 31 23 41 37 42 28 19 23 7 8 23 31 36 14 29 19 22 41 36 29 21 26 20 21 21 35 20 22 35 9 10 23 33 16 35 34 23 22 28 39 28 38 12 42 17 16 16 30 10 14 6 17 18 45 24 27 28 28 23 4 23 22 25
0 18 21 29 10 29 32 20 18 23 14 16 18 27 18 8 16 20 29 0 20 44 29 25 38 31 47 18 27 7 24 8 17 38 12 20 16 7 14 24 29 19 26 39 22 44 23 34 36 20 26 38 29 31 42 33 28 49 12 30 19 27 26 12 46 8 19 18 28 28 35 28 15 4 40 14 26 32 37 15 18 21 33 35 19 41 19 45 27 16 24 30 18 37 14 46 5 14 9 22 1
0 31 24 21 28 42 25 35 12 35 37 32 2 36 11 25 20 20 31 16 0 30 41 29 31 13 27 32 47 30 25 21 18 39 33 30 26 21 36 14 44 46 17 22 33 13 27 43 9 15 12 17 29 28 28 41 20 18 16 24 26 9 23 18 10 21 36 8 10 34 14 33 36 17 15 12 27 8 16 31 19 38 26 40 17 15 1 28 27 38 16 15 14 23 9 43 38 16 15 11 30
0 27 23 9 10 20 12 12 24 34 9 31 30 19 13 24 7 32 31 8 47 0 12 26 23 18 29 35 21 9 47 40 28 21 25 18 32 37 27 25 8 27 22 16 23 41 23 13 6 27 23 10 20 20 31 31 15 21 2 28 37 22 40 26 30 8 10 18 28 38 7 39 9 37 42 18 24 38 8 21 26 18 14 37 21 28 40 38 28 33 19 35 25 35 42 18 35 37 3 29 43
0 23 31 28 31 32 40 21 24 16 43 14 32 49 26 24 22 24 39 27 9 2 0 16 21 30 26 36 29 17 20 19 22 3 48 12 30 21 19 24 34 28 14 17 25 18 20 0 42 21 9 25 31 16 28 16 9 6 39 7 25 13 45 26 11 33 7 8 40 4 39 39 18 28 38 35 31 11 39 12 21 14 31 28 28 18 35 24 14 28 30 28 28 43 22 27 24 30 41 7 37
0 27 34 40 24 45 36 17 21 25 35 21 17 26 7 32 45 19 18 13 32 14 14 0 38 36 30 22 32 24 35 12 18 28 34 37 33 20 19 21 12 31 23 41 41 13 27 31 7 20 32 36 15 30 17 10 7 35 19 23 31 33 13 27 10 45 17 15 21 7 40 23 22 8 40 35 13 23 39 46 3 23 32 15 4 10 22 8 26 37 37 29 24 24 9 20 26 8 23 10 24
0 21 25 25 33 17 28 19 41 1 3 35 37 46 32 25 25 14 23 14 39 20 18 10 0 20 29 17 15 27 19 15 18 14 9 0 25 25 23 18 21 35 23 10 20 28 27 10 18 31 12 28 14 0 10 36 24 22 20 11 18 34 35 24 6 14 33 24 30 18 25 13 27 14 31 35 19 29 29 38 30 36 35 34 16 19 24 6 33 2 38 33 39 18 14 33 19 38 27 45 19
0 40 36 17 15 34 27 34 33 2 38 0 36 25 9 26 26 10 2 24 21 37 25 36 24 0 38 25 16 16 13 42 30 38 22 34 24 33 40 24 3 17 16 41 27 7 25 27 39 40 17 44 20 30 11 12 0 24 26 41 16 10 7 12 24 29 22 29 26 27 43 18 35 33 13 15 46 41 38 0 12 22 4 41 27 22 33 21 29 24 37 18 24 22 26 30 24 41 29 30 32
0 39 26 21 22 36 11 26 8 37 27 40 17 36 21 12 11 30 16 11 50 34 45 26 41 19 0 24 25 0 40 10 7 35 32 6 8 23 40 27 28 21 26 20 20 34 18 32 18 47 33 19 42 31 13 28 29 22 24 10 16 33 25 37 33 20 26 41 13 48 39 26 44 46 8 16 15 25 39 26 36 6 13 14 10 11 21 18 24 41 45 11 39 35 39 17 22 24 34 23 33
0 20 22 25 18 16 24 14 8 10 13 23 13 12 39 18 34 20 21 29 14 30 30 24 34 16 40 0 30 14 38 34 33 16 48 4 27 33 40 32 41 32 23 29 43 12 22 25 14 16 18 26 21 21 23 11 6 16 7 19 22 7 26 32 33 17 25 30 24 4 4 25 8 28 38 29 37 27 33 10 25 25 25 27 15 32 26 14 7 18 41 37 26 20 23 39 31 30 20 30 13
0 18 22 8 44 25 23 18 47 6 42 30 34 29 15 14 36 7 36 11 22 6 19 22 20 9 28 42 0 33 17 30 34 2 20 17 33 12 25 24 18 18 40 11 20 48 43 32 23 22 33 19 23 23 39 28 27 21 42 10 31 34 19 17 29 48 45 17 27 11 25 27 42 30 7 11 30 7 15 2 24 7 10 13 34 31 11 42 32 2 28 33 17 33 12 21 31 33 36 5 8
0 10 16 17 15 16 22 35 18 31 11 9 24 8 28 18 21 16 27 30 9 26 45 3 26 31 31 34 36 0 29 31 37 15 19 25 45 36 16 8 34 20 26 29 28 33 15 39 45 12 4 25 13 22 6 40 23 17 33 27 27 26 24 20 33 23 40 6 16 29 44 21 16 37 36 29 31 20 22 10 26 33 20 14 49 31 33 16 25 37 7 27 22 40 10 29 26 44 25 36 30
0 27 45 32 30 20 12 36 26 35 19 42 23 33 15 13 42 35 6 36 20 33 13 35 15 26 43 15 33 35 0 27 33 22 26 18 31 47 22 17 34 20 3 25 34 32 2 7 46 38 34 48 25 27 21 19 36 8 1 9 4 10 16 24 49 49 49 25 21 19 5 36 10 23 12 9 33 43 2 22 20 30 16 41 23 31 32 16 15 37 17 8 27 14 41 23 38 36 23 12 26
0 19 31 43 41 5 17 36 2 28 30 28 47 37 2 16 37 32 4 12 36 28 40 41 23 15 22 18 20 22 20 0 7 42 37 23 18 16 9 35 30 25 13 24 5 21 17 12 24 45 20 4 26 8 36 18 15 19 24 13 36 9 32 36 26 18 29 19 41 29 7 36 40 41 37 29 17 40 33 31 27 27 31 9 35 34 12 32 21 41 22 8 10 45 38 6 45 32 17 18 35
0 14 23 10 31 28 40 38 39 29 14 28 37 42 29 36 25 3 29 24 6 18 7 24 40 15 50 9 14 24 32 16 0 8 39 19 6 34 33 33 23 20 5 49 17 39 9 42 24 37 43 17 43 31 20 27 22 11 13 28 25 22 41 32 22 0 30 29 29 10 10 25 32 29 34 18 15 30 35 5 20 35 1 30 25 37 31 14 14 15 23 34 20 42 34 45 13 24 12 32 30
0 24 13 8 27 33 25 14 49 39 46 47 18 28 40 12 16 27 18 25 38 45 31 11 31 7 18 13 40 25 18 24 19 0 15 13 29 20 35 31 18 19 19 15 23 29 23 34 26 25 36 12 19 30 30 41 24 40 24 30 27 13 49 26 25 31 25 14 19 32 23 29 16 24 27 1 26 16 15 3 27 8 23 30 22 34 23 24 15 26 18 20 33 38 12 12 18 31 49 43 27
0 15 37 45 23 17 34 15 19 25 9 31 23 8 10 16 25 26 17 29 30 34 25 30 33 16 15 34 10 18 18 50 20 30 0 30 27 17 12 25 34 46 3 31 20 21 11 41 30 46 34 37 26 19 25 31 25 6 28 15 27 34 0 26 6 18 26 11 24 28 28 33 25 24 34 17 23 27 32 12 48 35 36 45 27 32 11 41 5 31 32 29 46 36 23 23 3 48 35 41 24
0 3 18 17 16 27 31 30 26 29 2 5 15 9 11 24 13 22 23 13 38 25 10 29 13 19 17 46 26 26 43 9 3 3 19 0 3 33 40 17 11 19 33 40 27 13 3 36 10 46 39 17 22 31 11 40 28 45 47 21 35 26 22 12 43 34 13 33 7 23 17 21 27 34 26 26 18 19 37 33 31 22 28 25 8 46 19 15 19 15 17 11 25 49 33 24 28 45 25 32 10
0 21 37 28 32 33 14 12 30 33 7 3 34 34 25 16 27 23 39 24 26 35 30 23 23 31 41 25 13 42 30 18 34 10 20 10 0 45 20 21 19 37 9 23 19 14 18 27 20 20 31 28 14 23 18 29 18 17 27 13 48 15 38 31 11 33 38 26 15 39 10 16 12 19 6 32 30 25 43 22 7 20 35 21 24 47 22 13 19 42 45 19 47 18 3 31 24 19 21 27 29
0 25 7 26 14 14 14 12 6 21 24 32 35 20 36 26 24 28 26 35 30 38 19 17 30 41 38 8 0 38 13 10 37 20 42 42 11 0 24 32 25 11 12 24 20 27 29 26 23 35 23 26 9 19 23 33 29 35 43 5 13 10 15 32 35 43 28 24 30 14 37 42 24 35 33 16 15 29 16 39 31 29 19 17 13 30 25 20 23 20 26 24 14 14 22 49 4 27 26 19 15
0 11 13 29 12 14 12 27 37 28 48 30 8 20 30 34 24 14 22 29 35 37 40 36 46 26 37 8 33 31 8 23 35 15 35 29 44 24 0 22 12 32 24 16 24 19 25 22 26 1 31 13 26 28 33 36 27 17 34 6 7 35 42 17 23 21 37 17 23 21 41 31 20 26 23 35 26 35 14 19 33 22 29 30 40 10 26 8 29 11 21 36 18 30 22 33 24 17 4 18 36
0 46 19 22 23 25 22 37 9 23 37 41 24 45 30 20 11 25 10 16 40 23 30 27 20 37 13 18 33 16 47 37 38 3 16 16 41 24 38 0 37 27 39 16 34 23 31 41 23 18 29 40 35 34 38 4 29 18 12 28 27 14 6 20 21 14 24 31 8 17 41 28 30 20 43 32 24 24 46 34 13 35 8 24 19 35 32 12 30 19 21 36 36 29 24 23 45 8 16 1 18
0 14 13 29 7 3 6 48 15 26 25 19 23 7 23 5 17 7 37 11 29 20 41 42 25 33 6 47 35 40 14 17 1 11 34 9 9 12 36 16 0 33 12 23 34 35 12 45 21 12 10 17 19 23 26 12 8 40 29 25 29 18 24 18 26 41 20 35 23 39 3 18 35 18 18 25 14 19 22 32 10 8 14 15 33 20 23 35 39 23 24 21 12 32 31 28 21 39 17 29 19
0 3 47 20 10 24 14 47 28 8 39 20 29 31 34 17 26 22 4 0 37 8 12 35 18 28 31 18 17 21 26 39 12 8 27 24 11 44 32 16 22 0 29 37 21 33 34 30 37 36 31 10 24 20 38 23 43 18 48 42 28 30 39 12 27 31 29 16 33 27 6 16 17 8 19 18 17 20 13 18 19 42 25 23 20 30 15 31 11 17 13 12 24 28 25 19 32 33 34 34 7
0 37 23 17 34 19 23 20 30 14 17 30 22 12 2 29 26 35 22 31 34 43 33 36 22 12 32 35 19 25 25 38 11 23 25 23 36 2 18 10 22 25 0 31 18 22 26 27 29 17 5 17 31 32 32 39 27 15 40 7 22 37 23 39 24 24 14 18 16 28 35 31 31 24 31 22 8 13 14 16 44 37 48 23 26 20 22 26 38 44 24 38 11 17 29 33 18 37 38 21 19
0 33 10 28 26 34 35 9 13 41 20 30 36 29 33 24 20 22 36 15 29 36 39 38 4 3 10 19 29 42 10 21 25 18 32 25 29 9 36 8 31 48 31 0 31 17 39 26 14 44 40 35 11 29 27 24 7 34 24 5 14 21 10 43 33 35 15 21 15 41 34 22 15 23 45 5 10 47 12 39 13 11 31 32 16 25 35 24 14 6 22 8 33 16 4 26 41 34 23 11 37
0 32 5 34 33 25 22 33 34 34 20 26 35 25 7 39 39 42 26 45 23 19 22 14 12 21 2 37 15 36 18 48 7 38 40 19 12 38 27 24 33 22 1 35 0 37 33 16 8 23 39 15 11 28 44 37 39 21 42 38 9 33 21 32 46 24 10 3 35 12 19 24 23 15 34 25 22 20 45 27 20 21 27 22 6 13 10 48 32 22 3 14 30 39 20 27 15 7 25 27 24
0 34 4 43 22 20 3 18 27 10 24 30 19 42 17 8 23 19 22 37 20 28 19 21 42 32 14 38 25 15 25 19 17 4 38 35 24 30 35 36 32 7 15 29 5 0 28 2 41 18 25 0 18 30 35 25 33 17 15 36 16 9 42 26 1 26 34 38 11 17 14 25 35 17 22 42 31 25 0 44 11 35 21 15 23 21 37 17 29 28 12 23 21 18 22 18 29 14 31 24 16
0 25 11 15 30 8 40 30 33 31 26 10 4 26 2 28 27 8 11 35 16 18 22 48 11 30 16 17 16 12 30 32 36 18 1 26 4 24 29 29 24 22 27 7 30 19 0 33 32 23 18 13 15 23 37 2 24 15 18 34 21 18 18 8 18 33 31 28 28 24 31 19 18 29 28 29 39 13 6 16 17 28 33 31 28 35 19 20 44 19 16 35 46 47 34 11 18 22 26 18 34
0 27 27 15 9 23 7 18 27 17 47 10 24 7 17 17 21 19 21 45 33 41 15 30 23 22 30 49 20 26 23 25 28 21 23 42 15 23 22 30 32 25 21 22 42 46 31 0 16 34 23 26 48 23 20 25 44 20 37 31 19 29 28 10 19 0 46 2 19 9 39 13 11 19 30 17 29 17 15 23 29 22 15 14 26 47 23 15 22 42 11 13 23 15 12 12 22 38 16 34 37
0 44 24 39 19 22 25 8 26 5 11 15 21 42 28 26 34 34 39 31 17 23 21 33 35 24 31 43 33 5 11 43 28 24 19 18 31 18 31 26 27 15 32 21 19 33 20 23 0 20 9 19 18 10 38 8 3 27 32 15 37 45 23 35 27 30 17 28 39 20 31 30 3 25 46 35 18 38 34 22 13 23 34 30 25 26 25 27 31 44 45 34 24 33 23 38 14 35 29 41 37
0 23 19 48 32 13 26 2 18 17 36 16 1 22 28 8 12 29 9 40 8 17 22 20 34 38 31 30 5 21 35 20 30 31 32 24 32 18 19 44 12 25 26 33 32 34 34 14 28 0 14 31 39 25 39 44 28 19 21 21 15 10 46 14 12 16 27 20 35 28 11 13 14 17 34 27 27 30 26 17 21 33 12 17 24 16 16 17 27 16 13 10 19 29 20 49 23 42 7 17 11
0 27 9 18 25 27 30 17 28 39 28 11 36 14 35 42 21 19 39 29 17 25 15 15 25 27 21 15 17 8 24 11 17 25 35 14 17 26 36 17 24 18 29 27 19 2 12 23 17 32 0 23 26 34 21 36 9 2 38 34 22 21 26 14 28 16 2 10 35 15 17 11 7 23 29 31 37 17 9 31 31 31 18 48 30 25 24 27 17 36 29 42 38 20 14 25 17 36 27 27 32
0 46 30 27 22 6 22 44 25 45 35 34 30 35 40 21 38 18 17 25 26 29 33 27 26 17 7 41 31 15 4 14 18 34 23 32 1 36 28 43 33 21 41 31 6 30 37 21 11 21 38 0 33 25 18 28 35 9 33 11 33 29 25 27 14 48 16 41 27 33 15 35 39 3 22 30 24 48 32 17 22 37 28 34 35 36 18 17 41 26 41 42 14 15 16 25 13 27 14 28 24
0 22 27 25 46 38 33 20 24 30 39 29 20 25 14 34 28 30 12 33 13 22 15 42 32 42 43 22 7 1 15 22 17 1 24 15 43 17 14 37 13 14 18 40 33 29 29 23 13 38 28 33 0 40 26 24 22 38 28 36 24 15 38 1 23 24 43 20 38 13 20 29 13 23 24 38 34 24 43 9 30 15 16 19 24 46 8 33 26 4 33 32 35 33 36 20 10 23 17 45 20
0 36 13 42 30 35 28 35 39 10 26 15 25 33 14 18 20 36 37 28 21 37 13 25 38 39 20 27 35 30 42 26 41 17 30 29 35 21 25 26 20 34 23 6 17 32 17 16 32 21 18 27 31 0 30 35 26 34 11 31 23 17 14 23 28 5 31 22 25 5 22 7 39 25 20 41 23 13 45 34 34 36 38 29 19 28 35 25 41 9 21 41 34 9 25 35 29 48 31 23 16
0 17 39 28 11 21 18 21 7 6 41 41 24 25 21 20 32 10 27 5 28 34 3 33 24 12 39 37 24 26 3 12 4 8 43 32 28 37 28 25 24 19 21 17 20 31 12 12 26 10 15 19 20 26 0 39 37 28 45 35 49 28 32 24 21 22 41 15 19 6 23 27 8 38 26 33 16 17 4 15 40 49 3 12 10 28 33 15 8 17 9 32 35 25 6 9 19 28 15 17 30
0 30 36 35 22 14 37 36 10 41 27 15 31 11 23 48 7 15 19 22 24 18 38 15 19 31 22 34 26 24 24 14 33 38 37 10 41 24 39 37 10 36 38 19 30 14 38 30 21 26 19 36 34 15 13 0 30 27 10 11 31 19 25 10 32 44 9 45 14 30 33 30 45 33 35 49 27 29 26 15 44 7 36 38 28 42 35 41 24 35 46 41 23 31 24 13 32 26 34 19 17
0 22 21 15 24 36 26 35 23 25 5 20 30 40 37 38 12 29 45 33 24 34 12 23 28 28 22 24 27 23 25 38 22 11 41 18 33 14 24 25 20 46 23 45 41 14 33 0 39 47 14 16 15 36 13 21 0 38 1 12 16 21 5 41 21 27 20 13 11 31 34 22 32 27 30 25 35 33 35 12 18 8 23 29 3 20 17 22 30 21 29 41 35 12 21 27 27 29 45 5 25
0 4 32 14 13 14 18 18 13 27 10 9 32 7 42 39 33 24 15 14 28 37 36 23 38 19 18 30 33 35 33 37 28 24 30 12 27 23 25 30 23 3 25 38 14 50 29 29 10 23 26 33 15 37 35 37 10 0 22 44 2 11 22 24 26 31 18 33 36 43 47 16 35 24 29 49 36 28 18 35 29 20 35 34 26 6 22 36 18 20 8 26 31 39 3 13 41 26 37 38 28
0 9 29 28 22 39 32 5 35 16 11 36 24 33 38 8 42 21 22 29 22 45 22 18 23 21 42 29 27 7 27 15 44 9 7 8 28 10 27 40 11 8 8 31 40 32 40 21 14 31 12 10 22 7 39 5 23 39 0 31 29 19 28 22 32 22 16 35 17 36 35 15 32 10 29 47 24 28 15 10 36 36 25 40 26 11 22 21 38 16 11 26 16 26 8 26 29 44 14 17 9
0 19 28 15 10 18 31 37 16 34 38 18 37 11 1 24 15 36 19 19 22 49 28 19 20 27 30 26 20 39 21 22 23 24 42 34 47 16 49 27 24 42 38 9 48 42 35 24 30 21 29 9 15 27 11 13 47 3 46 0 27 35 33 37 32 29 22 37 20 26 29 32 2 30 35 17 5 15 32 20 6 34 24 15 30 22 18 15 37 37 33 23 21 21 9 33 16 39 23 21 30
0 11 25 33 42 36 28 6 33 29 12 3 11 17 2 33 16 16 30 31 9 15 25 43 15 23 7 26 31 10 45 22 11 28 28 6 26 8 8 27 18 12 47 26 29 35 29 18 32 32 35 24 28 31 24 37 10 24 5 22 0 9 33 44 36 38 21 32 12 35 26 33 26 9 26 27 29 25 20 32 47 31 21 20 41 43 30 23 23 38 35 19 21 24 24 35 33 29 20 48 13
0 22 21 22 16 14 37 29 21 27 27 9 41 4 30 38 5 29 30 31 23 15 28 26 19 36 29 16 9 32 23 34 26 17 32 36 50 6 17 24 26 20 14 30 15 24 19 9 29 21 30 32 38 18 31 16 25 6 17 33 22 0 22 20 40 26 41 42 49 19 10 6 24 35 5 35 43 15 44 33 29 23 39 8 49 32 30 9 5 39 16 41 7 18 12 11 32 6 44 8 16
0 24 39 45 16 20 48 32 50 45 3 27 34 27 12 9 30 34 14 15 32 24 8 37 30 26 28 3 17 30 26 37 22 8 5 39 36 36 18 18 36 35 22 33 32 14 25 16 24 30 32 24 11 12 28 38 35 40 24 30 32 26 0 8 18 40 26 23 32 44 17 19 38 35 29 12 24 15 46 33 38 23 25 26 15 14 13 21 26 20 26 17 24 33 22 30 31 38 33 15 21
0 39 34 0 36 19 11 22 21 33 25 49 32 4 22 23 12 39 48 21 28 14 21 25 24 39 3 31 30 36 13 48 37 11 34 13 21 4 34 8 44 27 6 23 7 47 13 37 24 26 27 23 20 33 37 20 28 26 12 5 26 26 45 0 43 22 45 24 34 31 11 16 22 30 23 41 14 19 21 41 26 22 23 13 21 8 32 33 26 16 28 45 25 27 36 2 42 23 10 27 21
0 32 26 18 19 45 19 33 10 23 6 25 19 14 33 16 22 8 14 22 21 15 19 25 38 17 28 22 30 7 19 11 20 31 12 36 25 17 37 6 14 17 6 28 28 22 18 7 19 13 40 14 29 29 22 10 33 18 38 34 48 19 20 25 0 49 26 34 28 41 22 29 11 33 22 24 9 39 35 36 32 33 29 31 15 18 33 28 26 13 19 31 13 13 13 32 22 16 18 30 31
0 20 27 23 30 36 24 20 19 30 19 14 5 19 27 34 13 18 27 31 30 19 21 15 24 24 4 1 33 9 48 32 25 19 19 16 42 40 34 34 32 13 27 18 25 8 31 36 17 14 38 22 14 28 26 27 39 21 15 23 10 23 35 14 44 0 19 15 20 14 14 40 15 24 24 40 13 26 11 37 9 40 4 29 23 26 16 21 37 42 21 12 19 48 35 38 26 30 30 12 22
0 26 34 40 21 21 37 15 20 19 9 25 38 20 24 38 7 30 31 12 12 12 26 6 34 24 38 13 8 35 25 32 29 14 24 46 26 22 28 32 5 22 13 17 32 28 34 30 15 41 36 24 15 15 32 21 27 43 41 20 34 13 20 10 37 36 0 28 37 18 4 30 7 30 29 6 33 33 29 17 34 23 35 12 26 6 45 26 14 16 10 30 34 26 46 24 41 13 24 36 25
0 35 8 38 16 11 8 18 33 23 24 19 6 11 13 18 5 23 17 36 23 27 9 13 41 32 9 24 9 28 12 26 18 40 11 21 22 25 37 37 24 14 9 7 41 16 39 13 32 16 37 18 21 33 31 25 28 38 14 36 20 15 13 31 37 30 19 0 31 7 27 24 9 12 40 20 27 29 5 30 15 13 37 37 22 49 28 19 30 24 48 22 23 7 15 37 17 14 14 20 24
0 24 26 35 14 7 23 36 26 33 32 16 20 31 40 41 12 38 19 41 23 35 29 32 14 18 1 39 34 29 14 33 17 36 25 17 27 49 4 25 6 28 36 37 24 34 28 20 42 18 4 11 37 25 44 25 22 23 39 9 31 23 47 21 27 15 46 35 0 20 21 25 19 1 15 10 32 27 21 25 23 38 37 16 31 25 28 30 22 22 19 33 25 6 10 33 20 33 34 37 17
0 20 20 25 8 34 14 28 33 29 11 27 38 28 45 42 26 26 18 19 18 38 15 30 39 28 15 27 7 21 18 28 32 20 10 15 19 32 11 20 38 24 26 40 35 26 34 13 26 39 5 36 45 36 28 36 14 35 30 12 26 11 43 34 36 25 15 44 20 0 16 42 30 36 12 30 34 40 7 26 30 30 21 27 19 21 37 18 38 13 31 31 13 45 27 36 29 44 11 35 20
0 16 30 2 16 1 21 13 23 14 37 29 15 10 17 37 36 31 7 35 32 37 30 10 23 25 27 28 4 36 25 34 26 25 35 26 10 47 35 21 16 25 16 32 36 47 0 17 22 31 6 26 26 41 3 26 22 47 20 19 21 40 18 25 7 17 31 35 4 12 0 34 16 12 22 36 21 33 32 13 18 19 20 18 10 35 9 3 23 25 12 20 17 13 36 26 31 25 31 40 32
0 31 22 30 14 15 18 20 32 38 32 50 44 27 29 31 1 38 28 37 36 40 24 29 13 33 20 32 46 24 11 18 11 33 6 10 30 17 21 24 37 38 38 45 36 7 47 20 27 28 24 32 23 22 16 25 23 19 25 21 17 16 38 18 19 21 28 40 34 23 14 0 27 23 4 17 14 11 35 17 13 1 18 21 49 24 16 31 33 33 39 21 35 26 27 26 8 32 3 30 21
0 27 13 21 6 44 22 25 33 32 37 24 19 9 28 23 40 31 42 26 33 4 18 25 29 24 30 32 7 35 23 42 32 9 8 44 42 26 40 35 33 13 28 28 19 43 18 38 29 33 23 23 15 34 28 37 18 14 32 32 18 28 33 35 23 9 30 17 24 34 19 47 0 38 29 4 31 47 26 44 31 27 37 27 33 8 32 9 35 32 30 42 4 47 37 9 30 10 43 14 25
0 22 18 31 50 24 1 18 20 8 16 26 26 22 27 30 29 17 29 19 12 12 39 31 40 24 34 22 20 33 28 32 16 34 11 14 24 35 28 26 11 43 5 30 23 39 43 36 16 35 7 18 42 21 26 25 25 13 9 29 21 42 34 17 14 12 38 23 40 21 32 10 38 0 19 6 23 29 27 27 11 42 17 11 36 37 14 21 35 26 25 26 17 37 40 18 29 20 24 28 23
0 21 41 19 32 29 23 33 15 38 46 10 39 17 17 20 17 23 22 44 33 24 38 31 36 25 11 43 16 13 47 14 24 22 34 41 19 7 14 17 13 20 31 37 19 13 15 23 49 38 22 37 24 46 40 22 21 9 8 37 27 20 30 7 6 15 48 21 8 26 32 11 39 12 0 43 23 15 26 22 24 22 38 7 14 6 25 9 27 28 43 34 41 25 39 34 29 2 12 14 19
0 41 47 22 17 36 20 28 43 19 34 23 8 17 20 16 36 20 35 13 26 16 21 14 38 6 25 16 46 29 15 12 34 0 31 32 35 37 25 43 14 27 21 44 8 31 25 8 31 13 26 30 36 37 26 6 48 39 30 16 17 42 34 30 19 24 25 30 25 28 12 17 49 14 48 0 29 33 11 20 16 2 26 12 15 41 32 34 21 24 1 41 24 4 48 16 20 34 9 23 25
0 45 26 21 15 36 13 27 0 16 19 24 17 24 29 10 46 42 28 24 30 13 10 27 21 28 34 22 31 39 26 48 35 11 27 48 20 45 32 34 17 38 31 42 16 5 25 40 30 17 40 24 27 3 14 21 40 6 8 31 28 10 12 45 2 26 38 34 46 28 16 20 40 42 33 41 0 16 21 22 31 3 25 2 44 20 44 38 29 28 36 19 36 21 35 24 24 13 17 38 19
0 32 36 16 13 18 38 24 16 40 17 14 38 31 25 35 17 24 43 12 32 50 24 15 24 15 34 27 28 24 38 27 26 17 34 23 38 27 28 31 13 35 15 16 32 33 31 16 24 23 18 22 37 28 28 46 11 20 38 29 28 23 10 37 6 20 16 31 30 33 41 33 30 13 11 9 17 0 29 5 20 16 30 10 41 9 22 32 29 10 20 31 16 20 13 27 14 30 30 28 27
0 22 6 41 13 8 23 39 37 13 29 18 23 13 17 44 3 10 25 22 31 23 26 8 5 45 18 30 13 29 17 25 8 44 1 23 29 4 41 23 32 24 29 16 20 27 26 27 25 12 18 31 29 8 47 4 23 23 34 0 48 17 18 13 27 47 33 20 20 31 11 11 31 28 37 24 9 9 0 45 20 7 28 41 17 28 1 36 20 12 26 28 31 18 10 9 28 33 27 36 33
0 23 26 45 29 18 22 31 11 31 23 35 7 41 36 12 43 30 26 14 35 26 42 29 22 37 32 24 12 37 38 37 21 35 34 9 49 11 28 17 17 41 19 6 30 21 5 3 47 40 22 29 25 22 17 23 37 33 20 45 46 35 24 33 28 45 17 32 32 25 26 22 30 45 30 14 23 11 8 0 33 21 15 46 38 26 33 16 38 18 42 37 0 29 20 25 14 28 7 34 34
0 26 30 17 46 7 20 25 29 25 39 45 26 39 24 29 15 29 34 35 42 36 38 50 18 19 19 14 17 35 33 32 38 35 20 20 39 40 31 26 20 27 13 30 21 40 27 24 29 32 40 25 31 45 25 20 12 26 6 42 27 44 23 15 17 24 30 23 45 23 17 45 19 30 12 18 35 37 22 49 0 21 17 34 35 32 12 23 36 23 16 0 4 28 39 20 39 17 21 31 7
0 18 13 16 17 37 36 43 19 40 23 19 22 27 9 15 19 16 10 18 27 10 27 31 42 31 24 9 23 11 9 18 2 5 31 8 23 45 41 0 19 34 26 31 28 24 36 25 15 21 6 16 35 16 43 31 38 6 40 23 18 50 34 30 34 48 10 25 6 39 5 24 18 27 40 15 12 39 36 33 25 0 15 13 34 7 10 23 28 17 45 1 38 17 7 3 9 19 28 25 41
0 50 17 27 22 37 19 9 38 8 15 18 17 35 22 19 17 12 47 6 36 49 22 16 44 25 43 28 27 26 36 22 19 26 1 29 28 16 38 31 40 17 13 24 3 30 33 32 12 34 14 31 13 32 7 29 36 29 48 12 23 21 25 24 22 32 32 19 24 18 22 15 32 30 29 30 49 27 11 31 11 30 0 30 20 35 43 37 14 29 24 30 27 23 26 25 39 27 19 39 36
0 21 40 24 22 41 23 11 34 40 7 31 28 15 35 28 18 23 4 16 31 18 22 49 12 26 19 49 34 32 19 50 9 16 19 10 28 27 28 39 12 29 43 10 1 17 43 21 33 44 12 28 17 20 11 33 31 8 22 17 4 33 25 13 33 5 29 25 44 19 27 30 26 17 24 19 30 10 47 27 29 27 35 0 27 14 44 16 31 27 24 23 13 27 29 5 36 45 18 25 17
0 13 22 19 35 11 37 34 31 20 15 20 34 29 14 9 23 29 24 33 22 26 25 13 17 35 32 40 25 34 22 39 32 14 21 18 40 37 40 23 10 4 3 15 21 19 32 12 34 22 25 28 34 36 24 41 30 16 29 21 7 2 40 14 24 30 35 41 24 7 20 17 33 19 10 33 33 49 22 30 36 21 16 1 0 27 43 43 24 18 19 15 4 18 28 25 29 30 49 32 24
0 26 31 8 8 40 31 7 28 26 37 17 23 18 32 22 6 15 30 9 32 29 46 21 37 31 11 38 29 12 15 28 15 42 17 30 11 12 41 27 33 25 23 30 22 28 19 34 32 43 32 44 23 29 30 14 30 37 10 22 31 34 15 38 26 11 10 20 27 40 34 23 34 44 14 7 0 34 18 14 0 41 21 43 17 0 43 21 29 8 34 25 12 19 32 14 50 34 25 27 36
0 42 48 32 36 24 26 26 33 9 9 21 41 43 37 29 35 40 7 39 13 12 29 38 23 31 6 36 24 27 14 40 9 26 18 37 19 36 24 35 30 25 25 46 11 42 37 46 35 6 16 18 19 46 15 28 42 27 21 15 17 23 22 42 4 19 25 16 24 12 30 16 47 40 29 46 5 47 33 29 24 12 37 31 12 26 0 17 37 41 2 33 17 27 42 20 20 46 25 29 19
0 23 30 31 31 7 40 30 23 11 17 35 18 23 33 19 30 35 24 3 43 22 24 28 31 2 16 13 29 34 21 24 20 34 12 12 14 40 21 24 28 23 26 8 37 16 8 35 19 15 15 35 23 19 28 3 24 19 40 12 28 34 25 28 29 19 14 25 25 22 38 38 36 40 41 7 14 34 27 39 8 17 5 27 39 15 33 0 37 5 34 28 26 30 24 48 29 18 43 15 15
0 19 32 18 24 9 15 24 34 33 27 27 3 32 22 42 28 20 23 7 26 15 21 8 19 38 26 23 14 41 44 30 34 48 40 26 29 31 35 32 10 18 13 25 32 12 32 21 30 24 32 26 23 29 27 43 17 25 40 3 40 37 26 15 26 17 13 27 10 40 18 21 23 16 31 27 13 17 32 17 27 29 23 38 25 29 29 27 0 46 49 23 8 35 16 27 19 36 32 23 49
0 22 16 17 17 30 38 20 12 12 4 12 8 23 15 22 28 11 22 37 38 7 29 39 31 33 26 47 15 15 34 47 13 12 9 25 29 31 19 23 11 20 38 42 28 11 37 26 16 45 31 23 24 26 20 8 18 38 27 7 46 2 18 21 18 25 22 3 14 30 23 24 26 29 14 32 23 9 24 24 24 35 24 34 47 42 6 29 29 0 16 32 20 15 29 25 48 36 8 37 23
0 21 25 43 39 15 49 3 38 24 38 16 32 18 28 15 37 47 33 35 32 13 33 23 21 17 26 21 25 23 17 34 26 33 8 17 34 23 38 41 12 22 23 25 43 25 17 29 39 48 10 5 20 38 25 19 25 10 43 30 35 45 32 3 9 15 12 26 21 26 32 16 17 41 11 34 7 18 1 13 38 13 15 44 34 22 15 27 30 33 0 32 26 24 11 14 28 7 8 50 33
0 26 8 43 11 38 48 19 27 46 16 5 24 40 38 35 8 26 15 18 21 17 18 25 22 29 25 22 15 26 28 26 22 39 50 37 37 33 38 34 27 29 26 32 33 19 30 9 21 30 17 46 36 25 22 22 36 45 22 39 34 5 18 35 27 28 46 29 18 39 45 23 27 44 21 24 29 43 31 29 20 12 25 35 45 17 28 25 10 19 34 0 42 48 30 45 9 37 26 20 28
0 32 27 41 30 18 25 13 25 20 36 28 31 37 42 9 27 39 18 17 31 32 31 35 18 21 19 34 20 36 34 20 30 19 14 24 29 31 34 23 26 15 33 38 28 29 7 33 19 32 13 31 9 19 38 28 0 7 10 18 25 23 1 38 24 44 20 49 6 21 23 14 34 18 26 8 32 29 18 16 10 28 33 6 15 15 11 30 40 14 40 6 0 22 22 16 15 30 15 20 14
0 16 23 31 20 39 18 46 48 21 34 49 32 19 46 30 27 34 37 27 35 34 19 29 34 4 37 28 21 16 27 12 8 25 25 33 12 4 38 22 35 28 30 23 23 45 27 1 20 30 31 14 15 27 2 1 10 5 32 24 33 15 41 21 33 32 19 44 37 27 21 42 15 18 26 2 9 24 16 12 46 48 12 32 27 24 34 35 13 26 26 36 40 0 20 20 12 19 33 19 21
0 36 11 25 11 20 17 28 13 40 47 25 16 25 10 48 28 22 28 21 9 23 41 40 36 15 23 40 23 22 27 36 25 39 41 3 17 42 15 9 21 34 16 12 39 43 18 47 30 20 44 36 21 35 29 25 5 11 12 30 10 26 32 33 16 45 32 43 47 30 5 46 30 30 5 5 29 25 31 19 12 38 41 49 24 21 21 27 17 34 24 40 9 32 0 30 38 26 14 30 30
0 0 27 18 13 19 27 15 32 32 42 19 46 24 20 19 31 17 46 27 23 15 44 22 28 19 27 23 23 37 34 30 16 2 44 3 28 22 17 27 2 25 22 15 17 37 35 42 42 36 13 26 20 8 13 20 15 18 34 25 16 36 31 11 26 21 34 44 19 17 21 14 36 42 11 28 34 35 18 18 28 27 25 14 11 32 46 6 32 29 20 43 9 27 21 0 32 11 9 25 24
0 13 30 19 24 23 25 4 15 1 23 28 5 17 20 34 23 30 14 17 27 12 14 23 31 21 23 13 42 38 14 41 32 33 37 24 28 22 9 31 18 31 16 22 38 33 34 35 13 23 24 1 25 37 16 26 20 18 6 1 34 13 30 16 19 15 44 37 17 27 13 38 15 37 28 18 41 40 21 4 22 19 20 27 0 8 26 43 9 45 48 7 18 10 19 28 0 20 39 15 37
0 33 30 25 37 9 49 23 40 39 38 25 16 25 17 13 33 20 26 24 31 17 9 40 11 25 25 10 9 5 24 22 29 26 25 10 23 32 19 15 34 41 16 24 30 15 9 20 17 44 21 22 12 0 32 35 47 40 33 22 24 13 15 36 30 33 27 10 23 43 16 25 21 27 33 37 29 49 11 39 15 9 26 25 13 30 7 24 28 14 33 19 10 24 24 31 26 0 21 31 26
0 11 33 33 27 12 25 22 40 32 25 14 6 29 45 19 28 49 33 32 18 23 20 30 16 24 24 13 17 27 27 11 30 28 22 49 37 29 30 15 30 18 18 24 21 28 31 23 28 15 28 24 26 29 43 47 3 32 10 16 28 25 10 27 38 27 32 13 20 18 13 22 23 19 5 20 24 30 41 50 10 27 5 17 29 34 34 25 25 34 48 34 41 34 19 25 27 21 0 42 19
0 37 14 4 18 25 20 36 30 21 22 27 21 40 26 18 44 28 8 36 23 25 33 15 22 35 13 36 19 39 31 28 7 25 35 31 14 31 29 25 22 11 36 44 6 13 23 24 14 26 35 14 18 19 18 19 9 42 38 7 21 20 30 27 5 40 32 20 12 23 21 32 27 34 25 35 27 39 36 7 5 16 27 42 41 37 13 22 9 23 48 18 15 47 24 26 16 47 14 0 28
0 44 7 30 29 14 50 29 35 21 31 18 27 8 13 36 21 31 35 32 40 25 5 8 35 48 8 26 26 32 24 29 2 11 13 40 21 37 43 26 43 37 9 41 27 4 28 9 24 28 28 18 15 28 46 16 25 13 31 19 34 14 18 43 22 21 37 42 29 50 13 9 35 37 39 29 24 22 25 32 49 42 46 29 12 27 30 10 5 41 44 14 23 34 42 7 18 2 30 31 0
