100 2
4 294 3 7
5 0 6 6
2 530 2 2
9 0 4 7
15 618 7 8
17 410 4 8
11 0 3 5
23 0 4 10
14 71 2 5
12 88 3 4
25 740 8 8
26 0 5 8
13 538 5 4
33 0 4 10
20 0 10 6
10 0 3 3
20 730 2 6
21 0 1 6
17 0 3 4
17 0 6 4
41 0 4 9
24 524 2 5
51 236 3 10
50 0 8 9
29 1 9 5
48 77 9 8
53 0 9 8
40 153 10 6
35 0 9 5
42 0 3 6
72 0 2 10
65 0 1 9
59 615 8 8
46 0 3 6
47 519 4 6
79 778 6 10
24 0 6 3
16 0 7 2
65 364 2 8
84 742 9 10
45 0 1 5
54 0 9 6
18 0 4 2
45 0 5 5
90 0 3 10
91 687 5 10
37 182 9 4
56 749 6 6
47 0 8 5
66 148 1 7
97 0 3 10
68 418 1 7
20 413 2 2
80 138 8 8
92 0 1 9
82 0 3 8
85 0 6 8
75 0 1 7
11 0 2 1
78 0 4 7
69 211 4 6
93 402 3 8
82 536 4 7
24 685 3 2
92 485 7 7
69 0 7 5
72 443 1 5
92 0 4 6
62 0 5 4
16 554 2 1
66 356 2 4
67 0 6 4
52 0 2 3
72 0 7 4
73 0 2 4
19 191 6 1
100 0 4 5
44 0 1 2
68 0 3 3
46 0 1 2
94 0 3 4
52 0 6 2
52 0 3 2
82 654 7 3
86 215 5 3
62 109 5 2
31 496 9 1
95 0 10 3
32 546 6 1
65 0 10 2
100 120 5 3
38 0 1 1
85 0 4 2
43 0 8 1
94 0 5 2
95 0 10 2
95 306 6 2
97 0 5 2
71 0 5 1
99 284 3 1
SETUP
0 19 4 28 41 13 41 27 40 42 29 19 44 33 21 17 18 27 47 44 23 19 23 10 48 5 13 33 20 20 7 26 43 5 36 14 35 16 19 22 28 7 24 38 19 38 29 28 27 39 26 9 42 32 31 42 5 5 21 7 28 36 31 24 32 13 43 32 16 24 45 11 9 41 5 17 36 18 17 32 23 46 42 15 51 2 34 19 40 17 22 48 8 38 15 36 47 44 10 28 29
0 0 15 30 44 35 24 29 10 4 23 32 6 37 32 3 32 34 20 31 26 12 46 19 32 27 28 28 27 23 28 17 17 45 22 46 7 25 20 43 15 17 46 10 19 21 13 12 30 15 28 23 32 17 24 24 33 25 34 12 10 29 18 35 19 20 22 45 44 32 18 48 11 44 28 46 32 17 19 31 24 6 21 23 2 25 10 43 15 9 26 29 38 31 23 17 26 28 43 28 28
0 43 0 34 45 19 33 19 33 5 29 15 25 41 25 15 26 9 42 36 27 13 33 32 11 39 14 42 43 37 31 21 52 34 4 28 26 39 40 16 21 13 14 27 22 13 30 23 9 24 29 11 21 13 4 30 6 49 10 44 29 1 24 27 37 50 15 29 11 13 40 41 33 49 45 16 26 33 26 21 25 31 15 20 27 28 13 23 44 22 33 38 46 19 36 43 21 1 24 49 28
0 25 38 0 50 44 17 15 31 23 26 40 46 44 42 14 13 38 42 26 26 36 14 42 10 21 40 35 22 48 22 6 20 13 26 34 27 17 44 48 35 12 27 26 24 20 21 51 29 14 15 15 13 17 15 30 26 20 33 24 28 19 38 38 13 23 21 11 42 42 45 3 31 35 15 19 28 14 33 48 3 42 32 19 35 22 29 8 25 25 37 32 12 16 51 50 19 12 40 12 21
0 9 26 26 0 18 38 28 12 27 35 29 25 37 9 19 31 29 7 27 16 53 37 27 23 29 27 30 35 43 40 35 27 31 9 36 31 25 12 34 27 30 45 18 42 42 5 22 12 52 40 11 7 31 22 33 26 14 18 29 26 26 13 40 18 14 45 5 25 31 30 11 7 25 41 16 5 14 13 47 14 16 23 36 10 37 21 20 41 28 8 49 48 52 24 26 22 33 8 19 27
0 19 13 16 10 0 32 19 36 25 34 37 20 24 30 18 7 17 36 30 11 26 33 10 9 4 30 24 19 16 18 47 2 45 43 7 42 14 38 20 12 24 28 7 17 27 33 36 22 16 5 11 17 34 39 13 25 33 30 27 38 13 29 6 46 42 24 21 14 31 17 17 39 14 31 12 31 29 40 9 30 34 14 28 5 17 31 36 26 31 31 36 33 42 38 20 28 19 42 31 23
0 28 53 21 45 22 0 19 26 13 31 24 47 21 40 15 26 44 32 31 43 21 20 31 48 25 23 5 12 8 30 25 26 27 9 20 37 32 36 45 21 14 19 32 44 16 21 29 37 45 7 36 15 38 29 16 35 20 31 3 44 6 31 31 21 30 6 27 30 26 24 36 10 25 9 15 22 28 31 33 34 19 39 33 43 40 27 8 25 30 25 31 15 20 12 43 44 41 10 26 34
0 26 25 14 34 22 21 0 21 30 28 20 26 11 47 28 31 22 33 14 33 11 20 14 20 36 27 46 11 10 10 22 15 10 52 27 38 38 49 31 45 23 41 42 4 33 7 30 41 26 33 27 40 24 29 37 28 42 48 15 15 19 40 14 31 29 18 29 26 20 41 23 15 23 28 31 10 28 9 37 30 25 25 39 32 29 26 35 3 30 41 27 13 31 46 30 30 23 30 44 2
0 34 22 21 25 15 43 51 0 21 40 30 26 22 38 29 14 9 7 22 4 41 25 10 5 21 36 36 13 20 39 51 21 23 38 23 27 29 18 29 23 48 14 36 28 10 12 16 36 33 25 21 44 28 31 33 17 28 39 29 25 18 52 18 15 25 17 22 10 0 31 31 12 34 17 15 17 2 31 41 25 13 36 39 32 32 19 9 50 25 34 2 32 22 32 34 40 27 26 14 22
0 24 10 35 31 38 29 25 29 0 19 20 27 23 29 29 31 25 22 35 39 24 34 38 16 41 34 32 30 38 21 22 22 21 34 35 34 14 30 44 24 21 23 35 36 38 15 3 31 20 42 38 49 25 48 15 39 22 14 22 12 12 26 32 37 35 12 22 29 42 3 37 44 14 23 19 28 36 1 34 39 27 37 12 36 29 21 1 32 33 15 21 38 4 33 18 17 12 19 17 30
0 14 31 41 17 20 38 5 27 34 0 18 48 14 23 52 1 28 33 29 1 10 10 46 50 37 35 17 38 19 24 21 26 27 25 29 31 49 25 30 24 22 43 19 25 35 17 17 20 11 36 23 48 32 20 40 29 31 7 8 33 38 17 28 23 10 20 39 3 22 21 24 33 35 18 5 14 29 40 35 26 47 28 27 39 1 27 33 30 26 37 9 7 13 13 18 44 23 18 18 28
0 17 29 42 4 28 17 33 19 28 28 0 13 28 20 24 20 50 17 17 28 41 31 26 13 29 30 45 8 6 11 46 8 16 14 39 31 40 39 25 10 22 19 44 11 6 43 19 22 48 40 32 35 27 16 15 32 2 38 19 9 20 36 28 40 34 23 32 26 19 35 49 30 37 14 24 34 50 11 20 29 35 36 32 28 34 28 21 31 42 27 13 10 22 25 17 32 22 30 49 14
0 19 32 34 15 21 33 27 50 48 30 12 0 29 19 23 48 38 26 32 44 18 20 30 28 23 39 23 30 28 39 27 11 34 21 32 36 7 4 26 18 23 35 24 20 23 43 5 39 17 32 23 13 12 10 9 19 1 23 25 13 20 7 36 30 24 15 21 35 19 52 29 27 29 28 27 35 32 30 26 39 29 51 30 27 15 31 31 27 6 31 25 19 33 9 21 19 37 30 15 34
0 36 14 11 40 36 23 34 21 38 43 25 18 0 35 16 13 17 32 48 26 41 13 37 15 38 15 29 21 37 46 4 29 15 12 24 39 36 26 44 41 20 28 52 32 12 45 32 36 32 41 19 19 42 29 14 14 44 20 46 19 17 19 24 35 40 48 27 3 22 23 35 20 28 46 24 34 7 37 12 24 37 26 38 12 26 28 2 41 16 21 28 33 22 28 18 29 18 5 38 28
0 18 23 23 14 24 34 13 26 27 21 26 12 35 0 13 38 17 23 29 19 19 38 11 22 35 19 33 21 34 38 5 31 24 34 49 32 17 27 12 39 21 14 2 20 22 34 33 46 20 18 53 19 19 20 29 5 24 20 13 41 33 26 22 24 40 38 26 28 31 17 41 12 16 51 37 39 10 38 29 16 25 5 10 39 19 15 27 18 44 35 49 24 37 25 10 37 45 20 39 37
0 38 47 49 28 19 20 17 43 7 26 31 45 24 7 0 34 39 41 17 19 23 40 28 33 17 20 15 24 31 14 4 27 22 29 27 38 0 24 30 20 21 38 20 26 18 17 30 24 38 1 26 14 44 21 33 8 4 25 38 37 18 22 34 38 27 24 41 8 30 28 38 38 7 43 21 24 26 9 7 49 7 30 22 17 30 22 50 32 14 39 33 30 43 15 19 30 23 48 32 16
0 43 13 26 25 20 20 42 35 26 9 29 20 23 50 46 0 29 8 35 28 37 27 31 25 2 5 7 38 42 22 34 37 4 26 22 27 24 31 19 21 15 44 36 22 24 29 3 4 20 27 16 13 46 42 18 23 5 29 47 7 34 16 39 25 23 28 25 25 43 15 31 20 18 30 34 2 31 35 20 10 23 46 47 37 28 27 4 14 30 19 18 15 13 26 7 14 31 25 17 19
0 40 18 9 20 38 3 43 21 25 31 20 28 13 10 15 4 0 38 46 22 17 9 8 23 27 25 25 22 50 41 23 34 35 22 41 18 26 30 16 33 19 16 30 11 34 25 15 40 13 32 25 29 44 9 22 17 24 37 39 40 40 29 41 31 12 27 24 20 36 13 33 17 40 43 22 36 47 36 32 26 3 32 29 27 43 32 6 45 31 41 30 23 11 30 4 19 37 20 19 43
0 50 32 18 43 23 31 9 25 35 0 37 34 21 28 35 28 9 0 18 17 15 28 25 38 12 24 24 49 10 16 25 33 9 28 29 4 29 40 28 42 35 16 34 5 21 28 1 26 21 38 24 23 30 29 7 48 21 41 32 20 31 31 49 11 42 46 24 21 15 22 23 25 38 16 30 35 30 31 14 41 24 35 23 28 14 22 30 21 19 21 31 22 30 41 25 30 24 35 25 11
0 17 14 10 34 18 36 17 18 31 23 20 5 38 23 29 20 19 38 0 45 18 27 25 24 5 22 35 8 29 42 21 16 29 24 16 26 28 48 21 34 48 11 12 31 16 22 39 46 12 12 4 25 30 22 24 11 12 24 36 27 49 35 34 13 30 52 22 47 25 21 25 26 9 29 10 33 26 17 21 38 13 28 40 5 23 29 18 26 20 32 27 43 34 17 29 51 29 2 37 10
0 28 12 48 23 24 20 26 24 29 48 19 18 50 31 18 34 40 8 9 0 40 20 21 24 26 23 28 21 28 16 20 36 24 28 40 12 3 35 35 38 24 13 25 27 17 21 35 27 16 31 18 44 12 40 36 20 14 30 49 37 23 45 38 46 17 23 11 40 5 49 38 20 19 25 27 44 27 17 16 35 27 28 40 15 43 12 35 52 7 47 21 16 16 43 25 31 25 36 21 20
0 42 27 22 17 31 24 6 19 47 40 24 37 39 13 5 30 6 23 9 39 0 31 39 19 35 28 24 21 33 16 3 16 33 41 33 35 12 32 31 26 37 36 15 23 6 35 39 51 26 33 31 11 12 33 26 26 34 26 7 18 27 14 27 22 37 27 21 32 21 15 18 34 35 5 11 24 31 30 17 16 7 32 30 15 45 25 14 29 6 11 26 30 17 39 33 43 16 16 36 13
0 45 30 31 44 6 29 41 30 31 28 9 11 20 49 14 41 10 22 37 11 26 0 40 46 48 27 22 27 26 17 40 17 26 40 35 18 23 32 18 5 35 19 24 23 6 27 24 27 21 32 40 49 9 18 18 30 31 16 29 31 29 12 6 27 52 17 27 47 45 31 36 32 6 27 26 36 34 26 40 39 10 38 23 23 22 18 25 21 49 26 25 26 15 38 41 16 24 28 33 23
0 31 48 36 39 24 30 12 32 40 14 23 39 19 28 41 30 38 2 24 45 7 28 0 49 5 27 21 28 15 27 20 47 30 32 35 28 11 13 3 19 19 36 37 33 10 27 22 33 26 19 41 30 11 19 33 39 25 33 22 25 27 38 24 10 33 15 33 37 45 42 26 34 22 28 35 19 25 19 25 40 14 1 35 18 30 27 30 24 12 24 34 27 31 0 7 38 7 21 27 21
0 29 27 6 29 21 28 32 22 18 9 10 16 26 16 27 47 38 26 29 29 26 34 22 0 17 13 42 22 29 13 15 26 33 43 35 8 23 24 13 6 36 30 36 18 41 29 11 20 40 24 29 19 20 43 37 34 31 24 28 10 26 12 22 11 14 42 29 7 10 2 25 12 30 6 20 38 29 23 19 30 28 22 26 7 30 45 23 51 18 38 21 8 34 33 17 36 19 22 34 27
0 26 45 3 26 8 25 52 34 40 43 11 21 34 34 42 40 33 23 1 21 8 49 21 20 0 24 27 39 15 18 38 45 26 38 39 27 20 24 21 33 37 11 16 20 29 25 35 9 13 24 28 31 36 41 25 30 41 5 18 4 24 17 31 37 27 13 17 30 29 42 39 34 50 40 36 19 36 37 13 15 13 31 25 27 27 28 4 48 31 24 30 7 27 19 34 30 46 10 26 24
0 47 49 12 32 14 24 33 46 33 14 27 36 5 12 15 12 22 13 26 32 21 27 5 9 40 0 4 24 5 24 12 48 20 50 31 16 24 26 29 26 17 2 7 35 33 0 35 14 5 33 6 20 47 26 40 43 36 33 4 21 35 33 30 15 35 7 8 40 37 39 8 26 32 33 33 49 18 36 28 38 18 27 7 44 8 13 1 38 34 32 11 34 13 18 36 16 23 2 28 15
0 5 19 25 29 35 18 37 23 4 35 17 22 32 21 13 32 50 41 16 48 29 38 14 34 32 40 0 12 19 24 32 37 2 19 33 11 6 45 15 26 7 14 24 38 30 30 42 29 24 10 23 34 30 41 6 28 10 28 34 25 29 23 32 30 13 37 44 30 8 7 38 23 7 23 24 44 29 9 44 47 37 32 22 10 25 24 23 41 18 36 1 45 11 34 25 0 11 24 33 29
0 43 21 45 2 32 18 38 20 33 16 14 2 13 10 34 39 26 17 34 44 49 25 42 20 21 25 24 0 27 3 19 24 30 37 26 36 29 38 48 31 22 38 28 19 35 38 22 30 31 38 14 43 33 25 42 34 8 22 25 21 21 39 16 18 24 44 15 30 25 31 11 19 20 33 9 23 48 31 32 42 41 28 19 30 25 8 8 27 39 26 34 36 40 15 15 20 23 43 10 25
0 30 23 39 16 26 33 21 2 31 20 27 27 4 50 24 35 12 31 34 33 41 5 13 36 10 10 38 17 0 40 37 27 18 26 49 41 49 30 24 27 31 11 22 20 28 25 18 28 40 42 15 25 33 25 19 4 43 35 8 41 7 19 19 35 30 31 21 41 23 33 44 18 37 7 25 12 23 18 45 14 41 25 25 29 34 32 34 23 0 30 11 29 28 38 27 39 34 34 21 20
0 5 15 36 27 38 50 15 25 13 28 20 11 30 35 24 30 39 16 39 26 12 43 34 2 31 16 35 9 39 0 41 23 4 24 22 16 41 42 21 32 8 30 31 22 22 46 27 12 36 25 50 4 27 23 31 17 11 21 30 36 1 25 19 1 25 16 12 8 17 23 28 35 28 42 29 15 31 14 26 25 19 34 3 15 40 17 47 31 29 34 31 18 26 23 34 45 21 16 41 27
0 21 37 11 25 35 42 44 10 10 1 39 4 47 15 26 44 18 13 33 31 7 19 19 29 7 40 21 42 15 37 0 24 37 16 22 31 20 16 28 28 35 28 22 46 26 9 37 26 44 11 34 42 20 30 39 47 47 35 18 14 2 5 18 33 21 30 32 25 29 34 27 50 40 25 6 16 36 34 11 32 11 13 43 35 29 15 31 38 20 27 37 33 35 35 42 33 42 18 41 28
0 19 29 2 38 50 43 15 32 11 50 47 27 21 27 32 21 16 46 43 33 39 43 14 46 34 22 25 37 23 50 25 0 13 39 31 4 21 16 33 13 10 45 52 16 24 38 21 10 23 8 41 19 14 37 34 41 44 33 33 10 40 7 46 18 37 13 22 23 22 24 21 2 33 25 26 30 27 37 21 43 30 36 52 9 40 32 34 33 26 21 27 30 22 28 27 29 38 31 27 16
0 20 2 38 46 39 33 38 28 48 31 26 27 6 6 6 42 28 23 19 7 34 43 27 38 19 22 18 21 12 34 31 30 0 23 36 29 13 31 35 50 15 30 28 22 25 28 31 40 24 42 17 36 21 29 33 33 37 28 38 29 10 33 28 40 28 33 16 46 17 13 45 21 12 31 30 9 5 28 19 14 24 21 22 32 43 51 41 27 13 35 50 14 24 22 25 35 47 25 48 13
0 4 42 23 23 5 31 21 30 26 37 21 38 20 16 15 37 32 40 21 6 43 49 23 27 27 14 44 19 38 18 20 28 19 0 29 5 11 23 24 21 23 45 6 32 31 22 14 50 23 29 23 33 24 24 39 5 12 21 19 23 20 17 7 23 21 36 24 18 19 22 29 23 33 9 7 27 16 33 17 26 43 20 24 32 41 23 5 20 35 16 10 25 30 38 25 46 16 4 52 5
0 32 14 23 22 6 30 37 41 28 19 36 37 27 33 39 30 34 45 25 39 28 31 4 16 23 39 29 36 35 35 19 14 39 22 0 30 35 11 10 27 51 39 28 13 32 20 18 13 25 24 16 15 30 28 26 49 36 16 28 15 14 37 20 35 32 9 15 38 17 16 51 23 43 9 8 34 50 37 34 23 25 42 41 33 32 12 21 39 24 18 11 16 20 7 21 40 35 36 16 45
0 37 36 23 24 22 26 41 44 30 33 48 42 41 36 28 30 23 20 29 14 32 35 8 15 48 35 21 48 36 35 40 37 21 36 29 0 15 21 24 44 39 14 20 18 12 32 23 34 17 21 31 30 29 23 15 40 37 15 30 40 22 21 23 22 20 27 26 35 15 21 16 6 30 29 19 8 11 27 29 22 36 21 15 19 15 40 16 36 41 29 22 7 23 12 21 38 26 15 10 17
0 37 32 25 34 31 45 23 13 22 31 15 31 15 35 31 38 24 30 17 39 20 38 13 47 33 26 14 24 35 16 47 18 15 24 34 14 0 30 29 39 29 33 48 15 45 27 22 13 25 29 19 26 15 48 23 17 27 5 28 3 10 30 45 32 29 28 16 14 25 9 24 35 18 18 28 9 24 38 35 12 38 40 36 12 21 11 27 37 14 20 29 29 27 43 22 24 29 30 22 38
0 40 28 31 23 44 5 25 35 16 29 26 36 25 28 31 29 33 50 12 24 24 44 28 17 32 18 19 8 33 15 26 25 8 13 15 14 17 0 22 9 18 11 17 45 14 36 36 31 41 28 39 25 45 23 17 29 44 29 8 28 26 30 43 16 35 8 37 22 21 19 38 39 19 20 21 2 32 11 23 11 30 17 40 26 30 36 3 32 37 28 24 11 10 16 23 42 26 28 20 28
0 13 34 22 30 26 42 21 21 22 39 10 26 30 24 32 43 31 36 5 10 44 13 35 12 18 28 22 21 25 26 31 28 41 15 14 29 13 22 0 22 36 43 21 47 24 25 49 29 17 35 2 44 40 36 33 11 31 18 34 22 26 15 47 28 31 10 48 13 11 10 30 50 22 47 36 16 26 20 17 29 44 16 28 29 23 26 35 46 19 37 20 44 21 32 46 24 23 39 14 11
0 19 12 32 28 23 6 19 20 25 32 42 9 23 16 17 30 24 33 42 36 23 17 15 44 21 43 31 39 18 25 47 33 38 18 1 41 14 31 19 0 20 13 37 32 15 6 19 5 31 30 17 5 18 15 5 34 17 19 27 11 43 4 15 29 45 17 12 26 24 2 40 27 23 48 10 43 24 16 15 32 41 26 22 11 22 37 20 52 12 21 30 36 8 27 30 47 33 14 34 18
0 27 18 17 18 36 2 21 31 33 11 30 23 31 15 8 27 21 27 30 22 41 37 33 27 13 7 35 36 42 8 52 18 38 19 28 39 12 33 27 19 0 25 24 7 30 36 1 31 20 8 29 29 31 19 4 25 51 18 27 21 51 14 13 35 17 43 22 42 31 22 29 11 39 49 25 28 29 16 23 30 33 12 22 46 32 23 35 19 40 52 31 32 18 29 25 8 25 14 19 43
0 37 29 30 27 31 7 48 20 13 30 26 29 12 35 30 8 28 36 51 29 8 19 36 9 15 50 30 30 40 20 11 34 37 30 20 22 35 4 48 35 7 0 13 44 31 38 32 24 23 22 39 37 50 11 20 31 38 1 37 36 20 10 24 24 42 1 15 14 8 33 19 34 48 35 21 21 24 1 9 15 24 20 11 13 25 13 10 4 34 14 42 23 34 29 12 24 24 44 41 38
0 23 39 14 14 1 20 21 23 17 40 16 41 32 31 16 27 13 40 38 48 44 30 16 14 12 38 50 39 30 42 46 19 38 26 20 5 32 12 19 1 6 36 0 23 27 38 24 14 32 20 34 27 15 6 42 32 31 23 27 10 33 41 28 50 41 29 37 31 31 42 23 37 31 23 31 33 30 36 26 16 31 25 30 34 35 52 47 42 30 35 13 23 34 34 11 14 19 21 47 11
0 22 24 43 28 45 15 36 43 40 25 19 34 25 22 20 43 18 50 6 19 31 40 33 18 36 34 27 12 18 25 3 10 48 35 30 47 36 21 32 29 10 27 27 0 24 41 23 49 11 17 38 34 51 22 27 35 30 12 32 35 27 48 40 32 33 35 46 17 13 36 38 28 42 15 44 5 10 17 47 47 28 38 1 27 28 36 11 8 23 24 48 10 24 51 28 31 18 30 14 25
0 22 17 39 25 23 44 25 35 10 15 46 25 33 26 7 27 30 22 53 27 31 33 13 23 25 27 27 36 8 34 18 5 8 20 5 22 38 30 32 23 27 29 43 19 0 43 23 29 21 38 48 36 22 31 12 47 11 50 33 24 12 8 12 31 33 14 35 51 1 39 3 11 35 31 34 15 39 43 8 35 18 50 14 7 32 28 34 0 19 32 35 31 38 4 22 27 41 4 17 43
0 28 23 17 35 4 25 42 27 33 41 17 24 27 53 25 34 30 45 37 37 32 14 38 44 29 12 34 20 40 39 22 12 26 30 31 24 6 23 27 24 30 19 37 7 12 0 29 20 31 27 10 7 18 28 15 20 36 15 34 35 14 14 42 19 34 51 3 32 24 46 3 33 19 32 31 19 19 12 15 36 20 16 50 11 21 8 35 7 39 43 31 18 27 26 11 32 40 31 8 48
0 40 32 35 17 19 28 30 36 27 32 15 12 3 23 12 30 18 45 26 30 30 7 4 52 11 21 33 17 10 37 24 34 41 40 35 1 38 38 47 37 20 26 50 29 23 17 0 40 25 31 32 40 36 18 22 34 38 38 52 21 29 21 20 21 28 19 19 37 13 22 6 23 31 18 26 40 26 33 22 37 40 28 32 23 35 31 41 15 21 20 52 35 14 11 27 21 38 23 5 21
0 37 7 22 24 37 50 40 48 15 12 16 25 43 7 19 30 14 7 2 32 19 48 24 31 16 41 22 40 25 21 47 25 28 13 24 25 36 10 16 27 42 26 11 30 14 4 30 0 39 20 19 41 8 18 19 9 12 17 24 7 35 38 23 33 32 2 47 31 33 36 43 23 8 46 35 6 38 15 26 18 13 41 20 29 41 19 34 37 31 24 44 35 40 47 34 37 21 26 36 38
0 19 28 35 14 0 34 25 22 35 14 23 35 38 27 38 27 43 15 12 12 16 24 31 23 38 40 17 22 39 17 17 24 22 44 29 28 33 50 43 14 17 18 41 47 36 53 23 0 0 49 32 16 31 17 32 5 2 24 33 41 26 34 13 43 24 42 12 38 2 34 48 5 27 26 41 22 24 5 49 40 35 34 25 24 18 27 46 33 6 40 24 10 44 29 17 25 12 27 23 32
0 13 18 34 26 23 30 33 29 40 32 39 31 35 21 30 31 19 33 19 25 35 41 14 27 12 37 13 27 25 39 35 26 44 33 38 35 6 32 23 50 30 18 31 11 38 32 14 19 20 0 12 33 38 14 26 13 30 24 23 6 17 45 50 18 28 13 16 13 31 10 15 16 29 28 30 43 40 1 19 13 19 6 15 23 3 33 39 37 35 46 27 37 27 22 28 40 28 33 32 33
0 13 16 32 20 21 13 0 39 24 28 2 23 44 17 15 14 36 37 33 15 29 44 4 26 25 29 11 31 24 44 26 40 16 30 32 27 26 35 48 3 10 15 32 10 18 14 27 41 10 9 0 31 38 29 40 25 7 28 39 23 31 22 42 32 17 31 8 25 39 31 41 26 34 22 26 22 24 25 36 18 2 38 0 30 16 30 5 29 36 38 35 33 16 24 36 33 14 30 3 49
0 34 39 26 38 10 43 12 37 39 7 25 34 34 33 4 34 6 28 42 30 31 24 13 22 22 24 38 21 2 27 34 17 37 19 7 19 14 31 36 36 18 20 44 42 1 23 30 10 40 31 9 0 4 36 22 45 46 12 48 30 25 22 50 27 2 26 29 27 15 35 4 22 12 42 19 39 36 10 16 26 24 50 27 29 17 27 13 11 16 8 26 23 18 38 15 28 28 16 38 32
0 11 28 21 33 26 10 36 15 27 32 2 39 21 34 30 22 35 39 24 14 39 12 10 37 27 39 8 39 13 23 18 12 8 39 26 33 35 19 32 14 44 46 15 14 11 39 14 21 30 31 31 36 0 39 6 26 16 9 12 10 27 33 37 45 35 29 29 12 39 35 26 13 42 46 28 30 35 36 48 44 18 29 11 26 37 33 24 19 32 29 39 33 23 21 17 30 23 32 27 30
0 24 26 49 11 41 14 20 14 31 22 33 42 32 4 49 32 23 9 37 31 20 1 11 22 29 26 22 47 21 21 20 35 20 25 26 32 16 28 13 31 32 43 28 19 25 11 31 39 42 15 19 26 14 0 6 33 38 28 34 28 15 41 16 21 9 13 30 18 28 29 34 37 23 26 18 10 12 10 35 20 28 30 28 18 20 43 4 20 45 23 31 21 23 32 28 31 16 28 25 51
0 18 26 31 35 45 25 46 17 40 24 32 29 43 19 19 38 36 40 17 43 23 24 18 16 25 30 22 49 23 22 12 28 14 24 32 13 31 33 16 38 20 32 42 31 20 31 51 33 24 37 27 9 33 16 0 15 15 19 12 22 22 31 24 22 41 13 38 37 37 11 9 13 14 12 35 39 44 36 26 52 12 39 39 25 26 29 23 32 13 25 14 15 34 8 23 24 33 31 26 23
0 6 28 17 43 26 27 34 37 18 44 20 21 10 30 25 30 20 45 29 23 28 29 25 33 19 41 27 14 25 35 27 22 23 7 28 44 39 9 29 30 34 36 35 42 36 17 30 32 36 42 28 15 16 39 29 0 39 29 27 30 9 48 24 24 37 46 29 27 10 46 45 26 18 6 33 48 20 38 35 18 8 2 29 16 25 24 22 40 38 26 32 12 26 38 17 23 41 46 36 35
0 24 29 26 14 16 47 26 28 12 15 24 21 37 24 16 21 19 16 17 21 29 36 18 36 37 38 31 12 15 32 21 52 7 28 34 7 2 20 9 18 17 37 44 21 23 12 23 22 8 31 26 30 46 8 34 16 0 40 49 40 18 31 25 31 27 38 20 36 1 31 42 32 28 37 40 40 15 13 30 34 32 19 35 11 23 19 17 35 44 41 23 11 23 39 20 33 14 31 28 47
0 24 35 24 14 17 24 33 23 43 41 30 18 7 19 11 11 30 38 37 30 38 3 23 39 30 40 45 31 22 24 9 22 19 28 30 15 9 44 34 40 31 20 48 21 27 22 26 39 8 13 13 39 24 19 29 26 32 0 34 16 24 17 27 28 51 34 27 19 35 18 24 31 27 32 33 17 31 52 25 27 46 33 3 8 21 11 30 38 48 32 15 22 35 42 32 9 27 35 32 19
0 20 25 32 32 9 24 42 18 25 4 51 29 24 10 11 20 27 28 44 30 20 21 40 43 20 30 52 31 17 46 41 42 26 20 11 32 3 52 31 32 28 35 43 25 49 11 40 37 17 22 12 46 38 23 12 39 12 38 0 38 39 37 32 30 46 8 21 17 22 28 14 4 38 11 30 36 11 4 34 18 13 32 40 39 21 32 27 23 42 24 36 28 15 39 9 26 23 43 0 27
0 32 16 31 33 6 40 31 24 27 20 9 19 29 28 37 6 10 30 42 19 42 34 34 25 32 35 26 18 26 26 16 26 32 11 3 2 29 16 26 25 4 13 17 34 36 17 7 18 33 22 2 25 44 40 29 21 34 15 38 0 37 29 15 38 19 20 41 37 22 24 41 12 39 18 32 31 14 21 34 32 25 29 43 17 33 13 8 34 41 23 3 19 18 25 39 10 8 27 28 20
0 24 5 29 23 26 35 34 10 39 21 32 20 8 28 30 31 23 21 22 33 30 44 48 15 28 36 43 40 21 19 12 42 18 50 13 15 10 12 33 32 12 43 15 18 33 40 18 16 9 8 39 47 41 21 13 49 35 5 35 28 0 28 37 48 12 29 24 18 28 42 35 24 15 50 33 51 22 20 7 45 28 42 7 27 14 29 32 25 30 37 34 16 8 9 15 17 8 32 25 8
0 25 23 36 47 45 41 32 23 8 37 23 35 10 10 5 49 30 42 13 30 43 14 24 23 23 25 22 18 23 33 39 10 43 31 20 51 25 8 42 18 30 27 39 30 44 44 33 22 42 23 30 28 29 31 1 21 27 47 18 22 30 0 14 21 39 32 25 12 45 1 44 27 10 13 21 41 28 21 42 2 16 40 21 28 20 41 39 29 42 22 45 22 27 40 27 23 20 19 34 28
0 23 16 47 18 27 18 22 14 30 40 34 21 10 15 30 14 18 30 3 27 25 17 22 41 6 26 41 17 44 35 21 33 25 47 33 32 35 25 23 42 8 43 47 20 33 26 27 11 9 23 19 4 18 23 18 46 32 29 43 21 26 12 0 30 22 7 19 37 33 38 35 30 24 31 25 13 28 27 30 32 41 51 12 24 34 19 16 20 47 45 5 2 42 33 24 25 26 9 27 23
0 12 33 21 32 18 46 42 32 4 41 10 34 35 43 27 43 10 6 27 17 29 22 38 30 52 46 32 10 12 28 17 26 2 2 16 2 5 25 43 29 40 7 14 26 26 17 34 4 11 22 12 24 15 38 37 25 31 43 17 18 28 22 44 0 21 17 13 33 35 27 24 32 21 16 25 16 18 28 29 23 8 26 26 34 31 40 23 18 32 23 52 53 16 38 37 3 32 23 38 21
0 32 35 16 25 17 29 22 33 14 28 21 30 51 18 2 36 31 37 35 44 30 11 42 11 38 12 29 8 20 16 45 23 17 6 42 26 28 36 35 6 33 4 51 36 20 33 33 34 24 12 32 18 31 1 35 38 38 15 19 17 28 11 34 47 0 25 51 41 30 7 26 15 25 33 26 52 26 16 43 14 5 10 6 19 34 28 32 23 26 30 25 26 11 28 20 26 20 51 19 23
0 32 18 38 39 22 37 44 33 19 48 9 24 26 22 45 14 36 25 13 30 10 27 40 29 23 22 22 38 13 20 35 20 26 40 28 36 53 33 27 46 37 50 6 23 18 19 26 10 19 23 32 19 33 14 30 22 29 27 24 11 8 38 27 33 34 0 14 38 31 26 31 13 20 12 6 40 36 25 5 41 11 27 16 22 16 3 20 41 30 26 41 48 31 24 43 17 29 15 29 12
0 7 11 26 49 13 1 18 41 13 48 46 1 9 31 27 46 19 1 17 9 30 16 17 31 35 22 27 3 39 22 17 28 35 24 23 5 14 47 33 48 37 20 31 10 34 38 19 15 32 50 21 30 4 12 2 28 17 25 29 12 23 34 42 22 23 23 0 33 35 33 40 33 16 18 42 0 10 38 8 27 27 38 35 41 49 49 43 22 21 37 23 6 29 20 40 29 50 40 34 24
0 30 35 9 19 41 20 17 12 45 20 9 33 18 33 40 19 35 26 19 44 34 18 27 39 24 47 35 40 28 46 28 37 24 20 41 12 20 35 12 9 24 30 14 19 51 42 27 41 26 33 34 22 31 17 7 2 34 37 11 34 37 25 35 45 11 31 33 0 22 31 26 30 30 13 18 31 37 9 36 26 41 27 9 23 25 15 27 19 28 17 32 31 35 25 50 30 37 23 19 19
0 26 20 26 13 26 31 35 21 25 30 36 21 22 19 5 46 36 35 26 25 12 35 17 24 20 16 34 25 23 10 36 37 3 24 44 29 36 36 48 42 36 18 11 33 18 21 33 30 34 30 24 25 17 29 34 20 42 21 8 12 18 19 26 44 12 20 11 26 0 35 15 39 26 35 32 26 21 16 40 32 44 20 14 19 33 40 18 49 41 12 7 42 41 40 25 26 29 30 23 17
0 50 42 41 26 50 40 38 29 28 2 45 31 39 22 14 10 37 29 23 18 32 25 41 36 27 35 21 24 34 14 26 32 23 23 35 49 26 25 18 36 32 13 32 18 39 38 39 27 8 15 5 34 26 36 19 24 37 44 28 27 50 23 48 25 17 39 41 36 8 0 37 42 27 49 27 5 34 39 16 37 31 39 33 22 22 14 20 30 25 15 2 45 8 44 18 12 10 1 29 38
0 22 16 9 33 27 28 18 43 24 38 28 30 15 31 20 26 16 3 12 25 45 12 9 39 9 37 31 23 20 24 27 44 18 39 10 11 34 10 28 11 26 1 29 14 11 3 40 37 21 36 17 48 13 33 33 22 35 41 24 35 35 28 44 17 24 30 20 46 41 40 0 35 30 44 37 35 26 0 30 35 27 16 16 14 18 34 9 15 18 31 36 31 4 17 10 40 47 20 14 32
0 33 26 22 41 42 24 25 42 29 52 44 1 29 31 21 28 28 19 41 23 22 52 4 37 24 20 33 7 22 23 13 22 19 25 13 1 39 37 11 30 13 29 24 12 9 4 25 23 41 51 12 26 36 21 43 21 8 36 45 30 16 41 39 19 43 16 28 28 36 13 39 0 42 39 30 22 11 14 20 0 15 21 25 8 36 35 34 28 26 8 26 44 21 25 27 41 37 17 48 29
0 33 18 14 12 15 34 24 32 33 5 16 35 21 17 6 13 39 44 28 16 40 35 37 17 30 29 13 50 27 9 25 11 33 12 16 9 39 34 7 5 15 32 42 41 2 29 40 27 40 41 24 24 8 8 10 43 25 18 47 23 33 34 13 28 28 30 32 12 16 21 19 25 0 52 52 20 22 43 28 30 44 10 37 22 32 34 36 23 21 40 20 29 35 6 33 7 14 50 2 18
0 22 50 46 29 11 39 19 9 3 19 22 32 45 24 16 33 27 19 40 28 13 16 28 15 30 18 21 38 28 21 29 23 26 27 29 19 23 27 33 40 30 48 22 26 34 18 23 11 16 32 27 32 32 26 22 14 35 21 24 8 19 26 32 9 52 30 2 27 29 19 34 8 36 0 23 12 28 37 12 24 39 13 32 20 34 17 27 15 22 25 10 21 17 9 34 23 42 35 19 43
0 16 21 26 41 36 10 44 34 29 17 15 31 43 44 17 30 26 27 18 24 16 39 30 23 8 12 28 14 27 28 33 14 15 43 50 44 1 36 16 11 20 44 31 15 23 23 17 39 18 16 44 48 27 23 30 3 37 50 9 33 5 22 37 41 42 37 38 29 31 23 36 40 34 23 0 23 16 50 34 38 23 6 39 41 34 21 40 40 20 42 12 35 29 42 32 21 46 9 14 23
0 33 22 33 23 25 27 23 28 9 35 39 41 15 30 30 34 37 29 8 30 24 42 18 28 44 32 29 25 36 13 6 23 20 36 23 47 16 33 35 6 16 28 21 32 32 37 43 1 29 40 13 22 31 10 15 34 21 11 16 20 21 33 35 43 27 30 5 26 13 16 22 42 31 27 27 0 37 25 41 29 31 4 23 48 21 36 21 49 36 28 26 25 9 39 37 18 26 7 15 20
0 8 35 20 18 16 34 19 21 18 32 50 28 40 21 43 15 28 2 30 7 32 39 14 19 23 29 35 24 43 34 19 14 11 42 21 37 32 28 43 30 41 29 19 13 12 4 16 34 10 15 24 22 19 31 30 32 37 21 28 30 19 12 28 14 31 35 38 30 33 9 22 17 35 26 44 36 0 30 12 29 17 30 52 21 28 28 42 10 20 20 13 15 7 30 35 18 33 38 37 42
0 42 36 24 46 32 18 28 17 15 13 15 26 50 2 20 31 24 43 27 12 33 16 27 26 26 34 48 23 33 31 18 35 29 26 44 40 35 12 20 26 6 23 26 35 6 24 19 10 15 11 28 29 29 17 45 16 29 41 37 29 30 23 21 42 4 26 45 27 29 38 15 44 13 25 28 45 15 0 26 34 46 21 16 33 14 38 14 39 35 31 38 25 33 7 21 21 36 31 13 16
0 27 18 29 16 42 29 30 29 13 9 21 29 31 27 41 17 25 31 18 7 35 12 12 12 31 23 17 33 22 26 20 24 33 18 35 49 10 4 47 13 35 28 24 23 25 18 32 25 29 41 23 24 45 9 44 12 52 15 14 16 9 27 17 19 4 48 20 24 31 18 27 30 33 42 45 42 27 20 0 16 28 16 24 28 20 27 24 10 12 26 21 10 50 12 13 16 20 38 21 39
0 39 25 10 17 44 33 20 40 7 18 4 20 29 28 33 11 46 15 24 21 6 21 12 38 24 25 19 24 14 23 16 25 19 15 17 35 24 5 21 17 8 22 33 17 26 19 37 30 47 22 15 20 25 18 32 14 39 14 24 36 31 14 29 9 1 41 5 43 16 34 36 14 20 37 27 42 38 37 10 0 47 31 18 21 9 29 29 37 22 28 7 33 7 22 39 19 8 13 15 28
0 32 28 42 18 15 44 36 17 22 18 19 18 28 32 50 24 14 21 21 38 10 15 23 20 14 28 31 19 15 25 28 17 34 12 7 12 7 19 39 30 20 31 26 23 19 42 35 40 26 23 13 33 42 20 27 21 46 42 2 19 37 32 12 28 46 39 36 19 28 19 26 18 19 21 14 19 37 37 51 35 0 25 21 34 32 27 41 29 9 25 36 38 6 13 42 30 29 2 47 17
0 35 41 35 20 22 28 21 5 10 28 36 24 32 24 28 26 36 20 46 9 18 38 38 28 12 29 17 30 38 24 44 18 31 26 26 24 32 32 13 50 48 35 40 50 19 40 27 29 35 13 36 6 42 36 41 20 8 40 20 18 43 3 23 33 39 50 28 36 47 41 29 40 39 16 44 14 23 30 47 38 27 0 41 36 32 17 18 35 19 35 35 33 40 22 20 27 31 12 46 41
0 46 40 38 49 31 27 5 36 15 23 31 41 17 25 38 33 30 21 15 25 21 33 30 12 26 19 22 39 20 22 33 38 34 21 10 45 13 27 32 25 25 13 47 34 17 39 3 47 30 7 23 36 26 15 29 24 17 48 30 27 52 22 46 26 11 12 40 15 5 3 38 26 30 35 27 15 41 24 12 10 31 32 0 11 18 32 40 50 38 38 44 18 48 2 22 33 33 45 30 34
0 49 40 39 6 29 23 20 32 35 21 18 44 6 40 7 35 12 20 22 8 12 32 3 28 27 2 13 25 42 41 24 39 35 19 27 15 22 42 20 23 44 39 43 32 47 12 0 30 17 4 40 32 34 32 30 25 28 40 52 19 32 26 16 20 38 26 23 33 13 44 36 10 25 20 31 35 41 50 13 33 30 4 21 0 51 29 33 14 1 19 28 29 18 32 21 39 24 29 23 26
0 14 32 37 34 45 31 9 9 22 21 31 7 24 3 46 32 20 51 39 29 21 41 22 38 18 26 27 20 26 23 18 31 31 14 33 18 26 49 46 19 29 30 11 27 48 21 17 30 41 35 26 46 44 36 28 26 32 27 19 18 14 22 48 40 21 6 25 16 23 4 41 22 1 12 32 23 21 26 45 18 40 39 14 38 0 25 20 32 4 10 32 31 26 37 33 27 36 25 22 31
0 28 39 24 4 17 25 32 33 29 29 38 14 23 15 35 23 30 19 2 25 27 12 34 26 34 7 15 13 34 34 31 14 31 26 27 20 9 22 20 25 19 37 8 17 5 20 35 20 7 21 37 19 23 29 44 30 12 18 39 24 25 31 16 26 11 31 23 39 35 6 18 38 48 21 25 13 18 10 15 19 32 17 9 26 39 0 24 26 42 28 29 36 35 47 34 48 20 36 21 19
0 15 7 3 36 19 33 28 36 38 26 21 44 17 40 28 43 40 17 24 40 9 18 31 24 32 43 20 37 44 31 27 20 21 21 39 34 30 17 41 10 36 30 23 25 4 16 31 18 21 26 39 21 32 17 30 31 35 49 8 16 21 49 37 5 36 30 10 25 16 33 17 22 34 18 31 8 29 19 23 27 36 28 31 8 35 37 0 12 26 31 29 39 30 36 41 18 6 36 44 24
0 43 40 22 7 45 20 10 45 21 48 29 25 25 7 19 22 28 14 36 24 19 33 27 39 46 28 35 13 35 40 37 38 5 34 23 43 24 30 43 15 32 29 26 32 7 23 24 16 26 50 10 27 31 23 23 30 15 1 25 32 39 7 18 23 37 41 38 5 17 42 28 25 35 52 46 21 17 32 22 31 43 40 43 21 34 31 31 0 33 13 45 18 26 19 15 15 28 42 44 24
0 31 17 43 31 51 20 39 38 38 30 38 20 16 52 41 22 25 27 12 31 23 28 35 17 37 3 13 49 42 38 38 10 27 30 26 44 46 27 26 39 13 35 19 13 15 23 38 23 18 7 28 44 16 31 21 11 21 38 26 17 39 31 41 32 22 47 41 10 23 20 17 21 21 21 22 41 35 30 45 36 28 42 25 6 34 11 26 46 0 43 36 26 3 40 35 11 16 42 46 32
0 33 35 24 28 20 31 26 23 27 20 35 31 52 48 13 22 33 36 49 27 12 27 27 17 10 22 30 17 25 24 36 34 15 20 14 46 36 31 36 22 13 22 27 30 26 23 33 28 35 23 48 37 44 25 1 13 51 40 49 31 19 19 12 36 28 39 18 48 29 18 32 39 39 25 52 8 25 36 40 14 27 21 16 24 31 47 32 24 38 0 13 39 20 30 40 13 10 32 16 19
0 45 39 26 19 14 48 16 31 39 36 21 28 15 23 28 36 19 23 28 27 28 35 49 34 29 14 28 20 30 34 16 25 14 38 34 31 30 36 37 23 24 26 17 4 21 10 22 27 1 27 13 18 20 8 33 13 24 49 34 36 34 47 16 11 34 37 31 44 9 9 16 35 28 14 47 6 21 22 30 21 40 25 11 39 16 42 7 5 27 40 0 37 34 30 44 18 32 30 47 28
0 19 37 4 29 35 27 45 47 28 15 48 25 9 20 33 30 43 43 12 17 21 37 37 29 27 36 13 33 35 29 19 13 31 20 18 22 34 3 14 31 47 34 13 23 26 11 27 13 10 27 19 36 48 32 37 28 36 38 36 41 35 8 30 13 31 30 27 11 38 17 33 51 49 16 11 27 25 49 19 21 33 17 24 42 4 20 25 20 15 30 17 0 21 12 6 17 29 29 21 34
0 50 19 21 28 28 40 26 24 36 36 22 38 27 37 15 21 29 24 43 3 23 23 37 44 34 36 27 23 16 33 38 44 35 36 20 36 19 34 18 29 29 36 13 39 22 8 25 18 32 19 3 19 43 31 14 9 24 32 40 34 19 21 34 27 5 19 31 51 43 16 20 48 28 24 19 10 35 6 37 45 24 23 44 22 9 39 10 24 17 28 27 17 0 15 35 22 34 48 27 45
0 32 13 31 36 36 28 23 14 5 32 23 19 24 17 41 20 30 49 10 23 27 16 8 30 33 14 36 50 40 52 41 30 34 36 46 41 30 40 30 18 35 16 21 37 10 14 19 32 12 9 42 37 10 38 31 42 32 32 18 19 39 12 6 14 31 36 26 19 25 11 38 42 13 14 21 13 22 21 0 39 23 19 38 32 37 34 26 23 37 28 30 17 13 0 24 29 6 5 34 38
0 21 32 42 41 15 29 25 46 33 17 10 48 31 17 38 51 12 27 41 38 17 28 14 34 13 26 22 37 20 28 10 25 25 35 16 36 32 23 1 34 45 16 8 22 20 21 26 29 10 16 22 23 23 38 36 26 28 47 6 24 31 23 11 30 45 32 25 29 52 47 9 0 15 23 43 21 33 25 27 31 7 40 15 19 24 14 30 22 16 22 12 47 50 29 0 24 33 2 28 45
0 25 36 38 5 19 23 30 2 32 29 18 40 33 42 8 46 28 35 33 16 43 22 21 8 35 40 32 2 9 19 40 23 8 28 28 12 32 26 22 48 12 38 5 28 18 37 41 10 18 9 18 13 13 25 37 13 42 15 6 34 22 45 17 28 35 31 45 19 41 24 25 26 0 16 32 4 35 37 31 21 20 14 16 38 31 37 27 43 19 27 34 30 32 37 24 0 23 11 26 14
0 44 42 38 39 17 14 29 24 52 28 29 33 22 19 22 34 18 31 39 5 32 31 43 9 12 25 22 29 12 27 40 25 36 33 39 38 50 33 27 43 22 44 45 38 18 29 9 6 18 14 33 21 18 35 42 32 19 24 17 4 46 38 9 2 12 38 40 32 17 7 25 3 18 31 18 26 10 11 9 30 32 26 10 7 40 22 11 15 25 38 30 25 14 29 8 25 0 32 37 16
0 42 25 28 35 16 50 27 23 22 28 29 38 46 25 19 24 21 32 1 33 41 43 29 17 47 33 10 48 23 34 30 44 16 33 25 8 27 8 39 36 14 23 43 22 35 44 35 25 32 13 6 43 40 32 5 44 14 18 45 18 36 32 27 38 17 24 13 19 19 8 16 37 21 5 32 24 13 20 31 15 34 24 41 43 29 33 45 18 21 38 41 17 34 31 21 36 41 0 6 43
0 43 49 26 24 15 23 15 23 33 9 28 37 30 25 9 40 36 14 41 16 29 42 40 5 24 44 37 41 52 31 38 31 37 30 25 27 32 9 12 3 30 44 45 35 26 36 22 39 27 5 41 41 23 24 30 17 33 43 21 14 28 32 20 29 46 38 35 17 9 27 40 9 39 30 27 36 29 23 17 18 33 42 23 37 32 24 51 19 23 19 29 27 23 26 12 19 37 32 0 34
0 26 32 23 24 28 33 28 15 15 41 30 30 43 35 27 3 35 27 23 31 25 18 13 33 39 11 21 41 19 24 16 32 45 12 38 18 29 19 20 15 16 31 19 27 18 18 12 3 29 16 35 32 39 14 28 28 35 34 22 27 40 20 12 39 40 18 17 37 33 28 23 30 23 27 37 37 18 30 18 24 30 28 25 33 29 23 10 17 16 45 20 34 41 21 15 33 16 12 35 0
