  500
   14  2503     8     3
   43  3342     5     6
   66  6574     3     7
   28  7137    10     5
   67  4822     3     7
    1  4811     5     8
   10  6104     3     9
   29  5885     6     5
   66  4133     2     9
   13  7213     6     5
   67  4924     2     7
   45  4031     8     3
   80  6851     4     3
   24  6219     8    10
   96  3758     5     9
   24  6561     5     5
   47  5566     4    10
   76  6625     9     1
   55  6837    10     2
   43  3024    10     1
   40  2793     6     7
   92  4500     1     2
   76  4306     4     6
   37  7393     1     1
    6  3163    10     5
   24  7212     7     6
   48  4215     9     7
   94  3826     4     5
  100  4230     5    10
    9  7393     1     1
   71  4009     8     2
   13  4251     4     3
   51  3284     5     7
   36  3132     3     9
   41  3938     5     7
   18  5624    10     3
   36  5460     7     6
   50  2592     8     6
   47  4059     7     8
    2  7111    10     4
   63  7322     3    10
   13  6501     8     4
   46  3691    10     7
   43  6722     8     3
   36  5269     7     4
   42  4966     4     5
   66  5833     4     8
   83  3385     1     3
   18  4140     4     6
   21  5219     3    10
   25  3927    10     3
   58  4451     1     3
   12  7237     5     2
  100  5750     5     8
   95  4394     1     3
   17  2950     4     6
   24  5512     1     4
   42  6127     1    10
   11  4293    10     1
   23  7260     6     4
   51  6069     1     1
   81  5820     9     2
   35  4061     1     6
    2  6871     8     7
   16  6469     1    10
   76  5516     6     3
   20  5045     7    10
   52  4479     9     6
   25  5625     3     8
   66  6621     3     7
   53  4140     9    10
   88  5497     7     8
   78  5671     2     1
   99  5348     8     7
   30  4769     6    10
   14  3490    10     4
   41  2864     1     1
   96  3151     9     8
   96  4392    10     7
   58  4522     6     7
   16  5888     3     7
   20  5836    10    10
   16  6491     7     9
   28  5675     7     8
   20  4135     4     8
   10  3435     7     2
   45  6142    10     4
   43  7165     7     1
   51  7080     8     1
   55  2985     9     4
   65  6974     4     4
    2  5698    10     2
   36  6322    10     6
  100  3584     4    10
    3  5119     9     8
   52  5341    10     6
   75  6617     9     2
   22  2713     7     8
    3  7337     9     2
  100  4792     3     9
   87  6851     1     4
   56  4026     9     1
   88  2838     9     6
   65  5072     4     5
   54  6892     6     8
   18  5124     6     6
   78  6079     4     9
   94  7274     8     9
   13  5793     4     3
   73  3020     3     5
   52  4345     3     5
   29  4231     6    10
   93  6374     4     5
   67  3386     9     3
   57  7423     4     7
   13  3059     8     2
   76  4338     8     5
    1  6115     4     1
   55  2773     6     2
   27  3967     7     6
   56  6617     4     4
   20  7264     9     6
   29  7183     8     7
   91  5489     3    10
   20  3397     2     5
   31  4851     7     5
   42  3379     5     5
   95  2564     3     6
   53  5082     3     2
   45  3265     5     6
   94  4873     5     4
   40  4483     4     6
    1  4809     3     7
   82  5228     6    10
    5  7072     9     1
   55  4251     8     5
   99  2902     1     5
   82  5701     2     9
   49  4074     5     3
   11  6213     7     8
   55  6238     5     4
  100  5937     9     7
   40  2993     4     7
   48  5162     8     8
   67  6840     8    10
   96  2966     8     3
   60  5738     7     9
   43  3727     7     4
   96  6598     3     4
   15  6028     2    10
   70  5212     3     9
   51  5765     8     7
   34  5841    10     5
   98  4944     2     6
   42  3803     3     7
   54  6756     4    10
   29  7312     8    10
   84  4699     9     1
   48  6837     6     5
   82  4944     3     2
   28  5482     3     7
   42  4259     2     8
   22  6944     8     8
   29  2841     5     4
   23  7005     7     8
   26  6565     6     8
   83  4609     4     8
   21  7424    10     2
    8  4815     8     6
   31  6201    10    10
   32  6186     8     9
   63  3603     2     9
   31  4687     8     7
   71  6697     1     5
   10  6282     1     6
   97  4076     5     6
   67  7180    10     8
   70  4569     8     5
   40  5321     3    10
   62  6328     4     1
   84  3147     9     4
    9  3082     7     9
   13  4642     4     8
   18  6506     1     9
    7  5543     9     4
   54  5963     6     4
   71  5811     6     8
   35  5405     8     4
   37  3211     4     5
   18  5198     1     3
   17  2898    10     5
   65  6211     8     2
   59  6974     2     1
   38  7359     7     2
   93  6569     2     6
   81  6528     1     8
   63  6474     5    10
   75  3728     7     3
    2  6501     2    10
   71  3838     2     5
    6  7446     6     3
   33  5237     9     8
   33  4959     5     4
   36  4683     3     9
    3  4483     1     3
   43  3790     5    10
   33  6276    10     5
   69  4213     3     1
   12  5877     4     4
   72  4147     2     4
   31  3090     6     1
   96  6542     5     8
   80  4746     9     2
   44  5250     1     9
   14  5597     5     6
   86  2839     9     6
   97  3762     6     3
   84  3958    10     4
   21  5761     6     9
   34  4490     1     8
    2  6673     2     6
   37  6177     8     4
   99  3251     8     9
   61  6196     5     6
   75  6085     4     6
   92  7337     1     4
   41  5274     7     4
   37  5108     8     5
   66  3615     7     7
   43  4325     8     3
    8  6464     1     9
   72  3611     2     9
   75  7079     8     1
   40  3972     5     2
    8  5811     5     8
   77  4112     9     3
   82  5280     2     1
   40  4637     4     2
   46  5842     3     3
   94  3707     5     5
   11  6301     7     5
   77  6449    10     4
   90  2798     9     2
   91  3596     7     7
   20  4248     1     3
    3  5913     5     8
   77  3952     5     2
   17  5527     8     5
   87  7388     6     2
   98  7231     3     1
   50  2567     9     2
   88  6610     9     7
   35  5957    10     4
   49  3336     8     1
   49  5356     4     3
    9  4592     3     9
   40  3222     1     4
   90  3179    10     7
   46  7218     3     3
    6  4355     9     1
   32  5022    10     9
   53  6232     5     2
   77  5483     1     9
    6  4650     7     9
   93  2753     2     4
   84  3843     7     7
   83  6280     7     2
   74  5551     3     5
   24  5998     2     8
   29  4671     9     4
   68  6775     9     9
   35  4848     8     3
    5  3670     1     8
   58  7091    10    10
   25  5962     7    10
   24  5436     1     1
   60  5553     6     8
    2  7432     1     1
   40  3513     8     5
   47  5490     4     9
   99  7212     3     2
   90  3598     8     7
   35  4650     2     6
   34  5719     2     5
   39  4451     8     7
   83  2555     7     9
   42  2861     7     4
   78  5191    10     1
   72  3252     7     5
   88  2628     1     7
   84  7063     8     1
    3  5791     8     3
   41  6377     5     9
   60  5096     8    10
    8  2991     4     1
   33  6648     8     2
   44  6457     6     6
   91  6788     3     3
    7  4748    10     7
   67  5004     9     3
   19  4009     3     7
   74  4073     1     6
    2  7369     9     6
   23  5197     3     4
   31  3713    10     6
   26  5880     5     5
   47  3182     3     4
   91  6784     7     3
   28  5862     5     6
   86  4213     3     9
   38  4824    10     1
   27  5623    10     7
   76  5328     2     6
   72  6991     2     6
   60  3892     3     2
   14  7296     1     2
   54  7064     8     4
    2  4270     9     5
   92  5036    10     3
   26  2865     6     8
   90  4416     1     2
   75  4649     8     4
   29  6174     3     1
   30  3343     6    10
   35  7262     7     3
   37  6682     9     2
   62  2540     3     2
   78  6269     3     9
   27  6020     1     4
   68  4806     5     8
   45  3822     3     1
   45  2579     3    10
   42  6397     7     3
   46  3741     1     7
   68  5293     8     4
   73  2660     8     8
   72  7139     5     1
   14  5993    10     8
   64  6961     4     1
   99  5550    10     7
  100  2755     4     6
    1  4334     4     1
   26  3722     1     3
   75  5600     8     1
   72  3874     7     7
   85  5132     3     5
   89  5445     8     3
   26  3487     4     1
   87  6920     4    10
   80  3031     8     6
   52  3870     2     9
   76  3885     4     1
   55  5198     7     9
   80  2593     6     9
    5  4746     1     1
   89  5009     3     1
   16  6792     6     1
   67  4803     6     2
   67  3827     7     9
   42  5362     8     5
   34  7127    10    10
   11  5167    10    10
   87  5458     3     4
   76  6073     8     3
   57  6425    10     7
   54  3300    10     8
   48  6250     5     1
   29  6113     7     8
   68  6810     1     5
   11  5761     8     1
   27  4212     8     4
   67  7082     7     1
   11  2644     3     2
   53  5452     8     7
   42  5232     4     1
   83  4036     9     8
   38  3134     2     1
   31  3227     3     4
    9  5040     5     9
   24  2603     5    10
   11  3775     2     9
   60  6427     8     7
  100  4006     9     1
   65  6490     8     8
   39  6538     3     6
    5  6269     1     1
   53  4049     3     8
   54  5879     1     6
   71  3622     6     3
   19  5394     1     7
   96  3790     8    10
    4  3298     7     2
   30  3110     2     7
   82  6766     2     4
   79  6889     4     5
   86  7052     4     3
   36  2615     1     1
   27  5689     8     5
   14  5715    10     1
    3  6942     4     6
   37  3999     8     6
   41  7445     7     4
   70  6574    10     6
   48  4160    10     7
   94  5446     6    10
   11  4355     5     6
   30  5713     9     5
   31  6097     7    10
   41  5099     7    10
   39  3303     5     3
   54  6218     2    10
   51  6392     9     9
   98  7248     2     9
   54  2773     2    10
   16  5432     8     6
   37  6335     6     5
   58  6559     2     1
   68  6998    10     3
   90  4764     6     1
   28  2730     8     3
   87  4942     3    10
   86  6072     6     1
   32  3546     6     5
   16  5569     4     7
   67  5387     7     4
   10  2984    10    10
    2  5171     9    10
    2  5519     8     5
   37  6190     9     4
   15  3435    10    10
    5  5011     3    10
   73  2738     6    10
   56  3429     6     3
   74  4134     2     5
   21  4416     6     6
   49  6393     3     3
   85  6007     6     1
   51  2678     6    10
   79  5040    10     3
   26  3656     2     1
   89  3499     2     3
   33  3807     3     2
   77  2597     2     9
   86  3296     3     2
   86  4097     4     2
   92  5547    10     4
   22  7148    10     6
   44  3206     7     2
   60  5094     9     7
   12  4462     6     7
   71  3453     6     5
   46  2585     3     6
   97  3083     1     7
    2  4517     2    10
   61  5672     7     3
   64  5987     9     1
   12  5018     3     9
   62  3392     7     3
   66  4055     8     5
   48  3758     1     3
   77  4344     7     2
   70  6584    10     5
   21  4014     7     2
   33  5291     4     5
   44  3268     1    10
   41  5947     4     7
   82  4233     7     8
   28  6792     6     1
   91  6143     1     7
   61  6790     6    10
   54  2998    10     1
   79  7159     2    10
   94  3146    10     2
   30  3112     1     9
   65  3005     6     1
   80  4761     5     3
   22  6176    10     2
   87  2703     5     7
   23  5484     1     5
   81  3820     1     8
   98  4682     2     3
   93  6455     9    10
   27  3923     3     4
   95  5282     4     9
   95  3521    10     9
   87  7113     1     6
   58  3818     3     9
    6  6057     2     8
   49  3054     8     9
   23  5391    10     4
   53  7332     4    10
   26  4916     6     1
   93  4524    10     9
   74  3895    10     2
   59  2756     9     5
   37  5309     2     9
   14  7360     5     8
   40  4507     5     3
   64  4651     8     9
    4  6052     5     5
