  500
   42 16826    10     4
   10 13959     3     5
   55 16752     5     8
   64 17464     5     9
   81 13254     6     7
   57 18136    10     5
   88 15675     8     8
   20 17835     1     4
   55 14293    10     9
   46 17743    10     4
   65 13462     3     7
   63 16090     5     4
  100 17372     7     6
   13 15209     9     9
   48 18123     8     4
   82 16356     1     6
   61 15563    10     7
   74 14426     7     6
   16 13178     9     9
   60 16499     7     6
   76 13543     5     4
   31 18246     4     9
   85 13577     7     6
   63 15148     4     3
   59 17060     4     6
   78 17355     4    10
    6 14807     8     7
   55 13503     1     9
   81 14958     5     2
   46 15300     6     8
   47 15137     6    10
   22 13445     6     6
   56 16161     1     3
    2 13551    10     8
   86 17812    10     4
   36 16318     6    10
   58 13349     1     2
   73 15149     8     2
   55 15814     8     4
   12 14544     3    10
   19 14553     9     6
   20 16178    10    10
   74 17537     7     4
   18 13587     5     1
   32 18289     1     9
   22 17321     6     7
   99 16845     7     7
   93 15514     2     5
   95 13409     2     3
   15 16926     5     5
   52 13674     1    10
   70 13854     7     6
   45 16833     8     3
   37 14154     9     6
   33 15904     2     9
    4 15554     4     9
   14 13170     2     5
   38 17614     1     5
   58 15960     4     7
   94 15030     8     7
   84 14575     9     3
    4 17999     9     7
   16 15378     3     2
   40 17639     9     6
    5 13212    10     4
    1 14852     3     6
   75 15619     4     5
   62 13463    10     6
   74 16903     2     7
   30 18335     2     8
   74 14910     2     6
   92 13117     2     3
   49 16175     3     8
   48 14108    10     9
   10 13607     9     4
   81 16126     5     6
   69 18332     5     6
    8 17354     5    10
   73 13301     7     1
   63 13403     9     8
   22 15941     2     5
   25 13878     7    10
   33 14160     5     4
   67 14436     1     8
   61 14934     5     6
   65 16966     8     2
   70 16893     4     6
   75 15007     9    10
    3 16242     8     7
   27 14514     7     3
   69 16940     6     6
   86 17720     6    10
   31 14174     7     9
   84 13979     9     8
   25 17020     4     5
   36 14289     8     2
   85 15734     3     3
  100 14300    10    10
   98 14654     8     8
   58 14298     4    10
   30 14297     3     8
   71 16467     1     3
   50 14318     7     2
   78 17375     5     5
   18 17477     3     1
   59 14827     5     6
   59 15162     2     1
   86 17471     9     7
   67 13842    10     5
   32 15366     8     1
   49 17776     7     4
   89 16686     3     9
   56 16146     6     1
   81 13598     3     8
   55 18024     3     6
   17 17983     2     7
   46 17466    10    10
   25 16579     7     2
   91 14652    10     6
   48 15370    10     7
   52 17995     5     4
   59 13253     6     2
   34 14751     5     6
   82 13831     4     2
   43 14135     6     9
   58 13432     1     1
   18 15022     1     4
   27 16771     8     2
   58 14635    10    10
   15 16578    10     1
   85 17972     3     1
   87 15834     2     7
   85 14706     3     4
   34 13951     9     3
   65 14870     8     2
    3 13845     7     5
   93 15680     4     8
   24 16935     1     3
   89 18219     5     1
   59 16425     5     3
   55 13962    10     3
   37 17657     4     5
   47 14773     7     2
   11 17011     5     4
   18 18157     8     2
    2 14459     1     7
   27 16656     7    10
   63 17285    10     2
   26 17940     9     9
   18 18210     8     6
   10 14316     9     8
   77 17596     6     2
   77 13124     5     8
   43 15970     3     3
   59 18329     9     4
   19 14162    10     6
    1 16304     5     3
   76 15012     1     7
   45 17835     9     8
   59 17842     4     3
   90 13252     3     8
   29 17468     1     9
   46 15338     7     9
   75 14861     5     2
   63 18322    10     2
   10 17110     7     1
   78 15609     3     6
   55 15663     5    10
   34 15707     7     3
   66 15490     7     6
   14 13750     1     2
   89 16572     7     6
    3 14808     2     1
   61 15425     7     3
   99 15244     3     9
   20 14627     2     2
   62 16786     7    10
   26 13561     1     9
   82 13574     1     4
   88 16387     6     8
   44 13432     9     4
   92 14792     9     1
   65 15645     1    10
   20 13459     3     1
   34 17664     3     4
   23 15635     1     3
   38 14523     5     7
   35 15630     8     7
   99 17550     3    10
   82 14020     3     5
   93 15134     3     9
   88 17705     5     7
   11 13149     4     3
   38 17374     2     8
   63 14228     1     9
   74 13133     5     4
   48 16146     8     9
   40 16739     3     4
   28 15698     1     3
   82 13514     6     1
    6 13891     2    10
   42 16351     1     5
   70 16988     2     6
    8 15602     5    10
    2 13437     7     7
   69 13894     7     5
   27 17131     6     1
   63 17126     5     7
   94 14358     7     4
    9 17607     6     5
   51 15175     2     5
   37 14693     7     7
  100 14061     6     5
   15 17722     4     4
   56 15054    10     8
   34 13387     1     9
   37 15018     4     6
   93 16480     6     5
   69 15920    10     5
   35 14230     9     5
   75 17402     8     9
   62 17956     4     4
   23 13596     3     2
   86 17454     1     2
   99 16991     5     1
   86 14726     6    10
   59 17489     7     5
   47 14798     4     9
   25 13127     8     3
   87 14849     7     8
   28 15215    10    10
   30 13920     1     2
   28 18102     7     2
   98 13865     3     6
   38 16425     6     1
   29 13201     5     9
   66 14662     9    10
   65 15217     1     2
   92 17230    10     5
   60 15922     6     3
   73 14486     9     7
   43 14066     1     9
   96 17518     2    10
   73 15450     6     1
   57 13450     5     3
   52 14233     3     8
    7 15740     8     9
   94 15371    10     8
   45 17616     8     3
   75 13322     7     4
   29 16503     8     2
   20 16680     8     2
   37 18180     1     7
   52 17002     3     4
    5 15796     8     3
   35 16833     7     8
   37 13389     8     3
   64 14946     7     8
   82 13293     1     7
   62 13419     7     6
   50 16698     3     6
   10 15411    10     6
   92 14242     8     8
   78 16462    10     7
    7 16178     4     1
   29 17569     3     9
    7 16566     4     6
   73 17742     3     1
   93 14448     5     1
   99 15457     5     1
   32 15326    10     4
   66 15837     5     7
   41 16426     8    10
   28 14505     1     4
   38 18189     3     8
   98 16778     4     2
   79 15641     6     2
   45 15591    10     7
   91 13810     5     9
   24 14918     5     4
   20 15815     7    10
   20 17216     3     1
   43 13260     2     5
   56 15657     9     6
   71 15879     7     4
   48 15958     2     8
   91 14152     5     4
    7 16171     4     7
   11 17807     8     6
   73 14347     5    10
   68 16492    10     2
   61 16166     2     1
   82 16660     6     6
   59 17637     9     9
   38 14290     3     8
   89 14500    10     6
   87 16867     3     8
   44 17758     9     3
   61 13903     2     7
   80 18217     8     8
   42 14876     3     4
   93 16131     3     1
   45 15715     4     4
   83 18205    10     3
   20 17539     3     4
   83 15566     6     1
   80 16644     5     4
   99 14841    10     5
   28 18060     6     7
   70 17357    10     2
   23 16662     7     9
   47 15537     4     7
   89 16234     2     3
   65 16824     8     4
    3 18096     2     2
   59 13775    10     6
   13 14443     9     1
   93 13909     6     6
   66 16848     3     2
   23 13911     8     7
   65 15159     3     5
   33 15002     4     4
   83 16980    10     8
   47 13481    10    10
   92 14300     5     3
   21 18172     2     5
   35 14883     9     6
   79 18070     7    10
   64 17591    10     8
   96 15689     2     3
   58 17949     6     8
    6 14129     5     1
   89 13482     4     3
    3 15326    10     1
   88 13996     4     3
    9 17923     9     6
   85 17794     7     2
   67 17542     9     6
    7 14425    10     1
   12 17516     2     9
   37 16561     8     8
   29 17990     6     9
   59 14714     5     5
   26 14457     1    10
   94 16475     6     2
   61 14472     8     7
   85 15134    10     6
    6 17820     4     3
   53 15283     6     2
   50 13644     4     8
   29 13393     4    10
   18 17345     8     7
   83 15549     9     1
   11 17275     5     7
   64 17728     9     6
   75 16752     5     3
   31 17109     6     1
   99 14273    10     2
   53 16483     2     3
   95 16361     8     9
   95 16864     3     4
   10 16093     7    10
  100 17393     2     9
   83 17249     9     6
   12 18321     8     1
   88 18291     7     2
   91 16833     9     2
   97 17777     5     2
   55 17495     7     7
   98 18161     8     2
    9 16955     6     1
   91 15717     6     5
   26 17812     6     1
   67 13330     3     5
   17 17077     8     5
   20 15949     1     3
   28 14704     2     1
    1 13873     9    10
   25 15431     6     5
   81 16890     7     3
   51 14419     4     7
   54 15726     9     5
   98 15897     6     9
   33 16870     3     7
   65 14663     3     1
   62 15287     5     5
    8 15283     9    10
   95 13433     1     2
   61 16462     4     6
   60 13428    10     3
   90 16697     8    10
   55 14988     6    10
   70 16423     7     2
   90 15751     1     8
   37 13898     4     6
   82 16406     4     3
   77 15704     7    10
   28 17634     2     7
   78 15845     8     5
   31 14860     4     7
   25 17457     2     9
   87 14461     6     5
   22 17480     1     1
   51 16930     7    10
   53 14693    10     9
   38 16219     9     5
   71 14541     7     2
   81 16300     1    10
   39 16994     7     4
   96 16874     2     7
   61 14852     8     3
   89 18315     1     1
   49 14261     3     1
   59 17651     3     1
   22 16847     5     7
   13 15826     5     1
   20 14599     9     6
   29 13792     3     7
    8 16162     7     2
   80 17963     2     2
   88 14122     5     9
   97 14520     4     1
   35 14613    10     1
   57 17448     1     1
   87 17174     6     9
   72 15413     3     7
   38 15516     6     3
   63 14539     3     8
   99 14709     7     4
   16 18263     6     8
   94 16302     8     5
   24 13827     8     3
    2 14385     3     2
   16 15444     8     5
   75 17660     6     2
   55 15981     2     1
   54 13324     8    10
   45 13862     2     3
   35 13942     4     1
   92 17220     5     4
   40 17638     5     9
   96 15696     1     3
   80 17196     7     4
   88 13561     7     9
   54 15009     6     4
    1 15705     3     1
    1 16290     4     9
   74 16510     4     9
   30 16399     5     7
    8 14113    10     1
   54 16135     8    10
   17 17424     9     6
    5 15536     6     1
   88 17650     7     1
   74 16533     1     6
   91 14371     1    10
   59 14725     1     8
   12 13710     9     9
   54 15812     3     8
   58 16336     7     1
   27 13635     6     6
   48 13776     2     2
   81 17065     6     3
   28 14922     8     8
   63 16122     2     7
   55 16387     1     4
   83 17806     1     8
   16 16348     9     6
  100 17151     4     7
   17 13410     4     8
    8 15230     5    10
   39 16451     9     5
   13 16009     7     1
   87 14088     1     3
   27 16914     5     3
   66 17920     4     4
   88 16695     3     3
   27 14866     8     2
   40 16091     7     2
   17 14756    10    10
   35 15881    10     2
   93 13887     6     2
   34 13841     8     5
   39 18319     5     3
   81 13199     2     3
    7 17277     1     1
   30 14352     5     3
   40 14826     3    10
   18 17890     1    10
   84 17067    10     1
   97 18065     1     1
   45 13186     6     5
   31 17745     1     2
   78 16792     7     3
   73 15011     3     3
   94 15529     2     9
   33 14840     9     7
   55 14478     5    10
   10 13539     1     5
   32 13653     5     3
