  500
   58 16117     8     5
   88 16307     7     6
   37 17723     3     1
   39 16448     6    10
   34 17220     8     4
    6 13640     9     2
   81 14283     9     6
   58 13230     2    10
   94 13117     9     9
   75 14188     8     5
   19 15364     1    10
   68 12771     8    10
   95 14841     3     6
    3 12914     1     5
    8 15796     2     3
   59 13384     5     8
   39 14342     3     1
   12 14785     6     5
   69 15087     9     5
   25 17475     3     8
   73 15147     5     4
   64 17611     9     9
   68 14536     8     6
    4 17035     8     3
   75 12981     7     6
    8 15215    10    10
  100 15450     9     7
   60 15585     6     2
   86 12967     4     8
   30 13981     1     2
   25 16640    10     3
   44 16330     3     2
   18 17534     8     7
   62 16506     4     4
   82 14921     9     1
   51 16896     7     1
   67 17392     2     5
   63 16449     9     7
    9 17372     8     1
   60 17755     2     4
   38 12779     6     1
   27 14878     9    10
   28 17771     9     4
   32 14866     1     6
   30 15038     1     5
   35 15710     2     6
   91 15496     7     4
   68 16626     3     5
   47 17740     8     1
   59 17828     5     9
   93 16243     5     3
   19 15029     4     4
   23 17582     5     7
   61 12922     2     8
   23 14206     1     7
   98 17808     2     3
   68 15382     3     7
   22 16902     2     4
   57 15536     9     4
   53 15595     8     4
   52 13026     2     5
   81 14319    10     7
   97 14067    10     6
   69 17805     1     2
   43 12967     3    10
   79 16234    10     7
   19 16844     7     3
    9 17605     6     5
   41 14825     1     3
   27 16358     5     3
   69 17502     8     9
   79 14850     8     4
   54 13379     5     3
   96 17415     8     2
   10 16962     8    10
   83 15662     5     7
   31 15267    10     7
    1 14600     4     4
   51 14430     7     2
   78 15149     9     8
   59 14571    10     2
   44 12816     1     4
   97 17424     2     1
   81 14295     5     8
    4 12984     4     1
   19 13772     5     8
   79 14246     6    10
   71 15611     6     8
   41 12816     6     1
   35 17027     4     4
   24 13348     3     2
   93 13087     9     6
   16 13488     5    10
   20 14661     4     7
   61 13035    10     8
   58 13701     7    10
   99 13037     6     3
   79 17124     6    10
   66 13448     4     5
   39 15108     6     6
    6 15625     2     2
   35 13093     1     3
   18 17203     3     9
   60 16249     6     5
   30 17753     1     4
   27 16307     3     8
   42 14054    10     1
   61 15163    10     1
   27 13050     6     1
   93 15730     6     2
   38 17558     8     8
   86 14867     8     3
   36 15792     8     6
   34 17124     9     9
   67 16407     2    10
   40 16021     1     7
   53 13038     5     6
   45 12796     9    10
   10 13774     8     4
   94 13100    10     7
   79 17069     4     3
   33 14368     2     5
   86 13432     1     3
   95 17802     8     3
   53 16274     6     2
   46 13713    10    10
   52 13646     6     2
   51 16556     3     5
   25 12980     7    10
   18 14340     9     7
   90 13807     8    10
   31 15850     9     2
   52 14678     2     9
    7 13152     2     8
   90 14242     4     6
   82 14573     2     3
   34 16705     4     6
   32 15541     4     7
   43 16981     1     4
   60 17001     2     7
   25 13414     1     9
   81 16681     8     1
   46 14010     9     9
   60 16451     9     4
   15 15948     8    10
   12 17663     2     9
  100 14614     1    10
   67 16231     3     6
   57 17704    10     8
    9 15634     1     4
   61 16576     4     3
   36 16915     5     1
   42 17247     2     9
   46 17254     4     5
   30 16860     2     3
   94 15664     9    10
   92 13110     5     5
   82 17752     7     5
   45 14363     1     5
   17 13335     2     4
   99 14234     7     1
   34 15415    10     4
   48 16430    10     5
   51 16157     8    10
   41 15813     2     2
   37 12814     3     1
   32 12873     9     3
   74 14661     5     8
   69 15601     8     7
   75 17100     1     6
   33 13804     8     4
   93 16260     9     5
   55 15923     8     7
   79 15060     6     3
   53 14853     9     8
   69 14013     8     6
   90 14865     9     2
   52 16713     1     8
   36 17490     2     2
   47 14712     8     9
   61 14489     1     2
   96 16209     7     4
   82 13770     4     9
    2 13879     3    10
   42 15606     1     8
   11 12773     5     2
   96 16788     3    10
   34 15961     7     3
   93 17770     3     6
   40 13293     4     4
   50 16541     8     6
   91 14146    10     6
   73 15953     3     8
   98 15114     7     1
   41 17549     9     6
   13 13908     6     9
   34 15174     2     1
   73 17667     8     8
   87 15814     3     6
    3 12917     9     7
   47 16909     8     3
   19 16864    10    10
   95 16423     9     2
    2 14975     8     9
   98 14066     8     3
   48 13419     7    10
   70 16234     5     5
   88 16177     6     4
   99 17377     8     8
    6 15866     8     6
   34 13032     6     3
   59 14009    10     9
    1 14218     4    10
   15 14047     9     2
   61 15133     2     8
   42 17069     6     8
   26 14066     6     3
   56 14063     5     8
   75 15173     3    10
   18 13978    10     8
   95 14601    10     2
   25 13857    10     5
    9 15370     9     4
   68 17800     4     9
   22 16216     9     6
   50 15061     8     9
   80 13851    10     7
   56 13533    10     6
   23 14870     7     6
   66 16911     4     3
   58 13695    10     3
   70 13922     4     8
   85 15917     3     3
   53 17364     9     4
   71 16142     3     7
   83 17229     2     6
  100 12925     7     4
   41 14518     9     1
   70 15549    10    10
   99 17548     6     1
   46 17630     6     7
    3 15826     5     2
   58 13699     6     9
   47 13990    10     6
   18 17119     5     3
   18 16077     9     7
   88 13202     5     3
   44 13327    10     5
   73 17386     5     4
   63 15620     7     2
   62 14551    10     3
   67 14129     4     5
   88 16723     9     7
   70 17166    10     6
   34 14072     8     4
    9 15081     7     2
   20 14369     9     4
   14 15168     9     1
   65 15859     8     8
   42 16485     5    10
   80 14221     2     4
   23 16800     9    10
   12 17652     1     8
   65 17384     6     6
   75 16306     9     4
   82 15937     3     4
   47 16755    10     2
   75 16477     8     7
   23 17700     2     5
   16 14447     9     1
   73 16167     3     8
   68 17473     9     1
   19 17519     3     3
   30 17111    10     6
   14 13606    10     6
   36 16780     7     6
   47 15331     9     3
    2 14053     5     9
   80 17353     9     1
   19 14859     3     6
   65 16919     3     1
   41 14046    10     3
   86 16234     9     1
   52 15784     3     7
   11 13354     9     8
   19 17551     8     4
   61 13008     1     9
   31 14969     8     2
   32 14862     6     4
   25 16113    10     6
   73 13596     4     1
   11 16328     9     7
   47 15055     9     5
   84 13391     4     9
   75 15854     4     3
   22 13504     9     9
   66 16573     9     2
   21 14752     3     5
   96 17227     6     6
   88 16416     2     6
   37 16445     1     6
   69 15536     1     3
   55 16031    10     7
   55 16106     5     8
   99 14790    10     9
   69 16882    10     3
   91 15028     4     4
   45 17367    10     1
   71 13078     6     2
   70 14524     2     4
   64 14368     5     7
   35 17242    10     2
   11 15815     1     7
   49 17848     3     8
   87 15169     3     8
   22 16414     1     5
   67 17542    10     1
   47 15422     3     7
   52 13526     8     7
   99 14546     5     5
   72 13677     3     2
   24 14367     2     8
   10 13017     5     2
   19 15978     3     6
    7 15003     7     6
   84 16117     8     5
   40 16728     1     5
   72 13718     5     7
    5 13012     3     9
   36 16097     7    10
   60 17379     8     3
   42 16702     5     4
    5 13776     7     3
   15 15553     8    10
   96 14950     2     2
    3 15811     8     1
   83 14577     9     2
   87 17224     5     6
   47 15321     8     1
   54 14901     4     3
   57 13890     8    10
   11 16934     2     8
   88 14285     3     5
   68 16950    10     6
   59 16925     6     5
   74 16699     7     3
   89 15507     2    10
   26 16610     5     6
   21 14263     2     9
   40 16278     2     6
   24 13299     1    10
   92 15186     6    10
   64 12787     3     3
   34 13561     5     2
   10 13307     8     6
   71 15036     1     8
   17 16924     4     6
   50 17280    10    10
   43 16000     8     5
   22 17181     6     5
   86 15519     8    10
    2 15522     5     8
   64 16025     3     8
   90 16541     6     2
   16 13217     2     7
   60 13118     6    10
   92 14494     4     2
   99 15040    10     9
   46 17587    10     5
   39 17060     1     3
   52 17186     5     2
    3 13619     9     4
   49 16137     4    10
   40 13614    10     6
   70 17815    10    10
    8 15205     9     5
   14 17558     6     8
   58 15464     1     9
   34 13957     5    10
   34 13964     7     7
   98 13884     2     5
   58 14502     5     9
   26 16396     2     6
   62 13917     6     8
   91 15309     1    10
   35 16948     1     1
   32 16199     9     6
    8 14375     4     6
   85 16370     1     1
   75 14342     6     1
   29 13699     2    10
   70 14032     8    10
   76 17109    10     8
   93 16970     6     8
   60 17818     6     1
   92 17572     4     5
   52 17333     1     7
   51 14455     9     3
   91 14754     5     4
   97 17063     2     2
   90 13658     1     5
   43 14083    10     6
  100 12825    10     6
   39 17041     6     5
   82 14942     1     2
   69 12782     1     5
   46 14388     4     9
   96 14643     6    10
   26 15491     3     4
   80 15591    10     8
   30 15853     5     6
   24 16621     7     9
   37 17338     6     7
   55 14391     8     1
   85 17784     2     6
   27 14790     6     7
   90 13481     9     2
   17 16126     2     2
   34 16411     9     2
   75 17097     1     2
   91 17713     7     2
   63 17355     2     1
   44 13272    10     1
   66 16964     9    10
   55 16467     7     9
    4 13232     5     2
   58 16678     2     5
    7 15943     7     5
   55 14932     3     4
   48 13575     8     8
    3 15149     8     7
   44 15836     5     9
   90 14903     9     4
    3 15219     9     3
   82 15019    10     3
   72 17091     9     5
   71 15246     1     8
   28 16653     5     2
   68 13876     5     4
   97 12879     4     2
    8 14386     4    10
   97 16975     1     9
   20 16746    10    10
   44 13867     9     6
   52 13508     8    10
    4 16673     3     6
   70 15903     6     2
   41 14235     6     1
   21 14941     5     8
    4 14456     5     4
   15 13475     8     3
   11 14796     3     9
   67 13953     8     5
   59 13992     8     3
   77 13902     1     8
   21 17666     5     3
   62 14469     2     5
   34 17826     4     2
   27 15752     1     8
   17 16647     7     8
   82 13543     2    10
   30 13043     1     5
   60 14626     3     6
   71 15692     2     3
   32 15507     1     7
   42 16890     3     9
   43 14926     1     8
    3 12896     2     5
   70 15685     9     1
   10 16048     7     1
   99 13021     5     6
   77 17317     5    10
    7 15165     7    10
   18 17012     6     6
   20 13327     5     6
   58 15918     4    10
   22 15827    10     2
   90 16475     1     8
   99 17399     2     1
   42 12910     4     9
   94 13073     7     1
   13 13016     9     3
   52 14952     9     8
   60 14272     4     6
   72 14253     6     6
   28 16100     9     5
   81 14081     8     8
   34 15968    10    10
   62 16068     5     7
    8 17078     1     6
   50 14758     8     8
   43 16857     6     7
   37 17367     3    10
   10 16629    10     3
   14 14692     7    10
   69 15016     3     7
   52 15661     4     2
   56 16863     9     7
   72 15157     4     1
   21 13489     3     2
