  500
    6 18574     9     4
   19 21168     4     5
   75 17695     4     6
   82 22233     3     1
   87 22119     1     1
   84 18031     9     9
    2 18630     2     9
   90 20000     2     4
   74 19491     6     2
   37 22212     8     8
   14 19046    10     3
   96 18640     7     3
   10 17696     1     8
    8 20616     4     3
   49 18110     9     5
   86 17881     1     2
   42 18334     2     8
   97 20569     3     6
   47 17659     4     1
   94 21465     6     9
   19 21730     7     7
   50 18704     5     6
   14 19221     7     1
   26 21639     6     3
   36 22211     9     9
   30 21709    10     1
   35 17552     1     7
   35 21548     6     8
   21 21563     2     8
   15 20436     9     9
   85 17888     6     9
   27 17656    10     2
   33 19123     3     3
   60 18099     9     5
    8 22404     3     2
   19 18760     5     3
   43 18645     9     3
   10 18553     6     1
    9 21275     9     7
   17 20652     6     5
   47 18284     3     8
   22 17840    10    10
   13 21807     4     8
   56 18495     4     5
   30 20972     3     2
   61 22432     3     3
   41 18891     6     7
   72 21821     6    10
   58 20520     7     9
   87 19066     9     7
   65 20804     2     8
   76 19769     4     5
   37 20285     5     3
   79 17544     8     9
    1 18926     1     8
   73 20015     3     2
    8 21768     9     9
   35 18994     1     4
    7 19081    10     9
   29 20849     2     6
   49 21946     1     2
   92 19485     6     8
   55 21021     2     8
   82 18587     5     5
   51 20100     6     2
   63 20943     6    10
    1 19862     2     8
   94 21260     7     5
   72 22012     3    10
    9 18656    10     5
   11 19431     2    10
   18 17814     7     7
   31 19012     9     4
   23 18756     6     7
   73 18824     2     2
   60 17502     3     6
   84 18707    10     9
   14 20231     7     9
   32 21839     8     5
   42 21742     6     8
  100 21812     8     5
   96 20162     9     3
   17 19029     1     2
   37 19616     2     8
   74 20221     9     1
   18 20470     1     9
    9 22146     7     9
   82 19507     9    10
   52 21980     3     3
   15 18746     6     8
   10 17875     1     6
    1 21444     4     5
    7 20747     3     6
   64 21412     4     3
   83 17549    10    10
   57 18365     9     7
   27 19874     1     2
   83 19927     1     8
   50 22141     5     2
   98 19404     3     1
   92 21098    10     2
   60 19090     6     1
   16 19733     1     8
   23 17629    10     6
   83 20361     3     8
   89 21073     3    10
   83 17647     2     1
   67 21583     2     7
    2 18822     1     8
   14 22001    10     6
    8 20843    10     4
    2 18153     8     3
    9 19681    10     9
   24 22388    10     6
   38 20284     2     1
   83 22418    10    10
   41 20377     3     5
   47 19949    10    10
   64 19444     9     9
   93 19875     7     7
   61 21210     5     8
   74 19835     9     4
   94 18837    10     2
   68 19475    10     3
   38 18765     4     7
   77 18902     2     1
   24 20355     8    10
   64 21154     4     8
   59 21344     2     8
   74 20014     4     1
   62 18077     8     9
   51 19961     2     9
   34 21619     9     2
   77 20325     8     7
   73 20106     3     5
   17 19499     4    10
   65 18917     2     6
   56 20268     5     5
   83 18600     7     6
   67 20254     3     4
   69 19788     4     1
   90 21959     6     9
   68 20923     2     7
   78 21985     5    10
   14 21865     8     5
    6 18726     5     8
   60 21922     5     9
   55 19760     2     9
   52 21190     4     7
   24 18884     5     7
   48 22151     8     6
   13 19918     1     4
   97 21235     5     1
   42 18507    10     7
   80 21909    10     7
   34 17518     8     7
   18 19924     1     7
    4 19783     9     7
   98 21188     1     5
   77 18787     2     4
   78 22313     2     7
   59 21780     8     3
   27 21263     5     3
   11 21451     2     9
   36 19624     7    10
  100 18888     8     7
   28 18468     5     8
  100 21056     9     6
   55 21672     2     2
   10 19583     2     4
   67 18829     3    10
   23 18979     7     3
  100 19061     9     3
   35 22267     6     6
  100 18482     3     2
   14 18444     6     7
   40 18511     3     3
   60 17923     7    10
   68 20720     9     5
   92 22217     6    10
   83 19322     3     7
   15 20390     7    10
    4 19653     8     4
   80 18076     7     8
   57 21412     6     6
   84 19081     9    10
   13 18109     4     5
   74 18855     8     2
   88 21379     7     6
   11 21813     6     9
   50 20157     9     6
   65 21211     8     3
   69 21111     5     2
   77 18939     6     9
   76 20180    10     2
    4 18253     2     1
   76 20342     3     5
    3 21163     6    10
    4 21825     2     6
   30 19533     6     7
   13 18265     9     3
   70 18172     6     5
   53 21027     4     9
   12 19841     8     5
    4 17958     3     1
   52 22024     6     1
   25 20801     5     1
   44 18984     5     4
   12 22463     5     1
   93 19040     4     6
   35 18719     3     3
   95 19304     7     7
    8 21945     2     5
   39 20888    10     7
   74 19895     4     4
   64 20876     7     1
   22 17488     9     7
   87 20520     9     8
   37 22246     4     3
    9 21383     7     3
   97 19851     7     7
   87 19922     4     8
   74 20112     7     6
   66 18480     1     8
   63 21376     1     7
   49 17810     6     7
   69 19249     4     9
   38 19237     5     1
   52 21488     3     6
   72 18592     7     5
   68 21285    10     8
   64 22269     2     8
   42 19280     2    10
   20 19831     5     7
   76 19629     9     2
   46 19753     7    10
   72 19374     1     7
    1 17949     5     3
   89 21253     1     4
   83 19355     7     7
   94 19504     8     8
   24 17491     3     7
   77 21174     3     4
    1 18968     9     2
   62 20895     5     3
   51 18587     8     7
   64 22359     7     3
   84 20898     5     9
   37 21622     9     5
    1 22124     2     5
   93 19799     1     1
   34 18992     5     2
   88 19564     8     3
   66 22427     7     6
   99 19987     7    10
   50 18459     8     9
   15 17755     4     3
   67 21752     1     8
   88 20212     3    10
   66 21759     7     9
   39 17863     7     2
   55 19015     4     7
   29 21546     8     6
   81 19658     1     1
   74 21362     9     3
    5 18694     8     8
   26 21927     9     1
   45 18254     1     9
    5 19158     4    10
   15 20698     9     4
   28 20124     7     6
   98 21177     4     8
   38 20705     2    10
    5 18816     9     9
   99 17664     4     9
   99 19118     8     2
   55 19919     9     6
   63 17541     1     2
   83 17535     2     1
   92 19059     7     1
   64 22180     4     6
   75 19850     4     2
   25 20566     3     2
   51 19263     1     9
   40 19795     1     8
   24 18072     9     1
    1 20237     1     7
   54 20065     6    10
   90 22340     1     9
   88 17967     3     6
   19 19343     2     9
   29 17722    10    10
   42 19498     6     3
   48 18408     1     4
    9 19896    10     1
   16 18378     6     6
   53 19617    10     2
   35 19341     8     2
   61 19147     6     5
   57 21290     4     2
   49 17558     8     5
   88 21786     2    10
   55 19986     7     9
   86 20778     1     5
   92 18121     3     8
   54 20165     2     8
   85 22411     8     7
   47 20555     3     3
   16 20222     2     9
   67 22461     1     7
   38 22130     1     4
   79 19921     8     5
   41 19829     5     9
   62 20215     3     5
   30 21699     8     3
   81 22140     5     6
   85 20803     1     6
   30 19454    10     9
   34 19724     2     6
   75 20662     2     4
   18 19937     2     5
   53 21582     6     4
    4 20899     3     4
   59 21950    10     7
    1 17509     8     8
   13 18313     2     5
   75 17847     7     2
   53 19641     8    10
   48 20170     1     6
   35 19509     3     7
   10 18450     3     1
   96 20243    10     1
   23 18814     6     6
   65 20952     1    10
   82 18540     1     5
   15 19451    10     3
   19 18635     2     7
   66 18469    10     1
   61 17524     4     6
   34 21373     6     6
   32 18449     1     8
   99 22170     4    10
   13 18812     3    10
   73 20794     5     6
   60 19903     6     4
   43 18030     2     2
   53 20452     1     1
   45 18225     9    10
   72 20000     2    10
   87 17694     2     7
   20 21402     2     4
   89 22452     5     5
   40 21792     7    10
   24 19820     4     8
   48 21921     6     2
   41 21816     5     7
   37 20648     7     2
   23 22283     3     4
   94 18976     4     6
   84 18337     9     7
   57 19311     7    10
    3 19941     8     7
   80 21095     8     8
   80 20641     4     5
   68 18411     8     6
   61 22151    10     2
   95 17610     4     8
   86 19562     1     3
   26 18139    10     3
   55 17649     7     4
   20 18453     6     8
   58 19103    10    10
   53 22335     3     3
   33 19781    10     7
   31 22413     6     6
   13 19756     8     7
   75 20326     4     9
   83 20384     6     7
   58 20497     8     7
   47 17845     5     8
   70 20594     7     3
   78 19417     1    10
   36 17815     1     3
   10 19904     6     3
    2 21753     6     7
   83 22252     7     4
   50 19239    10     9
   38 19919     2     8
    6 22054     1     7
   43 20730     5     5
   22 20772     2     5
   63 18883     7     6
   46 18189     2     2
    1 19386     2     2
   42 22039    10     1
   13 19116     1     8
   61 19055     1     4
   36 22165     5     8
   99 21194     1    10
   87 19709     2     6
   91 22330     4     2
   19 22163     9     8
   45 21328     3     6
   44 22183     6     4
   51 19462    10     5
   75 21259     8     1
   57 19458     5     1
   25 22304     3     3
   58 19161     5     7
   15 22470     3     7
   72 17667     9    10
   27 22270     2    10
   92 19406     3     6
    7 17998    10     3
   36 19693     7     2
   94 18677     9     3
   90 17768     6     6
   85 21447     8     1
   32 21112     2     1
   95 22337     8     3
   28 19695     2     6
   53 19402     6     5
   57 18739     4     9
   73 20400     5     7
   54 21303     7     7
   98 18297     5     9
   86 22031     5     5
   15 17876     9     1
   34 17980     2     7
   85 20743     5     4
    1 20101     3     6
   24 17828     5     8
    3 20425     5     2
   46 18947     5     1
   68 17530    10     2
   53 22402     5     6
   20 17724     5     2
   24 19503     4     2
   78 22225     7     8
   77 19401     9     9
   38 19491     8     8
   49 22408     6     7
    4 19190     2     8
   30 21413     3     4
   55 17924     5    10
   39 21398    10     9
   23 17608     3     6
   44 18208     2     5
   24 20364     9     9
   54 21236     6     6
   38 18064     1     7
   51 17577    10     5
    7 18156     1     1
   95 19319     4     6
   23 20492     6     1
   60 21975     7     8
   92 20131    10     4
    9 20042    10     5
   75 22367     8     8
   26 20627     1     1
   93 18304     5     9
   75 19986    10     3
   50 20971     5     9
   95 21244     9    10
   21 21448     6     4
   17 21016     6    10
   48 21165     3     5
   40 21688     2     6
   41 18037     2     2
   25 20909     2     2
   17 18607     3     4
   78 20044     9     9
   74 20835     7     9
   20 20312     4     1
    7 18975     1     3
   28 21275     3     8
   58 19229     6    10
   30 19099     5     8
   72 21999     6     3
   81 22108     4     9
   83 17853     1     3
   10 17581     6    10
   32 22200     6     3
   90 18525     1     4
    4 19415     1     5
   55 20211     1     4
   50 18018    10     1
   96 22062    10     9
   63 17772     1     8
   24 17904     7     8
   21 20207     3     9
   56 18591     5     7
   99 20405     8    10
   71 18696     7     7
   50 22351     5     7
   19 19371     5     4
   87 22227     5     7
   98 21035    10     2
   58 18577     7     9
   27 17782     6     8
