50 2
57 69 2 8
68 84 8 2
43 149 3 7
69 423 4 3
24 111 2 10
44 46 6 9
58 51 6 3
12 277 8 1
87 333 2 5
8 100 1 7
63 196 7 4
32 437 1 4
26 446 8 1
58 502 3 4
33 176 5 6
83 75 10 7
35 75 10 8
33 110 2 2
7 443 1 4
13 428 9 2
25 434 8 2
14 212 9 10
93 0 3 3
60 25 9 9
22 272 5 6
20 213 3 5
59 0 3 7
52 475 8 4
66 0 5 4
13 248 5 2
44 57 4 10
7 494 6 1
16 487 5 6
94 492 7 10
50 125 1 7
36 483 8 1
44 240 4 8
5 155 7 9
45 381 6 1
37 174 5 1
38 74 9 9
31 406 4 3
63 0 6 4
3 192 6 8
2 126 7 3
93 361 2 7
2 337 7 1
14 303 8 4
56 0 5 10
56 0 7 9
SETUP
0 15 17 16 19 8 22 5 18 26 33 37 30 17 27 31 15 12 32 6 11 18 16 21 21 18 31 18 10 26 6 20 21 31 6 22 23 14 25 3 33 19 31 26 17 16 26 19 17 29 21
0 0 33 22 8 14 24 14 21 21 23 29 26 10 16 23 21 17 38 20 19 37 25 12 8 26 20 23 25 18 30 25 36 27 20 36 37 25 7 4 9 13 14 19 14 3 12 6 27 19 8
0 27 0 15 12 28 12 13 18 16 12 3 34 13 24 6 6 7 27 34 28 24 2 27 25 29 20 20 19 15 35 28 34 20 30 29 26 35 20 14 11 16 10 40 20 23 18 21 15 14 24
0 16 22 0 17 8 17 13 26 23 32 17 37 18 10 5 2 16 18 20 18 28 14 12 15 16 16 33 18 15 9 0 28 22 8 13 16 31 26 7 40 12 28 19 25 27 18 18 36 14 10
0 24 18 22 0 9 28 15 16 11 8 25 6 15 34 2 23 13 23 24 27 36 21 12 1 9 29 30 19 24 22 15 33 18 20 25 18 16 12 20 33 14 26 18 20 35 34 39 10 25 30
0 28 28 31 28 0 19 25 17 13 19 31 28 19 20 27 4 21 28 29 28 26 10 31 18 19 14 24 12 6 8 5 16 13 7 12 25 15 18 32 20 23 34 39 26 32 26 23 8 16 11
0 16 28 20 19 7 0 22 32 26 14 11 11 8 9 17 32 5 21 13 21 28 34 16 17 30 29 18 18 22 20 24 21 3 17 6 20 22 19 6 2 12 11 17 15 28 10 17 21 26 8
0 26 4 24 26 29 13 0 31 15 24 20 36 16 15 9 11 27 23 12 38 22 18 19 18 29 26 26 20 25 27 14 14 2 22 24 22 11 33 26 14 13 12 14 14 19 11 23 6 21 27
0 10 11 34 29 31 19 16 0 26 12 27 2 24 28 10 20 31 14 26 17 18 15 12 15 16 14 33 18 15 31 29 27 20 22 22 21 13 24 18 16 2 30 19 23 28 9 7 36 18 31
0 25 23 21 18 21 10 34 28 0 27 21 31 15 18 12 32 4 34 20 23 16 34 29 23 6 12 22 30 28 21 22 20 17 18 33 28 32 22 14 17 29 24 19 22 23 19 28 15 15 4
0 25 31 12 13 3 9 18 23 14 0 25 1 8 9 31 7 29 24 23 20 30 33 21 22 20 26 32 3 32 25 16 29 27 21 8 26 16 31 26 21 27 23 17 19 17 13 20 21 29 18
0 8 22 28 24 29 12 20 19 11 24 0 17 14 25 34 20 3 34 15 19 22 22 8 12 12 30 27 15 13 17 6 19 32 8 18 10 8 24 27 6 22 18 8 12 18 18 12 31 20 1
0 7 10 39 31 1 0 25 16 16 3 23 0 30 26 9 24 9 14 22 35 30 27 23 14 20 24 18 28 19 16 19 31 18 27 19 32 22 30 15 21 8 32 5 21 5 18 36 22 28 21
0 28 11 22 16 34 26 28 22 9 13 13 24 0 9 12 11 14 20 19 24 20 24 14 20 12 25 25 36 12 18 9 10 29 12 10 10 32 18 21 13 1 15 28 21 18 21 24 7 11 29
0 29 24 29 6 33 19 13 12 7 6 7 34 28 0 20 31 19 30 32 7 24 16 27 22 25 21 17 20 22 21 20 30 16 19 7 15 11 26 18 39 8 30 29 9 32 22 24 38 15 10
0 24 22 22 19 27 18 15 29 13 18 5 17 16 15 0 28 38 13 17 22 12 19 15 20 7 14 31 23 22 10 29 27 14 9 17 15 21 29 22 16 14 19 12 2 20 20 21 38 17 7
0 28 16 33 18 19 19 28 15 16 24 17 29 34 9 16 0 23 1 0 29 28 13 6 18 20 15 14 25 28 17 17 26 19 17 33 10 22 18 34 9 14 15 12 35 3 14 17 24 18 21
0 6 20 20 0 30 8 23 31 11 18 10 9 21 17 34 25 0 6 17 22 19 24 36 30 17 29 9 27 6 16 15 4 23 20 5 21 24 17 31 17 29 11 17 26 7 33 27 27 29 29
0 26 24 30 17 31 23 24 4 37 33 15 17 14 28 7 1 25 0 25 2 24 15 35 13 6 19 32 32 5 29 15 14 26 13 30 32 24 30 17 13 12 18 10 9 22 17 20 23 15 2
0 2 18 28 15 10 18 15 13 13 21 12 7 26 25 20 31 23 24 0 27 11 38 28 29 21 21 6 19 25 23 6 27 22 18 30 14 18 23 17 25 37 11 15 20 21 29 39 3 31 18
0 21 8 16 20 3 14 37 26 11 16 33 15 33 18 19 21 29 22 38 0 27 35 23 8 16 9 18 37 15 27 33 26 9 26 4 21 12 15 13 20 33 36 29 21 29 14 21 20 34 23
0 20 12 12 33 12 26 36 27 6 10 9 17 29 5 31 32 17 16 28 29 0 11 22 36 15 22 24 24 9 19 26 16 38 21 30 23 7 24 15 11 10 29 29 11 22 20 16 30 26 21
0 14 6 10 18 27 13 10 28 17 28 36 31 9 38 22 31 32 27 21 24 35 0 20 12 23 11 20 18 16 29 5 30 25 19 14 11 21 21 28 30 23 17 11 17 18 18 40 21 24 23
0 23 20 25 36 27 37 30 13 11 18 21 15 27 26 10 13 23 30 21 26 35 30 0 11 8 13 12 25 13 9 18 8 37 22 36 20 25 2 27 13 18 13 16 30 34 8 23 8 24 11
0 21 15 30 18 25 38 15 1 28 11 29 20 22 38 16 5 22 40 26 23 32 13 25 0 21 10 34 20 17 5 15 11 12 33 23 12 15 18 24 9 23 20 32 20 21 13 22 5 15 35
0 7 17 10 22 16 6 26 20 18 13 12 12 38 35 9 40 27 15 14 10 16 30 9 32 0 16 12 12 7 22 37 39 7 19 16 17 24 18 27 5 30 35 14 31 17 5 12 32 6 30
0 16 11 11 30 34 23 18 34 29 26 30 29 19 15 20 24 11 20 27 14 13 15 30 21 17 0 28 13 13 25 5 19 23 17 38 21 25 35 21 16 15 15 22 19 16 18 17 20 34 6
0 14 10 24 18 12 0 34 24 31 13 31 20 16 33 18 17 32 18 30 28 2 32 18 2 27 13 0 6 10 19 18 7 13 12 3 20 7 29 18 25 20 21 20 34 31 32 16 29 9 21
0 7 35 3 33 15 9 15 30 13 22 14 15 40 32 5 29 8 30 13 9 22 6 24 21 28 38 30 0 27 10 24 20 15 23 15 22 5 40 26 18 26 27 17 3 30 26 9 13 27 10
0 17 12 17 4 19 4 27 26 15 26 31 11 10 23 26 9 16 18 37 32 9 14 28 17 31 7 9 24 0 17 10 24 28 23 33 16 9 22 33 15 24 26 21 40 27 30 24 16 15 30
0 17 15 31 19 29 14 14 24 38 15 10 23 9 21 16 18 21 16 34 30 19 15 39 24 13 8 25 30 11 0 14 35 5 24 16 31 20 30 28 18 35 7 30 13 19 7 7 21 8 16
0 16 24 29 27 37 7 10 15 26 11 10 26 27 13 8 13 23 24 30 32 35 20 30 35 20 20 38 10 14 32 0 15 14 33 13 29 5 13 27 10 28 3 14 27 27 14 13 16 11 16
0 12 25 35 35 12 5 31 8 24 36 20 36 30 32 20 27 23 31 22 29 14 30 13 26 21 13 23 19 23 7 16 0 17 23 34 23 3 33 27 12 26 20 27 29 18 35 17 17 12 17
0 18 14 31 28 34 14 16 15 11 23 0 8 22 6 18 15 16 37 0 9 29 2 19 20 9 18 15 19 5 21 35 23 0 22 24 15 28 25 27 37 19 24 15 17 3 29 29 22 4 25
0 20 21 24 20 27 29 38 8 5 16 18 20 23 18 24 19 37 12 27 32 30 20 34 14 24 32 8 22 18 14 11 23 2 0 27 23 23 4 19 14 14 29 29 28 14 16 19 22 32 19
0 21 17 5 11 32 0 39 30 34 25 18 38 10 13 16 30 38 26 23 10 18 32 17 12 35 27 33 9 10 20 30 20 16 22 0 15 31 7 29 17 11 17 18 28 18 6 37 36 19 35
0 20 23 32 9 15 30 18 31 27 25 23 14 22 22 26 18 12 15 25 8 16 8 29 11 20 20 23 14 15 30 32 25 23 30 23 0 12 30 23 34 25 27 14 1 7 10 13 20 31 24
0 32 34 9 24 26 14 25 27 7 4 23 36 13 14 24 25 11 23 30 21 21 32 17 19 18 18 23 12 1 11 16 7 18 19 22 23 0 16 10 2 37 39 8 13 18 32 23 30 26 23
0 26 9 30 23 28 19 22 14 8 25 17 31 14 33 6 34 30 11 15 38 31 12 14 30 7 33 22 16 14 24 2 27 32 28 12 25 19 0 32 1 13 21 25 6 18 8 17 24 28 7
0 17 4 39 26 30 28 31 1 5 38 27 14 27 35 27 21 12 18 20 14 28 31 16 30 14 37 15 23 21 17 22 16 32 16 40 13 31 27 0 15 22 2 19 13 37 13 30 14 7 4
0 4 8 22 22 6 25 39 25 39 28 21 18 10 12 18 22 32 31 16 17 19 33 23 29 17 36 21 21 11 14 33 21 13 39 15 11 13 38 29 0 31 23 32 21 27 16 20 32 20 18
0 25 31 18 29 17 26 20 11 25 20 24 19 13 18 22 16 11 31 19 25 20 28 14 27 25 16 25 21 18 35 35 13 10 14 10 33 24 31 12 26 0 5 18 25 20 37 11 29 17 24
0 1 8 26 18 26 35 13 8 25 18 19 24 23 17 19 18 35 9 3 36 5 11 21 25 19 22 12 10 18 11 5 29 27 13 16 13 23 17 35 29 8 0 27 25 12 24 29 8 16 39
0 11 29 15 20 32 23 30 39 30 21 21 32 17 14 22 31 19 11 29 24 18 29 30 3 14 28 24 37 18 13 29 17 15 27 30 8 25 3 13 38 12 28 0 15 14 14 19 39 14 30
0 16 13 19 22 24 18 33 24 10 20 15 18 27 15 24 20 7 24 18 21 27 18 23 24 11 27 4 13 23 14 30 22 18 17 6 16 12 28 25 26 10 9 30 0 31 8 17 7 12 15
0 6 25 10 13 21 3 24 17 17 2 29 25 28 25 26 21 18 21 19 26 10 32 27 30 10 22 8 7 15 28 30 21 18 8 10 14 36 22 10 20 30 27 22 11 0 38 22 22 18 14
0 9 3 32 29 36 21 9 27 27 29 29 7 18 3 20 26 15 27 28 24 28 27 31 15 18 21 18 22 26 35 20 3 32 21 6 12 26 2 14 16 18 34 29 23 21 0 30 26 20 22
0 30 27 7 13 25 11 13 24 8 14 15 27 28 37 13 15 12 17 21 6 16 17 10 37 23 12 9 36 19 11 25 9 28 4 5 3 9 22 23 19 17 20 15 36 31 23 0 32 33 23
0 27 26 18 23 26 10 31 35 30 34 36 37 40 22 19 31 9 17 19 11 28 12 22 29 18 36 25 30 15 24 15 18 16 16 16 40 27 15 20 28 22 7 24 25 20 27 2 0 8 24
0 19 22 24 22 10 25 11 18 8 26 33 31 32 23 0 7 23 26 38 28 2 13 14 17 10 19 11 26 31 11 15 6 8 17 12 17 13 7 14 20 23 14 6 36 29 4 14 10 0 23
0 15 11 17 38 27 16 26 14 26 19 21 18 28 36 6 29 8 20 32 8 22 16 7 16 12 3 5 32 19 25 9 9 28 14 31 26 17 34 30 14 20 15 22 2 34 23 15 11 20 0
