50 2
35 232 10 8
1 0 8 10
63 89 2 3
2 84 9 2
69 0 7 5
50 26 9 2
8 0 1 5
72 121 5 4
20 192 10 8
21 104 6 10
81 0 8 2
61 82 1 7
9 0 9 10
87 245 4 6
13 120 1 1
11 248 8 9
98 0 3 8
84 152 2 5
20 81 3 6
78 0 5 9
87 0 6 1
13 0 9 2
13 0 5 8
36 274 4 3
19 0 8 9
45 304 1 9
91 87 7 4
72 0 4 9
78 75 6 5
11 0 1 10
46 0 3 1
92 228 7 2
86 0 9 6
12 0 5 8
59 234 6 10
13 0 7 2
7 177 5 7
12 259 6 5
2 0 2 1
73 116 5 1
47 34 3 9
42 107 1 3
36 266 5 2
21 14 2 9
51 0 5 3
98 0 7 5
17 210 1 6
24 0 9 8
5 48 8 3
42 0 5 3
SETUP
0 21 21 18 7 34 24 38 17 8 42 22 7 12 12 13 18 3 21 20 10 7 24 10 34 17 36 23 31 25 32 7 9 23 17 24 37 20 27 27 23 16 16 27 12 21 19 23 28 31 21
0 0 28 31 24 11 29 24 35 12 31 26 10 38 30 16 18 28 25 21 16 17 17 26 31 30 18 13 13 21 24 12 19 24 19 23 17 25 7 12 28 10 26 15 22 23 22 43 5 31 18
0 18 0 13 18 29 17 29 26 14 8 34 40 6 34 16 2 16 7 5 31 20 35 11 29 24 9 10 9 22 4 24 28 38 34 33 36 20 24 9 4 13 16 18 5 31 19 25 31 18 18
0 28 19 0 35 18 24 31 12 5 21 25 4 25 17 34 19 35 9 14 24 25 22 15 31 12 24 25 0 37 20 7 17 23 13 14 15 8 14 7 28 14 23 19 14 16 9 27 22 5 21
0 41 22 9 0 11 20 21 19 29 41 16 15 19 21 17 15 20 24 10 20 29 19 23 28 10 30 28 13 32 32 16 21 31 21 21 14 24 33 2 18 21 20 20 24 25 23 25 31 19 21
0 16 42 19 21 0 26 32 13 22 15 23 31 12 25 27 8 1 28 34 29 16 34 29 18 34 26 37 29 23 25 42 21 15 22 10 32 18 24 22 15 20 18 25 14 5 28 12 20 33 24
0 41 19 25 22 22 0 20 9 28 30 11 23 22 11 9 11 20 21 29 19 31 12 9 19 22 9 32 27 26 21 29 31 27 35 23 36 13 29 19 9 23 32 22 12 31 25 30 27 14 33
0 10 6 35 26 31 10 0 15 25 17 12 20 30 16 32 5 16 24 17 19 10 24 25 10 9 21 14 18 6 21 24 15 29 20 13 29 36 18 5 10 30 18 26 18 40 17 25 23 25 15
0 5 37 36 1 11 27 11 0 31 33 18 35 15 4 18 15 11 9 2 22 19 6 16 24 18 11 30 16 25 28 37 19 23 16 23 39 22 6 3 17 9 11 34 6 15 11 22 14 4 32
0 14 35 23 33 9 29 16 28 0 22 38 37 9 23 17 26 6 21 28 18 13 17 40 26 1 9 22 16 35 21 25 25 29 9 34 27 22 21 9 26 19 19 22 14 25 27 16 10 16 31
0 3 23 27 12 36 2 16 15 2 0 10 9 30 13 34 12 23 24 10 25 17 13 27 35 6 0 26 19 20 14 14 30 22 11 7 14 15 19 2 29 31 12 17 11 22 29 33 25 35 28
0 3 25 26 7 24 13 22 17 2 10 0 2 28 21 35 6 32 25 26 33 14 25 23 27 32 22 1 18 7 27 17 18 9 16 21 19 33 5 16 33 19 27 22 2 26 11 18 16 34 13
0 18 19 18 4 31 24 21 10 17 15 29 0 19 4 15 37 14 26 27 11 27 24 28 19 25 11 28 22 34 19 35 17 18 7 26 27 11 24 23 25 32 28 26 32 18 28 13 27 39 36
0 11 21 18 14 28 21 18 23 35 31 20 28 0 19 33 3 27 17 19 39 21 10 28 29 18 21 39 9 22 22 5 7 22 2 5 24 4 31 30 32 27 24 10 24 36 28 22 16 31 16
0 32 32 11 25 14 7 31 11 32 12 29 37 18 0 40 22 21 8 17 13 22 15 21 21 26 35 24 16 20 27 34 21 16 30 22 11 25 22 11 10 34 23 22 2 31 5 22 29 16 13
0 9 25 29 9 31 30 26 15 27 30 35 13 12 7 0 33 4 37 10 30 25 21 18 13 8 23 24 6 27 19 40 30 14 15 18 21 20 22 24 20 25 16 22 33 26 14 32 21 20 11
0 35 22 16 32 23 15 17 37 26 25 8 34 39 17 18 0 22 27 8 14 6 8 28 23 29 20 29 17 20 17 25 26 30 11 11 36 24 5 23 10 31 12 27 15 3 15 12 23 7 34
0 13 35 12 24 22 7 14 26 8 38 22 25 5 20 11 8 0 10 34 29 34 2 35 39 32 29 21 30 32 23 7 21 15 29 29 27 18 18 26 19 22 24 33 23 19 1 17 18 16 6
0 7 6 18 23 16 14 37 26 13 12 18 30 26 27 19 17 1 0 16 35 33 28 25 12 21 21 33 16 17 27 31 25 33 26 26 21 24 27 25 13 26 42 27 24 11 13 28 23 34 16
0 15 21 36 26 14 16 28 25 28 20 17 7 27 12 37 30 26 21 0 19 22 18 28 15 16 4 24 4 21 15 24 23 6 31 26 17 29 13 29 26 9 33 25 33 1 19 29 14 26 16
0 26 39 26 11 16 7 31 9 1 22 30 40 37 12 11 34 6 16 4 0 29 35 38 6 17 27 4 27 13 12 32 17 27 5 18 19 17 23 22 11 26 17 24 16 14 29 21 15 17 21
0 19 18 28 12 19 16 29 18 24 28 22 28 27 30 6 4 22 38 27 22 0 20 10 9 26 29 19 29 27 8 24 19 5 38 7 3 15 9 21 20 22 28 22 22 2 22 15 24 13 5
0 20 19 7 39 24 25 14 14 35 4 14 15 24 19 14 24 25 27 24 19 35 0 24 7 12 29 2 9 3 16 23 41 35 21 16 22 17 15 7 30 9 21 19 32 26 5 26 9 11 19
0 3 9 34 12 27 25 9 8 39 18 38 28 33 39 23 18 26 4 19 32 18 32 0 10 25 18 32 33 33 15 36 2 20 20 13 34 16 14 15 24 36 25 21 26 40 8 9 34 30 13
0 9 27 41 4 9 1 19 29 23 21 27 27 14 13 15 19 32 28 26 24 27 34 22 0 23 39 18 24 13 40 26 4 35 27 33 15 26 20 32 8 11 21 16 34 31 27 13 26 29 22
0 9 36 29 28 21 17 31 20 14 28 27 24 7 21 5 37 11 12 14 3 17 7 23 28 0 10 39 19 22 38 25 17 33 12 15 21 16 25 37 23 14 14 21 26 27 21 34 23 31 19
0 11 41 19 35 36 31 16 9 27 20 18 26 26 24 37 23 32 18 8 24 15 11 36 21 27 0 11 26 28 14 25 17 13 18 16 28 33 18 25 35 27 19 19 30 38 38 17 19 27 36
0 19 36 12 13 10 1 31 13 28 4 14 16 22 12 21 19 30 31 24 22 14 21 34 24 16 37 0 18 6 21 15 32 24 30 26 8 37 18 17 33 9 18 23 31 12 25 25 6 27 24
0 20 31 11 34 14 8 18 17 37 9 14 6 36 29 22 27 7 27 31 21 10 3 42 22 15 40 21 0 19 31 6 0 27 25 26 22 29 36 29 19 10 37 20 21 30 34 38 39 21 8
0 22 2 20 26 26 21 29 27 31 15 16 22 31 28 24 18 34 20 28 10 28 19 35 18 12 9 7 32 0 30 16 11 11 11 7 16 23 33 35 29 25 22 35 37 9 2 35 34 40 33
0 29 23 20 42 9 11 35 16 30 13 23 28 35 12 24 15 21 19 23 25 26 5 20 29 10 18 13 24 19 0 24 18 31 18 16 2 27 14 5 30 22 29 15 5 23 8 40 23 34 13
0 8 29 23 18 32 39 23 33 24 25 8 34 12 19 13 33 22 10 42 13 17 23 27 5 16 15 34 26 14 20 0 39 34 9 34 17 22 24 32 11 30 23 39 13 21 36 7 11 20 15
0 14 25 26 42 34 3 24 27 34 26 22 10 27 21 10 25 34 28 30 15 27 31 29 37 3 6 36 19 22 21 24 0 21 32 9 15 28 10 22 33 25 0 31 31 19 35 41 14 20 17
0 6 27 39 41 31 24 26 25 32 20 21 17 41 13 11 10 26 17 10 15 11 10 20 33 14 17 11 17 18 15 39 18 0 26 21 12 22 17 16 11 2 25 18 32 31 37 27 22 6 7
0 4 11 22 35 16 19 19 24 20 11 40 27 14 24 24 12 32 22 12 21 22 8 11 31 21 21 12 6 22 26 28 3 19 0 19 16 38 38 34 18 26 27 23 16 31 19 33 7 15 11
0 17 9 21 18 9 25 9 26 12 21 12 22 6 21 25 12 23 24 17 27 28 29 21 16 24 13 26 13 26 29 22 27 12 24 0 18 18 5 35 26 31 11 22 11 34 19 24 28 15 35
0 27 25 23 10 27 17 13 31 24 1 32 27 26 18 35 12 7 16 37 12 40 21 24 22 8 29 23 25 40 14 40 34 25 18 42 0 23 16 27 36 17 22 7 20 34 12 18 22 19 10
0 37 3 8 25 11 22 29 23 12 13 11 36 5 24 25 25 21 13 31 11 1 22 18 28 31 24 0 18 38 29 3 33 6 17 26 18 0 27 2 11 27 36 33 26 26 12 37 20 38 20
0 15 21 16 10 11 37 23 17 17 6 20 43 25 29 35 32 31 10 24 29 19 32 19 30 32 17 17 17 13 17 25 25 5 3 13 8 35 0 35 30 22 29 16 17 36 29 11 28 21 31
0 24 17 16 33 22 20 29 4 40 13 12 31 18 12 34 0 22 8 4 16 35 22 37 14 26 11 30 19 28 12 37 13 16 31 30 18 14 13 0 13 16 13 15 22 37 24 15 12 21 25
0 26 17 21 40 32 10 24 22 33 26 36 16 24 13 18 16 21 13 28 38 18 12 25 38 20 32 22 26 37 16 30 18 2 26 15 17 23 18 33 0 24 16 13 16 7 29 16 24 30 19
0 25 6 13 38 6 11 13 13 13 22 15 28 27 22 25 36 15 32 20 25 21 16 31 15 31 29 32 32 2 28 23 24 9 15 17 24 31 26 12 36 0 21 14 26 15 10 16 17 15 15
0 27 25 18 4 19 16 16 36 33 13 21 22 20 25 24 25 33 37 18 36 21 22 30 13 31 22 31 31 28 20 4 23 37 32 7 16 35 25 19 10 35 0 37 18 23 20 17 17 29 26
0 26 42 24 39 33 8 30 20 37 23 8 28 23 15 25 27 15 18 34 35 31 33 32 18 42 9 36 11 22 37 14 18 25 16 16 13 14 23 14 26 38 25 0 20 22 37 7 19 18 2
0 21 28 20 25 37 22 32 29 36 24 19 21 21 15 25 22 22 7 31 16 14 41 13 15 19 26 14 24 32 39 15 25 38 23 30 14 15 14 8 23 6 30 13 0 18 17 12 34 34 13
0 17 25 14 37 31 22 22 39 28 35 16 11 31 22 27 17 8 17 26 29 15 37 27 35 22 38 27 18 4 21 22 15 16 22 32 21 14 24 25 23 14 10 9 24 0 20 18 9 27 15
0 13 37 31 18 4 19 12 16 6 40 33 14 33 22 36 16 33 6 15 35 38 24 13 12 26 24 16 19 23 33 24 25 24 20 33 15 31 29 34 24 23 11 13 31 22 0 13 15 25 32
0 22 24 17 27 32 13 20 27 20 11 19 11 12 30 28 16 14 21 12 22 11 8 20 15 4 21 15 31 12 8 9 25 39 22 11 21 35 8 36 22 25 17 5 17 21 22 0 28 18 30
0 23 26 12 11 38 13 29 17 23 20 14 9 15 20 22 11 22 26 17 22 30 36 29 20 32 3 26 37 29 39 30 24 8 4 21 22 20 13 19 31 26 30 3 21 37 26 21 0 23 33
0 23 6 30 27 17 22 18 18 22 22 16 19 17 32 30 18 16 10 10 15 27 0 30 22 22 3 16 20 28 11 18 12 17 15 23 11 11 28 20 34 15 18 27 13 8 21 23 4 0 20
0 21 16 22 21 9 36 26 35 21 20 20 24 38 20 14 34 13 23 22 8 30 20 17 26 6 28 22 1 30 33 37 7 19 14 23 1 14 19 22 15 13 27 39 18 22 35 31 32 15 0
