50 2
55 118 10 10
70 69 9 8
3 36 7 2
79 0 9 6
52 143 4 10
59 0 7 6
50 84 7 2
65 0 8 9
4 0 4 4
56 0 1 1
32 33 8 7
73 48 5 3
68 0 9 7
68 137 3 9
15 0 7 4
81 0 3 4
44 82 9 8
70 81 10 6
54 33 6 9
85 0 3 4
70 46 3 5
2 0 2 6
98 55 10 3
95 126 4 10
27 95 9 2
69 0 8 4
83 0 8 6
36 0 7 2
34 0 6 2
43 0 6 6
38 0 8 5
50 19 5 5
52 113 4 1
60 0 7 4
82 0 4 3
94 76 10 1
84 0 3 9
23 0 10 3
23 0 7 2
42 0 9 4
71 0 2 7
100 0 6 6
63 0 3 9
80 55 10 3
97 6 10 6
24 0 1 7
92 0 5 10
14 0 8 3
85 0 10 3
96 0 10 8
SETUP
0 33 41 44 9 29 13 31 5 27 42 54 36 30 16 46 21 10 24 26 22 33 35 37 37 30 2 40 22 12 25 17 15 21 28 36 56 34 21 14 41 39 6 29 47 39 27 38 15 55 17
0 0 27 40 46 49 34 19 7 19 31 54 43 20 22 42 34 50 13 12 38 26 41 31 46 13 42 20 38 45 22 6 31 39 45 25 37 36 23 29 30 51 29 47 36 8 35 43 32 10 17
0 17 0 32 2 21 18 32 0 11 45 25 13 36 43 47 11 43 43 36 17 26 2 34 37 33 10 27 10 32 28 37 43 51 23 13 44 38 12 41 3 23 26 19 38 42 18 32 13 34 58
0 53 16 0 49 21 8 22 19 8 12 38 33 30 47 2 22 12 40 14 26 35 34 16 30 39 20 56 35 27 29 38 7 30 24 24 14 34 8 7 10 3 43 23 35 30 17 45 16 11 49
0 23 42 49 0 30 44 50 23 22 30 19 33 22 35 24 21 14 40 53 36 54 26 23 33 4 48 23 12 21 27 48 19 4 23 27 26 36 31 2 33 46 26 13 31 34 20 24 51 28 15
0 25 27 36 14 0 38 33 40 40 26 32 44 24 26 41 30 19 6 42 26 38 44 28 32 36 23 21 4 17 23 41 31 11 8 17 34 18 23 30 25 19 39 33 3 31 38 42 25 24 46
0 39 24 26 23 37 0 47 14 24 26 21 23 24 44 18 30 49 45 42 12 28 0 28 46 29 15 28 29 28 46 27 48 36 2 24 28 31 18 9 21 21 23 40 17 57 27 41 42 43 38
0 56 16 2 1 39 40 0 18 48 20 24 26 34 24 2 30 27 39 32 3 41 1 27 16 29 40 25 11 25 21 12 36 41 42 34 16 30 53 53 39 20 10 21 6 30 35 5 10 31 18
0 16 23 36 32 10 36 32 0 28 14 46 36 35 29 27 57 33 19 45 51 45 35 15 32 9 1 20 27 46 25 16 50 51 12 23 31 47 20 29 29 36 11 55 43 21 26 25 16 28 10
0 43 7 37 36 18 5 36 37 0 44 14 9 34 47 39 30 23 22 41 30 16 37 15 15 48 20 36 13 44 56 21 17 6 2 28 51 8 11 42 31 35 27 28 20 43 18 53 28 29 37
0 17 57 41 23 6 25 20 30 11 0 40 43 37 37 37 37 27 37 14 31 17 7 15 26 39 47 10 32 24 43 24 35 49 34 21 29 22 13 43 35 19 28 19 49 17 23 43 19 32 36
0 25 15 2 38 31 29 30 44 22 49 0 26 46 45 40 27 40 38 17 23 13 20 29 22 19 22 10 32 31 17 26 21 19 19 31 32 29 36 28 40 29 40 27 44 16 20 12 24 4 29
0 34 29 16 25 21 38 21 53 35 29 30 0 25 46 29 47 19 33 34 53 53 3 35 13 24 28 40 19 47 31 29 54 38 27 13 10 41 45 14 47 40 17 30 33 9 40 13 23 38 17
0 17 38 6 46 36 25 32 20 31 42 10 20 0 16 16 27 35 36 25 35 30 13 46 23 21 41 33 37 13 18 53 26 27 15 21 8 46 34 14 14 36 36 22 33 36 40 16 18 22 24
0 6 19 20 24 30 10 33 12 29 21 18 39 9 0 33 41 24 2 41 16 15 25 20 50 37 52 50 18 30 13 55 28 19 2 30 35 17 17 15 47 36 45 43 28 42 34 8 9 24 35
0 15 34 23 31 27 10 25 38 41 36 26 25 44 28 0 26 55 46 17 39 4 25 33 32 32 46 27 39 52 7 36 46 7 9 39 22 42 16 29 31 36 14 21 26 45 6 35 30 18 44
0 34 37 26 43 32 49 42 41 14 8 35 24 23 13 32 0 36 35 33 8 17 22 33 14 23 39 45 7 20 29 39 25 31 6 24 33 48 21 26 7 37 46 56 32 29 27 3 19 44 46
0 28 56 7 20 16 27 24 21 29 55 31 26 34 30 26 17 0 39 35 9 43 9 50 39 25 36 8 33 27 10 29 43 33 35 16 3 28 45 46 45 50 40 38 26 25 40 40 41 22 55
0 26 28 19 39 8 10 44 29 34 36 30 30 37 21 32 38 31 0 23 40 55 43 20 34 10 57 30 38 18 8 28 32 35 16 26 34 55 22 38 22 44 22 45 16 38 37 46 32 27 25
0 29 40 13 31 26 2 28 35 49 30 16 23 17 40 16 35 38 11 0 54 37 19 8 41 31 46 37 25 40 24 7 30 35 31 26 33 43 13 35 18 15 42 31 23 9 48 29 21 6 35
0 41 26 52 50 33 44 27 19 30 8 36 27 28 23 33 41 14 39 28 0 30 22 17 7 29 47 29 24 26 37 33 21 20 34 32 42 26 28 27 50 41 32 46 16 36 1 36 53 40 38
0 29 30 16 39 38 33 46 16 54 23 38 44 43 49 9 47 33 38 33 11 0 18 46 33 31 48 24 41 40 38 15 16 41 21 26 55 20 24 40 38 48 26 49 39 43 40 11 52 28 22
0 58 32 22 28 32 28 34 9 39 27 30 49 32 20 37 23 42 41 46 23 27 0 22 40 1 33 18 28 46 46 25 20 9 44 51 12 37 49 31 12 24 27 40 14 46 36 17 57 18 28
0 34 32 30 46 50 40 46 34 41 28 46 49 31 43 27 34 21 38 43 7 16 36 0 33 57 32 22 33 44 39 28 19 42 24 15 36 47 25 22 50 31 36 27 29 46 8 11 43 18 31
0 10 34 32 51 3 53 52 14 33 25 20 23 12 32 46 44 11 0 26 13 39 23 32 0 39 32 21 8 15 19 23 24 24 6 33 54 45 32 47 48 21 38 24 16 50 45 54 36 40 13
0 15 48 40 28 43 8 46 30 24 35 23 44 43 25 20 8 44 46 21 44 36 31 18 13 0 22 53 22 24 19 27 47 3 21 23 33 24 17 32 18 46 25 37 23 6 22 6 29 30 46
0 21 31 23 36 37 20 35 35 0 40 22 44 14 25 46 47 32 33 22 30 33 47 42 16 26 0 33 13 40 37 29 26 36 48 48 35 39 41 36 44 22 32 40 54 27 31 22 40 33 21
0 39 21 51 30 18 28 32 29 23 28 45 28 19 33 43 29 38 46 18 10 37 50 18 17 26 36 0 49 12 42 39 12 32 13 26 33 12 28 30 23 44 36 35 32 27 13 48 27 37 16
0 39 41 39 40 37 53 29 35 13 44 34 27 57 35 18 43 46 22 26 32 38 15 40 24 21 7 55 0 17 39 20 34 43 18 13 14 21 31 43 25 22 18 34 11 52 34 26 47 31 49
0 26 31 24 28 6 17 16 25 33 21 43 51 21 24 7 28 33 21 33 25 30 29 46 32 29 10 49 1 0 8 9 40 7 15 42 31 40 43 40 29 50 12 40 24 18 27 46 7 20 26
0 17 11 29 53 42 23 28 26 18 43 14 21 18 20 21 40 17 10 28 8 17 27 9 26 19 32 27 27 34 0 2 36 35 28 33 45 13 34 26 8 30 46 22 34 18 36 54 27 39 27
0 34 18 40 28 10 42 30 53 37 33 41 9 45 42 31 19 37 38 21 9 0 35 23 19 21 30 45 53 19 56 0 48 34 42 32 24 44 29 19 22 36 20 28 37 35 48 50 10 27 19
0 57 13 13 34 35 6 25 29 22 43 5 39 47 20 26 26 46 28 18 30 35 10 56 20 38 38 38 17 11 7 24 0 47 15 31 10 39 28 28 54 44 40 26 31 28 6 15 22 38 46
0 20 33 42 41 22 38 14 54 24 42 25 1 27 51 7 11 27 38 21 34 9 49 48 47 10 42 31 20 0 40 5 53 0 28 46 40 28 20 41 18 13 33 14 31 35 19 26 31 31 33
0 46 20 30 53 23 37 17 34 32 42 4 37 27 43 48 9 18 33 24 37 32 4 38 47 55 20 19 6 24 2 16 16 20 0 26 40 22 28 33 15 46 33 7 39 25 34 43 16 24 56
0 43 24 45 30 40 14 14 42 16 30 29 40 30 38 22 29 24 22 26 43 28 11 34 54 37 17 39 39 20 11 46 43 46 22 0 41 32 12 29 22 42 31 10 37 23 54 53 15 46 22
0 36 28 49 4 38 16 47 12 34 12 12 39 1 44 38 38 36 44 28 43 14 37 2 35 24 13 33 17 25 9 37 38 20 41 32 0 16 39 32 37 47 27 14 32 38 18 37 55 52 48
0 42 20 26 45 29 38 6 46 0 47 11 24 11 13 24 21 32 28 20 49 44 21 32 20 25 35 49 25 23 46 23 45 32 18 26 54 0 28 45 31 26 20 19 17 18 15 29 32 36 22
0 4 33 31 20 16 21 19 29 10 35 24 22 29 42 38 29 41 32 52 24 25 7 15 33 49 33 27 41 43 17 33 38 14 38 24 20 8 0 50 25 41 18 38 26 11 33 29 24 14 52
0 18 33 32 29 17 47 18 33 34 22 8 29 21 37 12 13 20 31 47 35 27 51 43 21 44 46 46 35 11 36 30 34 33 19 42 33 12 42 0 37 43 46 29 48 25 24 38 37 44 19
0 24 58 43 28 43 47 31 6 35 53 41 54 37 26 34 14 25 18 16 56 32 49 38 14 29 45 49 47 28 10 42 32 19 25 51 29 44 39 40 0 41 34 18 18 27 17 56 34 19 52
0 33 15 18 18 31 21 14 9 41 37 42 8 26 35 16 26 25 17 33 20 10 47 29 22 32 17 19 12 50 53 25 30 12 20 53 18 19 25 38 23 0 37 19 10 20 28 17 26 15 39
0 41 22 38 26 46 35 19 17 27 3 35 35 29 33 38 49 53 18 20 8 25 39 31 30 30 46 20 23 44 49 21 53 5 13 26 46 28 2 27 42 44 0 52 22 35 24 4 20 51 35
0 28 21 31 38 51 32 45 16 29 12 29 26 24 39 46 25 21 43 34 30 15 27 39 39 20 24 13 23 28 33 11 44 25 27 20 30 25 12 28 8 20 34 0 43 30 44 1 33 39 24
0 24 25 33 37 22 24 39 56 10 17 9 24 31 33 23 20 58 26 15 40 12 44 37 43 32 22 33 25 23 4 36 57 35 29 19 34 3 27 51 17 30 32 48 0 10 29 37 29 30 6
0 43 51 40 13 39 37 15 23 29 38 19 26 27 54 39 26 44 25 37 25 24 25 25 25 26 11 34 22 44 35 30 1 1 24 39 23 50 12 11 24 34 41 42 47 0 33 39 50 54 24
0 35 33 51 22 33 33 18 49 52 20 23 45 55 40 27 30 28 45 16 12 26 38 44 38 12 9 39 51 28 27 27 8 34 34 44 16 13 18 44 24 22 17 23 45 33 0 30 31 13 32
0 52 7 13 39 18 36 20 31 50 52 4 38 18 37 26 45 30 22 20 29 35 40 35 53 53 35 12 19 35 40 29 8 26 26 19 32 35 38 40 35 15 44 29 25 29 22 0 51 32 22
0 31 32 16 30 44 35 40 37 21 21 16 12 25 38 29 36 33 44 12 33 6 27 20 19 26 17 46 28 36 22 27 11 44 36 27 28 8 34 19 1 36 42 39 30 37 43 15 0 10 14
0 19 34 26 1 33 36 50 25 36 19 28 25 22 32 27 29 34 37 27 18 11 52 10 25 33 20 31 8 2 36 51 34 18 36 20 29 25 15 33 22 39 43 26 48 35 32 27 29 0 38
0 4 18 42 46 6 40 39 28 19 20 44 41 17 42 28 10 19 15 24 21 27 33 11 42 18 5 15 23 26 17 36 31 27 8 35 10 23 22 26 26 47 30 31 27 43 16 24 25 22 0
