50 2
74 648 1 1
47 667 7 10
32 773 9 8
41 790 6 5
27 742 7 6
75 710 4 7
99 865 7 10
92 657 3 10
7 671 2 1
88 816 9 4
58 861 5 7
64 740 4 2
86 861 9 3
29 851 9 2
78 747 9 3
56 783 10 10
54 795 9 1
80 635 10 3
93 707 6 10
58 669 6 7
14 710 5 8
65 771 3 3
1 638 4 2
53 687 5 8
85 662 2 4
49 867 9 10
69 776 8 1
12 688 4 1
4 727 9 4
35 865 9 3
25 713 7 9
97 849 1 4
21 820 5 4
69 752 7 3
67 766 7 9
63 835 4 1
2 642 2 8
38 649 5 4
56 750 6 2
52 807 4 2
30 741 3 5
67 767 10 4
20 849 7 10
100 832 1 7
2 721 8 6
25 752 8 9
52 631 3 3
31 651 9 1
32 803 7 8
19 635 8 1
SETUP
0 24 25 24 18 39 28 42 22 26 32 19 20 12 13 17 23 16 24 25 27 24 24 24 37 48 19 41 15 3 26 31 28 24 25 43 27 44 18 23 23 28 10 15 35 10 30 24 29 27 35
0 0 26 8 48 44 5 29 32 23 23 17 17 44 25 36 13 35 19 34 28 24 14 24 21 10 35 29 3 43 37 26 22 30 37 26 45 21 40 20 9 35 12 20 7 19 15 9 31 32 21
0 18 0 13 25 11 6 28 25 16 43 27 28 24 41 18 15 11 17 29 13 28 43 11 19 24 28 36 50 14 20 29 28 41 10 2 16 3 29 37 1 40 22 28 11 37 33 29 33 34 21
0 31 3 0 45 27 37 1 33 30 32 27 24 18 38 18 37 23 16 22 31 36 12 37 41 33 6 3 35 23 17 16 37 25 6 19 28 14 19 24 5 20 43 42 36 42 10 14 23 35 4
0 26 4 32 0 34 42 24 36 31 26 39 27 17 47 23 32 23 31 27 19 27 23 37 43 22 28 18 28 40 14 34 30 33 25 21 37 31 30 12 34 43 38 18 16 37 22 17 22 47 14
0 28 6 29 29 0 28 41 16 14 8 14 28 10 10 23 40 26 24 14 25 20 12 10 32 32 19 35 34 23 41 33 48 8 13 35 28 27 33 5 5 25 24 13 6 32 3 23 29 25 38
0 22 18 33 35 26 0 43 28 29 22 30 29 31 26 48 32 31 11 49 12 30 36 12 28 34 1 26 34 32 18 35 39 29 44 22 22 8 20 16 36 43 30 13 37 16 13 20 38 24 24
0 17 18 16 29 17 10 0 7 18 25 26 19 22 19 31 12 19 6 18 39 8 11 41 30 28 32 26 8 11 26 14 28 26 13 12 17 34 10 2 28 23 4 8 18 24 19 37 39 17 15
0 33 27 23 27 37 24 17 0 38 30 24 16 33 16 1 14 19 40 21 30 43 19 25 16 23 22 32 38 31 26 30 26 33 35 45 21 36 24 23 20 46 17 18 20 19 41 36 17 38 26
0 16 35 37 40 30 34 46 23 0 35 13 10 44 23 12 10 25 7 22 14 20 22 33 27 42 50 27 8 23 35 46 42 14 22 29 21 38 14 1 16 12 43 18 25 28 15 34 38 27 10
0 4 5 31 36 42 43 13 20 19 0 32 35 31 1 26 22 27 28 22 3 31 10 39 0 17 29 24 31 24 4 23 19 16 27 20 23 18 38 35 24 33 25 14 43 23 38 20 30 33 19
0 27 11 20 23 9 22 30 21 29 26 0 6 6 40 25 14 16 32 41 23 9 27 38 6 30 24 12 23 32 17 7 14 32 28 27 37 23 25 38 45 11 7 29 22 28 32 10 26 16 10
0 18 22 10 13 19 37 23 14 24 24 32 0 34 16 40 45 26 7 21 29 34 31 39 26 27 15 35 21 25 18 13 7 41 25 30 33 17 15 25 24 40 23 19 21 23 20 42 34 15 22
0 19 24 20 29 41 6 39 29 16 13 32 37 0 29 33 25 12 16 29 27 19 39 34 17 15 37 38 14 29 43 14 20 11 31 47 28 20 14 22 13 25 26 35 26 16 39 20 20 14 37
0 17 19 30 1 13 20 3 30 12 14 32 16 24 0 37 39 39 21 24 25 32 36 43 26 27 21 7 8 38 23 33 19 33 15 0 33 13 43 26 28 20 15 37 22 13 41 14 30 28 22
0 37 34 40 48 32 44 39 17 32 40 27 38 16 38 0 34 10 31 25 21 30 18 34 29 15 27 35 6 23 37 41 2 19 14 18 30 35 14 6 16 30 32 39 19 36 29 9 37 13 20
0 17 22 16 29 13 9 23 6 46 16 38 23 31 28 44 0 16 15 39 4 26 22 16 49 16 23 24 19 33 16 10 35 22 30 11 10 20 43 27 26 27 29 12 20 16 32 38 33 39 28
0 18 38 27 23 27 46 42 27 33 34 7 5 17 30 39 7 0 29 23 12 29 32 15 36 28 17 18 38 26 22 10 40 27 28 11 19 19 30 18 13 5 24 21 34 38 32 44 11 17 25
0 37 38 36 26 45 16 30 25 26 17 13 15 9 6 30 15 26 0 29 37 39 9 20 10 31 37 39 1 24 47 14 24 20 35 19 14 35 39 2 19 27 28 24 25 17 14 17 1 11 22
0 21 44 24 4 10 37 39 40 22 39 28 13 47 22 14 1 20 18 0 24 0 33 22 22 41 22 22 41 31 35 23 8 23 33 17 43 42 28 6 39 36 36 21 43 33 27 31 27 21 30
0 11 44 21 25 24 27 19 47 24 30 22 22 25 29 24 18 44 30 14 0 11 30 33 42 28 43 21 40 33 30 14 27 22 27 33 14 11 20 14 4 17 4 45 8 22 45 19 28 42 23
0 30 40 39 28 18 19 24 38 32 23 44 28 36 23 13 3 11 23 8 17 0 41 49 48 3 33 44 28 7 25 27 9 31 22 23 18 38 31 29 4 15 35 44 16 14 24 21 23 24 1
0 44 22 17 33 37 10 23 35 23 35 32 26 15 22 47 19 28 23 34 1 22 0 29 2 20 19 29 14 14 25 30 30 27 30 33 21 20 10 17 24 23 39 24 9 29 19 4 34 26 3
0 29 16 23 20 6 28 33 28 36 38 26 10 37 39 18 30 35 26 25 34 31 38 0 18 26 33 45 26 22 13 29 26 22 47 19 25 21 48 37 10 2 45 18 10 33 37 18 16 29 27
0 27 30 24 1 23 19 22 38 34 28 10 23 34 29 39 25 13 37 21 21 15 21 43 0 12 25 13 15 33 24 7 42 34 31 5 37 27 18 34 8 35 40 11 13 39 32 18 40 19 42
0 47 33 40 34 8 7 30 23 31 28 29 35 36 7 16 39 21 16 21 19 34 22 11 7 0 28 6 32 21 16 2 11 5 34 30 41 33 32 20 41 18 19 23 19 21 30 20 9 45 19
0 24 4 3 24 8 2 4 16 39 17 19 26 32 41 12 23 39 36 37 36 40 20 37 35 20 0 48 37 27 25 39 13 15 33 27 31 17 11 12 26 29 26 39 33 0 16 43 36 34 48
0 24 29 46 26 25 10 18 24 35 21 8 31 37 30 21 21 30 27 13 39 36 46 19 28 37 30 0 13 45 35 45 40 21 38 38 21 44 24 28 33 14 31 15 18 34 25 16 28 30 11
0 7 36 30 14 19 16 35 40 14 37 13 24 29 21 40 26 25 16 27 25 40 24 23 46 13 22 31 0 24 21 17 29 13 17 21 13 29 25 20 18 24 1 39 36 18 41 9 27 15 43
0 23 5 17 27 32 11 5 47 24 13 15 23 26 3 24 41 11 22 35 10 22 26 26 18 18 13 31 21 0 10 16 40 27 27 29 33 30 26 33 19 17 44 38 24 23 28 34 32 6 26
0 24 13 17 46 34 31 30 18 17 38 34 18 21 26 14 15 29 29 13 27 25 19 27 14 8 24 16 26 15 0 25 22 12 20 36 32 5 12 13 32 17 9 26 16 32 34 26 17 21 27
0 6 29 21 34 48 2 15 36 20 6 32 13 27 12 43 31 39 37 22 31 15 34 17 24 36 17 33 47 23 19 0 16 17 4 7 15 24 28 19 21 45 23 16 23 28 7 26 25 16 13
0 36 34 16 19 32 31 15 36 29 24 25 30 35 24 20 39 18 41 50 4 30 22 36 20 24 22 48 38 23 27 28 0 25 27 28 15 29 41 36 36 31 23 47 33 28 15 38 12 9 39
0 37 29 42 27 30 12 10 29 17 17 25 22 36 31 40 28 6 15 17 30 19 28 17 38 28 31 21 14 14 13 41 30 0 20 18 43 34 46 19 26 35 18 22 42 9 5 11 23 36 11
0 37 11 26 35 24 14 28 3 25 17 25 19 45 44 17 26 34 31 29 18 34 13 29 17 18 41 26 30 43 11 30 28 7 0 22 26 24 36 25 34 9 16 16 38 26 29 12 16 35 32
0 44 22 31 21 11 33 20 23 26 25 6 15 11 22 21 0 18 33 18 22 11 29 30 24 39 29 18 42 22 10 43 18 18 40 0 22 5 12 4 27 28 1 45 27 13 28 32 11 42 7
0 2 40 26 12 25 25 31 11 3 10 10 13 32 28 43 26 24 39 23 30 46 20 44 41 28 23 8 5 6 31 27 38 30 30 9 0 13 32 33 14 14 12 19 26 20 14 16 32 22 42
0 14 15 43 16 32 33 23 13 19 0 16 19 23 22 48 10 24 13 18 35 37 22 3 25 45 23 24 34 30 3 19 5 33 31 21 38 0 36 12 41 44 20 15 44 30 3 27 24 17 38
0 23 27 14 28 19 22 39 28 7 18 38 18 9 42 4 35 14 35 32 43 39 46 46 17 39 20 30 35 30 40 4 36 25 24 9 25 43 0 19 14 11 22 28 22 32 36 29 9 22 19
0 43 23 46 9 12 41 26 34 25 41 30 29 43 20 25 2 35 3 4 42 16 33 36 21 4 19 38 40 35 21 9 41 15 15 28 35 13 4 0 33 30 22 26 12 15 13 23 9 14 14
0 39 10 36 25 33 14 24 22 22 8 18 34 13 32 28 42 49 25 17 22 4 31 12 9 14 19 39 14 12 34 32 34 18 24 38 17 21 24 16 0 30 32 19 26 50 24 40 18 28 8
0 20 35 42 11 34 30 30 28 9 29 5 21 31 39 30 23 36 2 39 1 27 37 28 24 20 8 17 19 12 27 41 13 24 30 41 42 28 32 34 5 0 29 25 29 30 15 17 21 13 5
0 40 14 44 38 35 7 18 18 25 31 15 11 37 38 32 33 18 8 16 45 23 17 19 16 4 39 42 30 28 48 41 39 18 36 30 48 20 32 27 15 18 0 40 26 1 26 39 14 32 19
0 9 10 45 25 24 37 9 32 16 33 28 13 44 20 33 7 19 46 28 20 7 28 31 3 40 25 16 10 40 13 17 19 19 28 24 19 14 37 19 27 28 9 0 19 49 4 35 13 15 25
0 17 41 37 38 15 4 17 35 20 3 9 38 21 28 9 44 12 47 42 39 19 15 21 37 25 41 21 29 31 23 40 27 34 20 19 22 30 39 21 28 24 1 35 0 33 20 5 9 16 41
0 31 28 15 20 5 20 17 15 35 29 14 28 36 44 36 15 18 29 14 46 16 12 11 36 34 33 10 38 22 15 6 39 27 13 12 15 44 4 35 27 9 21 19 25 0 47 32 30 35 47
0 44 33 8 28 37 18 39 3 35 21 27 18 34 26 18 12 11 26 22 8 29 16 31 44 40 17 30 20 46 17 3 20 27 35 24 28 25 12 28 35 35 22 18 25 7 0 29 11 27 19
0 18 28 48 41 5 30 14 26 27 20 6 17 6 30 42 24 33 29 25 21 18 18 27 23 31 26 35 27 13 20 22 2 6 16 31 23 2 22 18 11 30 31 31 18 31 22 0 17 25 17
0 25 12 32 29 50 29 29 3 23 50 12 37 22 13 19 17 5 25 4 28 23 24 17 35 25 23 28 8 40 27 26 11 35 35 19 41 11 14 15 35 32 32 39 27 11 25 22 0 25 22
0 24 32 34 34 37 23 25 25 20 36 7 26 9 5 37 27 44 3 19 12 37 35 42 36 36 47 24 16 10 38 44 6 33 32 25 43 28 10 31 16 36 23 28 17 24 32 46 3 0 7
0 12 25 4 21 42 35 19 38 16 35 14 45 28 29 1 18 45 20 30 23 21 15 20 18 14 39 31 31 24 23 20 19 22 32 40 23 28 22 47 30 26 33 26 23 34 33 18 15 40 0
