50 2
26 490 2 10
38 413 5 8
68 367 4 5
85 0 2 8
45 0 7 5
25 0 5 4
11 0 8 7
15 155 1 5
47 530 9 7
36 190 7 2
16 220 1 6
70 70 6 4
63 264 9 3
28 0 8 2
70 18 8 7
28 0 7 10
61 504 10 2
22 440 1 3
52 0 2 10
79 0 10 3
55 64 10 5
5 0 4 5
30 0 2 6
30 237 10 10
94 134 3 7
29 115 9 6
65 0 10 9
5 547 1 10
72 0 8 3
13 387 7 6
5 463 9 3
41 0 9 8
21 157 4 1
39 94 2 1
92 0 3 8
93 471 10 2
15 0 8 1
57 58 10 10
57 537 1 2
30 0 7 8
67 83 6 6
83 0 3 2
23 0 2 9
37 0 7 4
34 0 2 10
96 0 9 2
100 490 3 2
16 0 1 2
10 439 9 9
43 0 6 8
SETUP
0 21 25 31 10 27 16 30 17 31 30 15 44 12 33 21 15 21 10 24 38 20 27 40 24 27 7 20 21 12 32 24 24 32 40 31 19 20 25 23 14 10 10 29 28 8 15 16 10 25 27
0 0 40 28 31 26 12 27 26 17 9 34 11 45 3 17 30 20 21 21 10 31 31 26 17 23 32 40 12 14 19 25 32 23 21 22 12 36 22 8 39 37 24 17 29 19 15 35 28 12 25
0 36 0 19 30 26 29 31 9 3 20 10 22 5 25 19 32 1 16 11 32 29 20 27 23 32 38 26 21 28 17 19 23 39 1 18 14 28 27 11 14 13 7 15 30 28 38 12 42 21 41
0 43 19 0 27 34 40 43 9 41 13 35 28 31 37 30 22 45 43 28 19 38 25 32 29 22 27 23 18 8 22 5 12 5 13 22 29 18 32 26 24 37 18 22 26 20 20 38 17 31 7
0 19 8 13 0 40 32 44 22 31 29 19 26 30 18 20 23 18 35 18 17 25 9 32 24 17 26 23 11 33 32 33 17 25 1 18 6 43 11 33 17 37 30 12 33 33 30 19 41 35 37
0 23 32 24 11 0 19 43 4 19 17 28 38 4 24 24 37 39 3 26 7 19 17 19 30 25 20 17 29 33 36 32 11 15 12 31 7 19 42 7 10 28 19 28 37 23 21 5 26 30 19
0 28 9 18 32 29 0 22 30 25 22 19 24 22 34 14 5 26 15 25 33 19 29 31 37 12 11 24 19 21 27 28 20 22 26 28 13 7 16 34 23 30 29 6 15 30 17 29 41 23 35
0 17 34 10 15 32 39 0 25 18 14 22 33 23 35 12 23 21 25 18 18 26 31 10 23 15 19 28 24 28 37 24 2 32 32 30 21 29 19 25 25 17 19 31 29 42 26 31 12 14 25
0 25 26 35 23 36 22 33 0 12 33 4 37 35 8 23 18 33 29 20 15 33 19 42 25 18 13 14 29 7 20 7 35 33 29 37 9 31 9 43 28 8 40 9 27 37 21 24 10 33 35
0 41 40 31 13 16 34 30 18 0 2 26 2 19 28 9 16 25 36 26 42 39 43 16 24 38 28 32 32 15 21 22 16 32 19 19 22 40 6 25 42 15 14 34 14 19 42 21 5 21 44
0 23 19 21 34 23 29 22 1 30 0 19 24 43 14 25 21 8 28 30 33 14 19 24 41 17 21 36 18 20 15 35 20 31 20 14 11 36 8 27 24 22 19 26 1 25 16 38 10 6 27
0 25 36 37 38 30 19 12 8 18 17 0 12 25 20 30 15 6 31 20 7 27 22 23 14 22 31 16 30 36 31 17 20 21 11 30 26 25 28 17 24 27 5 25 16 26 35 36 33 28 22
0 18 41 25 23 11 18 13 29 13 34 26 0 17 27 4 40 9 35 22 30 15 18 23 34 30 3 20 19 42 30 38 38 25 24 12 19 24 8 6 23 40 13 42 2 14 5 8 19 34 17
0 26 13 37 15 18 12 1 17 20 7 35 22 0 35 10 22 32 6 24 23 29 28 16 27 40 33 11 18 28 18 16 26 28 19 37 40 19 16 25 21 17 24 8 16 3 16 33 26 30 26
0 25 32 29 30 20 15 26 15 25 24 20 28 34 0 15 25 37 16 22 27 18 12 18 27 12 29 29 10 24 19 34 3 28 15 19 37 25 13 15 14 16 18 37 22 10 17 33 21 14 32
0 38 18 5 14 34 18 25 28 21 34 9 5 38 26 0 31 11 38 22 29 25 22 40 28 43 27 29 23 27 43 19 23 7 6 28 5 25 24 34 24 1 29 24 40 27 12 22 9 16 13
0 24 45 8 42 22 12 34 29 13 25 21 14 24 17 19 0 4 8 17 8 31 32 21 27 12 27 16 22 26 13 22 29 28 23 3 29 19 1 26 5 29 22 30 32 28 24 17 18 39 27
0 12 22 26 19 27 29 31 10 17 19 32 22 6 23 18 25 0 16 16 12 1 35 21 43 38 25 16 28 24 39 24 31 43 21 19 25 18 35 12 11 9 14 27 23 15 14 24 16 8 4
0 34 18 30 12 22 40 31 26 14 40 20 17 21 26 32 43 31 0 29 39 12 34 5 24 38 27 15 20 27 26 24 30 32 16 22 32 28 23 28 31 20 23 32 23 6 29 9 18 43 25
0 31 12 36 12 27 16 28 17 16 44 31 9 37 38 20 13 29 25 0 22 23 22 12 25 21 6 24 29 23 24 32 31 21 8 32 31 3 27 23 20 9 19 27 7 32 33 34 13 2 38
0 4 40 25 11 35 18 6 18 16 26 13 23 20 16 19 13 29 21 34 0 5 31 16 12 31 32 16 16 25 10 15 25 9 33 25 18 15 24 7 17 16 2 12 12 10 24 16 41 25 7
0 17 22 26 5 39 16 21 12 25 1 20 23 41 8 24 24 22 26 34 22 0 20 3 27 20 19 39 2 22 24 17 40 29 19 41 4 29 31 12 11 20 22 9 22 28 17 20 15 26 10
0 33 5 21 17 16 24 25 28 10 24 18 15 15 23 13 31 24 0 0 31 10 0 28 10 3 28 30 12 23 13 32 3 27 25 21 28 27 22 5 33 23 34 43 24 12 37 11 16 9 14
0 26 18 37 5 23 26 7 29 17 21 22 29 30 16 22 43 20 32 34 9 15 10 0 42 20 5 23 30 9 41 8 25 31 23 35 22 21 27 25 24 6 29 35 23 25 20 10 33 21 29
0 16 41 26 24 19 11 10 31 28 27 20 32 17 16 21 22 19 33 24 20 14 14 44 0 45 28 15 23 17 3 43 14 26 18 31 23 35 25 27 18 16 22 23 17 33 17 27 22 26 12
0 7 16 26 17 30 10 28 24 14 22 38 24 21 17 42 16 7 13 14 31 36 25 37 7 0 13 17 19 18 20 30 29 25 28 18 23 35 27 28 18 12 27 26 5 34 18 38 24 34 30
0 20 32 28 21 17 24 19 20 19 4 28 23 6 41 29 11 10 24 13 29 8 14 40 17 41 0 25 19 27 23 30 34 39 10 17 6 41 44 12 42 14 4 16 21 25 30 32 17 20 25
0 9 15 6 17 23 34 29 30 31 32 19 15 33 30 21 14 32 18 28 28 3 13 13 9 25 16 0 13 4 20 43 18 33 23 35 24 12 29 17 22 24 44 44 12 20 2 37 23 24 19
0 41 35 6 12 33 32 22 11 8 16 11 7 24 30 26 13 27 19 29 11 38 15 13 34 22 31 19 0 19 9 22 17 24 29 11 9 22 24 12 14 22 19 12 24 27 13 10 27 16 13
0 23 22 6 18 28 17 2 12 33 11 28 4 2 16 28 20 28 24 37 18 6 19 8 32 33 23 9 9 0 30 11 17 21 2 29 4 39 22 29 12 18 34 20 21 15 31 18 34 17 34
0 38 24 20 14 21 31 12 12 16 18 28 24 28 31 35 32 13 38 13 20 32 25 27 18 5 16 23 28 14 0 35 22 19 40 37 16 16 21 23 20 22 25 24 14 8 22 18 12 19 15
0 41 32 38 21 23 26 14 37 31 17 19 18 20 32 15 18 10 28 18 12 33 25 29 8 24 29 15 31 16 27 0 33 17 19 25 27 29 20 11 40 30 28 25 13 14 18 18 27 32 36
0 29 23 14 33 14 6 30 17 39 26 27 7 22 18 38 23 20 15 35 15 21 26 20 22 19 23 6 26 9 11 7 0 30 11 27 40 20 15 15 32 25 30 18 6 29 15 37 23 19 8
0 2 26 17 18 11 6 18 40 16 38 28 19 17 23 17 38 43 35 20 2 22 21 16 13 25 28 27 17 17 18 31 41 0 21 32 22 31 16 41 21 14 44 25 34 12 28 16 14 31 34
0 12 19 6 25 26 25 34 31 35 5 34 31 36 21 33 9 7 17 4 30 12 43 25 21 19 39 21 18 24 32 19 17 24 0 30 29 12 38 30 35 26 14 11 5 30 16 15 25 26 9
0 29 31 12 19 33 20 12 44 32 29 24 9 15 38 6 16 13 26 14 18 5 26 16 30 18 32 9 29 3 20 13 10 38 13 0 26 14 31 4 21 11 26 19 37 36 28 11 19 24 9
0 15 14 20 35 33 16 21 8 30 42 39 8 26 10 22 12 33 30 9 8 24 19 10 20 23 2 34 3 34 28 33 11 34 14 41 0 36 15 20 18 29 11 23 9 39 18 33 9 28 27
0 34 38 33 25 37 27 28 31 22 35 20 30 22 19 21 21 22 40 38 20 38 26 34 30 31 23 35 21 21 21 22 2 29 22 22 16 0 28 38 23 18 18 16 26 29 24 35 13 21 20
0 20 12 20 12 1 26 27 22 9 11 27 16 17 21 28 32 9 28 35 23 37 11 8 37 23 26 30 26 23 24 16 37 9 9 39 29 26 0 14 1 35 33 14 10 24 4 30 21 28 36
0 9 28 12 6 8 25 9 21 28 24 18 24 30 27 41 10 30 30 15 9 15 13 23 34 43 37 23 29 16 35 17 18 38 21 11 13 25 23 0 38 17 33 39 45 29 18 23 28 13 16
0 27 23 19 2 11 30 12 33 21 7 33 26 10 25 7 7 32 18 38 12 29 39 10 19 21 11 12 15 33 25 17 30 12 18 21 18 28 0 17 0 24 14 11 20 19 42 22 24 12 27
0 33 15 16 5 24 36 14 6 4 18 14 8 35 24 28 26 28 33 24 11 18 24 43 21 27 23 22 31 20 39 27 12 14 18 21 23 22 23 12 31 0 22 15 23 14 16 19 39 10 21
0 32 4 37 20 27 15 25 34 19 36 27 37 9 24 40 7 25 27 15 14 36 11 16 14 35 33 23 28 24 22 15 23 25 26 18 5 16 15 20 32 42 0 15 32 9 31 22 10 35 33
0 36 15 2 24 17 22 9 7 23 14 18 41 42 8 25 31 12 40 6 33 43 30 30 34 30 30 22 15 18 10 19 40 23 15 23 12 28 27 17 19 4 13 0 2 21 16 23 17 29 20
0 14 11 37 25 16 12 22 20 16 6 13 21 34 8 21 23 4 4 23 16 37 2 12 10 22 29 9 33 11 18 36 38 22 8 17 23 27 27 16 23 29 29 0 0 20 34 21 12 20 21
0 31 17 25 28 37 37 17 26 18 23 40 18 15 25 15 15 32 36 23 7 11 11 19 34 21 33 33 21 19 18 40 22 11 15 36 26 30 29 21 28 13 11 12 21 0 25 18 12 9 18
0 25 14 25 12 23 10 5 25 6 21 23 17 20 35 34 34 0 12 37 33 12 27 25 13 28 30 19 31 11 36 17 26 28 30 11 31 28 33 14 35 23 18 26 29 27 0 17 12 12 38
0 9 22 34 23 33 17 32 30 21 7 32 22 23 11 16 14 31 38 28 42 37 23 29 15 40 17 30 9 32 28 6 26 20 26 16 32 10 30 26 34 39 8 7 17 33 26 0 35 26 25
0 11 13 22 32 33 30 34 17 28 29 30 41 26 19 24 14 31 30 38 18 24 21 3 23 32 5 27 11 31 32 20 34 12 12 16 1 18 29 16 17 31 10 4 14 12 12 21 0 22 22
0 16 30 12 16 24 32 15 1 18 25 17 18 24 22 15 14 27 25 26 36 36 42 27 24 13 24 37 8 30 14 18 17 2 41 6 15 21 7 28 20 20 1 26 22 33 30 5 38 0 9
0 24 23 27 6 9 41 12 3 11 8 23 32 33 13 30 11 21 14 14 27 7 10 28 24 29 32 40 27 28 3 22 20 20 26 20 13 24 11 21 18 17 29 19 19 28 21 25 45 6 0
