50 2
37 214 3 7
57 0 7 9
32 453 1 6
60 357 10 10
67 499 4 5
52 0 1 4
39 83 6 9
33 261 5 1
84 102 4 8
67 595 10 10
87 14 4 5
9 494 1 1
30 374 5 8
84 519 7 5
2 546 8 2
16 0 10 3
42 496 9 3
3 0 2 1
51 355 7 6
47 103 9 7
42 553 3 9
35 294 4 5
43 0 2 8
61 0 5 4
48 355 5 9
10 81 3 10
25 441 3 2
82 110 4 5
66 86 9 3
73 0 5 1
88 336 6 1
100 0 1 9
92 342 1 8
84 437 6 1
61 36 2 3
71 184 7 7
15 343 8 9
18 396 8 4
14 0 1 8
16 0 1 8
12 404 9 6
68 182 6 2
58 0 3 6
21 0 3 1
52 148 4 9
40 0 3 9
46 0 4 2
39 431 3 5
95 0 4 4
57 401 1 6
SETUP
0 12 27 20 21 32 12 15 27 38 26 11 39 31 15 31 27 14 40 31 23 22 32 12 26 30 42 18 31 26 31 28 14 40 8 30 33 31 16 32 16 43 21 8 12 34 22 39 26 24 23
0 0 24 35 33 24 27 44 35 27 30 26 26 29 25 38 28 28 40 43 19 30 17 33 37 18 16 26 26 18 8 17 30 30 1 8 19 19 37 24 18 8 25 25 30 15 29 38 27 21 34
0 34 0 15 38 34 26 19 9 41 42 6 3 22 15 18 46 43 23 46 25 21 27 23 24 8 30 12 26 11 23 28 10 18 9 31 22 31 46 15 36 26 25 18 24 20 16 22 25 31 21
0 13 25 0 13 31 30 4 22 30 31 30 37 39 46 33 1 15 33 22 8 24 18 7 41 15 14 35 12 18 26 26 24 35 34 47 12 33 19 27 24 40 23 17 39 18 24 28 34 21 19
0 25 35 37 0 16 34 28 39 38 12 28 22 23 11 14 35 37 37 15 24 15 33 26 14 12 11 38 14 29 20 2 16 37 18 16 31 33 33 29 40 30 12 23 19 33 6 20 26 6 37
0 25 33 13 29 0 21 39 35 36 36 34 19 35 15 3 37 34 32 31 27 12 14 33 30 23 14 4 35 41 31 4 8 19 42 20 15 34 38 20 6 9 21 23 19 19 40 19 6 42 18
0 16 10 25 28 29 0 8 17 31 27 23 21 26 34 1 14 30 7 3 24 19 33 28 26 42 32 27 10 31 7 27 45 19 35 9 24 13 23 17 47 4 28 11 0 21 24 19 35 23 22
0 28 26 20 19 35 31 0 35 21 14 43 9 17 31 28 24 21 42 25 26 40 40 5 13 33 27 13 18 10 37 44 17 12 13 19 32 43 36 12 26 41 12 34 9 29 11 9 33 2 33
0 26 36 24 28 23 27 27 0 21 19 32 28 24 16 39 29 11 33 34 1 46 36 44 5 47 16 28 8 7 10 12 48 46 21 14 9 14 13 30 6 24 33 28 10 48 31 16 24 34 27
0 24 29 36 18 37 30 9 19 0 28 47 41 11 35 13 22 23 12 24 22 7 26 27 25 26 14 26 18 26 20 8 37 28 3 9 28 31 37 45 23 28 29 32 31 19 21 33 10 18 42
0 17 7 17 23 21 19 25 38 34 0 16 29 26 32 33 4 16 27 33 19 29 15 20 29 24 28 11 24 25 28 16 7 16 18 7 40 29 31 23 29 34 17 19 37 15 43 15 29 2 4
0 22 11 7 25 19 35 21 16 29 17 0 36 33 24 30 40 39 41 19 28 6 11 13 43 42 27 6 21 16 15 14 13 33 31 21 36 8 34 21 26 18 14 35 12 25 16 14 41 22 33
0 21 46 22 20 31 18 20 24 12 39 22 0 1 34 32 29 22 30 16 27 36 40 15 23 31 10 8 6 23 35 36 33 24 22 35 29 27 5 23 6 15 17 7 28 17 17 22 14 32 13
0 16 24 21 13 21 36 40 13 26 35 42 42 0 31 28 23 15 33 38 14 14 39 29 29 23 24 24 28 8 17 19 35 27 27 8 10 17 39 16 22 6 36 41 18 21 43 32 36 17 8
0 9 21 10 17 28 38 33 43 34 31 39 35 14 0 37 13 23 19 27 29 24 33 33 23 42 45 23 15 46 15 26 46 29 10 41 30 36 46 20 11 21 23 35 23 33 23 24 11 44 6
0 33 29 35 2 6 29 12 19 33 36 30 37 1 42 0 24 25 33 26 44 18 19 45 33 25 33 1 34 22 19 27 9 29 20 17 39 36 15 41 15 13 7 31 14 23 23 35 22 29 16
0 32 30 36 30 13 28 32 23 15 23 13 6 9 11 41 0 35 35 30 27 12 12 31 36 34 43 41 35 20 9 44 40 37 10 35 48 13 2 36 27 16 15 21 3 17 34 35 25 18 26
0 34 13 36 2 16 37 29 17 30 14 38 19 19 28 15 12 0 42 12 34 35 27 4 34 7 38 21 18 40 38 16 39 32 31 32 5 11 26 10 19 22 33 16 30 11 33 42 15 42 39
0 24 22 30 16 34 20 19 14 17 40 37 18 9 12 45 28 26 0 30 32 4 44 24 16 20 34 5 35 35 13 35 35 17 46 27 36 16 25 27 19 19 11 40 24 11 10 29 32 13 25
0 37 39 21 28 11 11 18 15 15 28 1 24 34 25 17 35 48 26 0 12 18 22 31 34 7 23 26 28 9 22 26 19 11 30 13 26 3 45 11 13 10 14 40 27 30 19 9 12 32 12
0 35 16 19 9 21 42 34 23 44 7 20 5 36 6 30 19 26 35 10 0 31 30 28 24 40 39 25 7 29 45 33 40 42 36 45 5 15 26 34 39 30 25 28 3 24 38 20 17 24 35
0 32 16 5 42 17 21 28 26 16 37 33 15 31 44 35 23 14 2 23 34 0 39 31 28 31 17 20 43 12 39 17 27 27 23 14 8 25 20 14 18 34 33 39 19 36 25 25 19 37 22
0 29 29 14 33 20 40 12 24 19 32 24 24 8 14 26 10 17 27 33 40 35 0 24 13 36 32 14 31 24 21 29 32 11 8 16 17 30 16 10 13 8 35 17 34 17 19 19 40 35 17
0 16 29 21 32 22 33 28 21 26 33 34 29 22 23 10 16 41 11 42 35 37 27 0 43 32 18 34 16 36 13 7 37 28 21 10 19 9 23 15 24 7 26 19 25 27 7 29 22 19 32
0 26 42 17 31 30 29 21 21 31 43 14 23 26 21 10 8 27 16 26 13 33 17 37 0 15 40 6 18 22 38 16 35 4 30 30 36 15 9 34 29 32 24 16 16 29 23 11 18 24 20
0 10 18 1 27 18 44 35 29 33 37 15 13 16 6 31 47 37 8 21 15 24 24 21 32 0 21 47 29 28 31 23 25 17 16 13 31 27 40 30 24 42 9 25 28 28 16 33 23 23 29
0 26 20 20 40 41 19 21 7 1 41 39 27 7 28 10 27 43 41 27 10 34 1 14 3 28 0 11 33 26 8 29 21 23 44 9 37 28 19 28 16 33 37 15 23 41 26 41 25 34 45
0 19 8 10 15 24 16 47 28 30 29 6 17 16 25 11 24 27 13 18 21 28 30 27 32 13 29 0 20 27 11 47 46 24 24 35 18 19 25 31 32 7 26 30 8 22 21 28 22 32 36
0 5 34 36 30 23 30 29 24 17 27 38 32 19 38 22 25 41 27 12 30 42 17 30 16 32 24 31 0 9 22 34 32 28 28 25 1 28 44 21 41 11 26 28 33 14 33 44 19 6 28
0 43 18 29 23 34 29 30 12 11 26 41 13 8 40 6 26 13 2 35 19 29 18 10 26 32 26 23 36 0 11 22 25 29 22 44 3 29 13 27 31 36 5 38 2 43 15 40 15 33 12
0 32 47 32 37 29 24 28 7 19 12 33 33 3 18 25 27 19 36 26 26 20 17 44 23 36 15 47 8 9 0 12 20 17 32 35 22 29 37 47 35 34 10 47 25 47 39 7 31 28 46
0 46 29 35 33 27 21 14 19 22 26 25 34 32 48 22 21 21 30 7 6 17 23 19 13 13 10 6 37 20 24 0 45 42 25 20 28 29 29 14 27 33 33 0 5 38 40 31 21 38 28
0 28 5 22 20 16 26 41 19 13 21 44 31 18 31 28 24 7 22 33 30 30 44 20 6 33 3 24 27 31 31 28 0 29 28 42 30 23 35 19 6 28 43 33 29 15 30 35 0 32 22
0 12 31 30 27 35 4 21 26 25 10 36 38 30 16 3 11 7 14 11 38 48 22 27 47 12 23 34 21 43 44 9 19 0 23 35 15 33 45 24 24 15 13 24 25 21 15 32 26 14 41
0 33 19 35 16 38 21 24 30 9 40 35 25 17 32 36 29 22 35 21 34 23 24 5 12 25 33 18 29 21 30 37 11 29 0 17 25 10 27 18 45 18 8 16 18 5 42 18 16 9 17
0 17 14 16 39 22 12 28 20 32 12 41 31 1 33 19 14 23 9 27 36 20 16 16 20 26 19 18 37 39 11 28 3 8 18 0 24 19 44 4 39 19 40 38 38 32 19 38 33 7 20
0 13 21 35 22 18 5 25 22 12 33 33 19 26 10 20 3 13 27 19 13 42 27 32 24 22 32 41 42 20 15 20 47 22 25 25 0 17 26 34 30 9 27 28 20 15 45 31 29 26 24
0 42 26 8 43 25 21 21 23 32 27 25 33 24 14 16 9 9 20 30 9 32 26 24 14 25 45 17 22 18 10 37 19 31 23 32 23 0 23 25 20 26 26 34 13 21 18 33 25 29 23
0 2 34 24 17 18 13 35 6 38 14 19 22 30 30 20 23 17 14 37 2 16 23 13 23 32 40 36 33 22 25 16 20 11 11 22 31 19 0 35 24 16 36 21 30 19 18 28 37 30 19
0 20 32 29 29 16 13 38 32 17 44 25 6 16 16 20 37 8 34 4 19 1 20 19 3 36 4 44 13 15 14 36 28 28 34 22 31 20 15 0 29 15 17 35 46 2 31 34 29 8 27
0 20 22 34 18 26 14 23 41 30 34 15 11 16 27 22 31 14 12 22 41 7 42 27 25 23 25 2 12 3 31 4 25 26 38 11 20 30 21 14 0 30 26 30 17 13 32 24 38 4 41
0 30 3 17 12 29 43 33 41 10 48 27 23 26 21 45 38 41 20 10 23 18 47 23 25 8 35 36 17 37 35 30 45 15 15 20 18 22 22 39 34 0 38 11 10 9 45 23 32 21 31
0 32 20 44 13 30 18 32 36 19 31 13 15 39 18 39 16 14 17 43 45 15 28 17 13 27 25 38 13 36 27 43 16 29 28 45 19 15 8 21 27 39 0 34 47 34 33 23 48 17 33
0 31 29 7 14 22 21 16 6 27 38 38 26 41 18 24 13 29 21 7 5 27 28 38 18 37 44 11 4 17 15 42 17 13 30 33 22 27 25 20 25 24 22 0 36 29 6 28 13 18 29
0 19 7 10 33 30 8 16 13 6 30 32 4 31 20 29 33 15 45 38 18 35 14 8 28 15 18 13 38 24 22 19 16 35 39 42 16 48 32 14 34 14 37 27 0 33 17 21 42 41 48
0 47 31 46 26 32 13 22 17 33 32 19 34 18 20 17 47 12 38 18 26 20 41 40 8 6 25 35 14 26 34 29 24 38 29 20 29 12 28 37 13 38 19 24 22 0 25 2 10 42 30
0 27 6 25 18 17 14 23 39 10 24 15 20 30 36 15 42 26 21 26 16 21 12 29 18 22 40 26 32 8 32 25 39 24 24 14 22 27 8 13 30 32 29 41 27 30 0 38 15 48 25
0 21 10 15 30 43 39 30 20 28 22 5 39 9 12 3 36 21 26 35 14 20 33 9 38 27 28 25 40 26 27 28 25 36 23 9 8 24 22 30 37 10 20 26 12 22 6 0 38 23 34
0 15 10 24 38 16 33 37 35 25 20 2 30 26 35 18 16 23 30 32 31 5 23 28 27 5 41 35 34 26 2 14 12 7 33 18 39 33 10 27 30 36 27 24 11 15 1 35 0 15 33
0 40 40 22 24 27 21 30 16 27 22 17 46 8 21 36 28 16 30 28 42 33 16 35 36 31 47 29 40 17 11 1 36 10 44 43 46 34 21 14 21 27 12 21 33 36 25 31 14 0 17
0 32 30 17 37 39 28 25 20 32 4 29 20 35 35 2 48 16 44 16 44 33 15 47 38 36 13 26 24 16 27 0 38 18 20 14 33 21 35 29 14 40 19 11 22 31 38 7 18 27 0
