50 2
13 0 7 2
38 44 8 3
99 0 3 4
60 106 8 4
88 0 5 9
76 154 10 8
41 0 1 2
18 0 5 8
27 0 8 2
60 0 7 4
48 0 9 10
66 0 3 4
22 78 6 1
100 205 1 5
7 0 7 7
73 213 6 10
80 0 2 3
49 75 8 2
69 0 4 2
98 262 3 3
24 22 10 6
99 209 5 2
52 268 1 4
92 142 8 6
92 163 10 6
83 75 3 3
41 0 8 1
95 0 7 8
38 0 3 1
74 251 3 5
85 95 8 10
39 132 9 8
31 71 10 6
87 79 2 10
98 225 8 10
45 33 6 10
58 0 1 10
76 116 9 3
62 0 3 8
27 0 1 7
19 0 5 6
36 0 1 10
22 0 3 1
86 58 10 6
30 194 1 1
5 0 1 2
91 41 7 5
18 0 5 5
23 130 8 10
57 32 3 8
SETUP
0 27 6 12 25 31 16 18 33 31 43 8 41 54 33 42 21 53 31 43 36 46 17 28 20 7 31 42 38 18 50 11 9 8 35 21 16 37 39 47 18 49 15 8 25 28 48 28 33 36 30
0 0 17 48 53 9 28 23 16 49 15 14 12 41 23 28 3 39 53 18 27 23 24 37 16 29 36 45 10 23 30 31 43 34 50 24 10 35 20 12 47 17 27 46 22 26 39 25 33 28 34
0 25 0 7 20 38 34 43 37 31 28 36 45 19 16 33 21 30 39 28 29 21 21 21 46 47 38 15 14 9 10 45 41 30 25 23 42 31 42 31 39 34 12 43 32 18 28 14 18 50 20
0 52 27 0 32 20 35 44 18 12 41 15 11 13 34 14 38 22 22 20 4 24 27 55 50 11 21 31 26 30 15 10 22 51 16 38 20 0 36 39 30 32 5 26 22 40 37 43 13 33 38
0 18 41 36 0 32 8 12 28 2 21 33 36 18 40 26 11 46 35 26 17 18 21 38 33 7 27 41 42 21 37 37 29 31 14 35 8 17 24 27 13 31 35 31 27 21 31 39 14 27 28
0 18 43 27 17 0 30 34 24 19 36 34 26 2 25 19 48 4 52 51 33 20 34 35 34 41 22 53 28 24 39 33 11 23 39 47 21 26 23 25 49 47 20 40 17 16 14 35 40 29 20
0 28 18 21 51 42 0 17 50 22 34 14 45 35 20 18 32 34 25 10 14 24 35 26 14 3 7 17 45 30 25 30 31 27 23 44 45 26 41 52 22 47 6 35 34 10 39 24 11 28 44
0 6 38 29 16 6 23 0 11 0 18 2 11 20 24 8 36 47 30 48 25 16 42 36 10 32 25 43 21 31 23 18 17 16 21 13 39 38 24 37 47 43 47 15 25 7 21 19 28 14 19
0 39 28 39 21 43 24 23 0 28 39 30 19 29 18 22 13 8 40 45 2 29 48 40 23 20 18 13 42 23 33 25 32 44 43 27 32 32 13 29 45 39 12 19 21 51 38 17 30 32 34
0 34 45 33 21 18 30 14 46 0 10 43 28 16 33 22 34 15 22 51 4 14 33 52 42 32 26 50 36 28 16 48 39 46 16 16 27 20 31 36 32 10 21 56 41 12 23 40 38 6 38
0 24 29 36 9 25 33 41 26 28 0 36 30 49 19 21 30 17 28 54 14 13 35 17 21 36 42 32 24 23 42 22 39 27 31 18 45 30 39 1 20 31 29 33 30 33 33 39 51 33 22
0 20 45 34 8 13 51 36 47 25 5 0 36 11 20 20 13 25 52 35 13 34 11 26 15 21 9 41 32 40 34 33 33 42 36 45 34 12 5 53 15 44 38 21 15 11 35 49 28 31 28
0 20 34 5 35 26 41 2 19 26 36 31 0 28 33 27 43 22 33 29 36 22 27 24 10 24 39 20 26 34 22 21 32 31 40 42 42 37 34 34 31 28 19 23 23 25 27 47 48 36 33
0 35 11 38 7 52 30 30 56 22 28 8 21 0 28 43 27 15 19 39 33 44 19 21 48 39 14 16 32 51 34 21 48 17 16 21 17 48 36 18 11 37 28 43 10 26 15 26 31 19 26
0 17 27 13 34 47 33 34 20 46 25 31 22 31 0 22 24 33 25 20 46 35 6 50 10 10 42 37 31 6 30 23 39 32 39 29 22 38 11 12 26 41 18 43 25 22 5 28 12 16 19
0 18 37 44 34 5 29 32 39 50 31 21 42 36 23 0 30 17 17 32 10 13 53 35 5 20 13 24 48 36 52 33 29 29 24 49 31 31 30 31 26 35 36 45 33 34 32 29 25 36 17
0 35 29 20 32 48 8 31 53 25 39 28 46 20 45 44 0 32 40 32 32 46 30 27 41 26 30 11 16 24 40 23 40 46 51 44 33 24 27 18 39 27 12 42 28 33 22 37 50 38 29
0 9 23 33 43 13 15 8 18 39 42 14 14 19 16 21 55 0 26 23 30 14 23 20 16 36 30 33 13 51 11 23 34 14 38 25 19 33 23 25 23 30 5 43 47 26 22 38 56 31 30
0 14 40 9 35 18 38 32 15 26 14 24 31 19 13 32 21 11 0 27 43 53 25 21 27 51 20 17 32 19 31 27 22 23 36 8 24 27 32 19 45 10 38 29 30 36 25 21 3 15 16
0 43 53 25 25 22 20 34 5 24 18 30 34 11 52 7 30 27 15 0 30 18 51 43 22 38 49 34 26 26 12 38 29 1 21 13 25 40 54 37 24 30 32 8 42 23 32 11 45 8 40
0 33 52 32 39 48 42 18 12 20 9 36 32 26 52 38 20 9 24 14 0 29 19 39 21 3 25 37 6 31 33 25 20 40 13 19 34 34 32 32 3 0 31 31 20 27 47 24 24 10 16
0 21 25 24 30 35 33 30 29 20 19 30 13 47 3 29 28 45 26 45 33 0 14 1 22 18 19 27 38 18 50 34 3 44 5 26 46 5 22 19 39 15 25 31 26 15 8 48 28 8 26
0 43 24 13 30 26 12 8 23 2 21 18 37 29 19 43 24 23 1 21 34 24 0 16 31 6 38 39 17 9 19 39 40 9 14 32 23 35 23 11 12 28 38 50 54 27 16 51 16 17 46
0 20 23 20 29 20 31 3 24 9 31 55 37 31 43 48 20 26 40 29 43 29 32 0 21 8 26 11 32 16 10 28 7 28 41 17 34 54 33 29 9 8 56 30 25 35 32 50 17 9 21
0 28 28 40 34 41 46 45 14 14 30 13 34 28 4 48 18 44 25 29 37 20 24 26 0 48 37 26 31 16 24 20 22 23 33 22 35 21 24 18 15 33 38 8 24 6 43 48 19 7 47
0 25 38 21 43 27 34 20 17 28 36 22 20 16 35 46 21 19 21 25 19 21 25 36 41 0 20 34 26 41 25 37 36 39 39 24 13 37 39 46 25 28 25 34 33 38 14 33 25 15 24
0 1 46 15 26 6 33 30 27 31 36 27 43 50 44 47 33 47 7 44 32 34 37 20 32 34 0 9 42 45 51 6 21 37 36 19 40 29 33 30 36 31 9 39 22 28 4 23 33 32 40
0 5 50 32 24 32 17 43 34 20 34 41 22 19 34 10 28 2 45 35 37 44 43 28 21 26 17 0 13 25 28 27 29 12 18 28 4 41 15 19 28 2 6 37 40 44 12 38 27 29 38
0 26 16 46 30 43 10 40 27 50 24 28 15 18 35 16 10 14 27 38 13 41 24 16 44 48 33 6 0 44 24 40 19 18 16 34 35 33 20 25 41 15 23 35 25 35 5 47 10 36 29
0 27 11 30 32 37 38 22 39 16 34 38 13 35 23 9 30 20 28 21 28 31 22 31 19 36 14 46 37 0 33 47 16 24 39 21 40 50 24 31 6 26 38 27 20 17 45 22 18 19 21
0 29 29 23 14 22 35 34 18 28 55 20 10 29 30 13 3 4 21 20 18 6 9 26 15 56 16 14 37 13 0 40 42 3 7 18 36 17 37 25 52 41 46 35 31 13 9 12 31 14 47
0 33 33 17 37 42 14 30 49 27 22 9 27 52 39 19 8 55 18 24 26 21 9 3 21 37 4 29 36 46 13 0 12 4 30 52 14 31 27 32 39 37 8 35 26 30 29 23 18 15 29
0 28 53 1 31 21 18 18 29 28 37 38 40 0 23 39 49 34 41 37 30 24 15 15 24 31 24 42 35 42 45 19 0 21 26 32 18 17 53 27 15 23 15 19 45 26 52 26 50 50 1
0 47 23 16 21 20 24 38 39 20 20 18 39 45 22 55 30 39 30 27 31 23 36 41 23 29 41 34 53 38 10 36 24 0 24 36 16 15 16 19 10 44 35 56 11 15 15 47 44 17 33
0 20 19 23 27 29 25 33 18 20 7 17 38 11 20 39 26 49 52 6 25 27 31 28 31 22 3 18 9 43 23 32 39 43 0 17 32 26 25 39 10 17 56 53 15 29 14 41 37 41 19
0 4 18 34 21 35 31 53 21 48 22 27 38 51 29 12 32 24 14 26 14 27 34 22 42 26 56 4 25 38 36 26 6 28 36 0 22 42 29 9 4 22 33 22 32 27 46 42 44 33 23
0 34 27 40 15 5 2 46 31 24 35 11 30 28 28 28 31 15 3 32 4 12 16 26 54 32 37 33 3 21 21 15 32 19 31 43 0 47 13 16 33 16 35 26 40 8 12 28 38 29 33
0 40 18 34 22 26 29 29 13 37 23 30 31 19 24 12 19 1 30 55 27 4 56 12 49 38 40 42 1 3 19 7 37 35 42 41 19 0 33 20 25 35 33 27 35 31 19 22 34 29 53
0 21 35 38 42 28 24 11 26 23 33 14 44 10 31 38 35 25 14 2 23 25 36 36 25 27 40 49 5 39 18 3 36 4 31 16 4 41 0 24 39 40 33 42 22 19 8 3 34 16 20
0 56 52 52 19 26 42 9 17 30 29 19 31 23 55 40 23 20 20 20 19 25 45 35 37 26 53 41 21 19 38 16 41 31 39 44 9 31 21 0 43 28 18 44 29 39 31 39 48 36 21
0 30 50 47 13 46 23 20 15 23 36 19 24 5 30 42 31 37 28 38 26 35 37 44 52 38 31 28 45 28 11 29 12 48 3 21 24 13 3 25 0 54 43 21 27 36 34 29 49 9 14
0 25 23 25 15 28 10 24 35 42 38 41 19 28 31 34 24 51 7 12 20 22 23 48 4 26 9 14 22 34 43 23 24 27 41 27 37 19 50 29 25 0 32 54 31 24 38 51 27 15 48
0 25 25 50 40 31 19 22 32 27 30 28 27 27 15 23 15 24 25 27 28 45 55 47 47 30 48 36 34 29 16 21 1 49 31 33 51 33 25 17 27 22 0 19 27 7 53 35 39 22 25
0 32 30 11 24 30 36 20 30 39 39 29 41 13 27 35 20 48 25 27 33 25 27 15 49 22 52 26 37 36 19 29 52 29 23 28 16 51 14 31 36 18 30 0 16 33 39 35 33 13 23
0 25 28 51 37 5 51 8 13 29 43 32 27 25 15 40 28 11 34 43 26 3 29 27 38 40 28 7 16 39 33 41 33 54 38 9 26 51 22 34 22 26 46 6 0 39 21 17 17 12 48
0 30 20 34 23 14 38 22 24 25 38 28 41 23 20 30 22 49 28 34 33 22 42 23 26 24 34 34 44 19 26 24 25 49 10 12 19 18 31 45 37 38 7 38 35 0 26 38 34 30 21
0 46 25 36 48 22 41 32 33 14 37 19 38 24 11 29 38 40 31 19 24 40 38 21 28 28 26 28 28 12 38 28 17 23 15 18 23 46 17 37 21 32 20 35 23 41 0 29 21 7 38
0 55 20 38 35 28 21 9 53 40 28 17 5 47 20 26 13 16 25 25 9 29 39 10 23 30 22 26 22 22 48 47 26 42 25 34 51 24 6 17 24 20 18 10 2 34 42 0 37 45 35
0 48 8 41 33 34 20 32 53 5 13 19 35 54 3 29 2 35 30 17 46 15 27 24 27 10 29 11 20 56 35 27 32 48 20 40 30 53 24 31 38 28 32 36 48 38 34 4 0 33 13
0 18 4 36 19 18 26 20 42 38 30 10 40 34 43 41 34 23 40 52 35 14 22 20 29 34 33 40 32 28 29 49 33 8 32 17 34 16 46 9 16 24 26 30 34 16 16 25 24 0 17
0 25 48 39 17 46 37 24 32 25 38 22 1 43 32 7 11 16 45 47 25 31 33 38 20 24 38 39 29 20 10 51 25 35 8 44 49 39 43 44 20 49 27 12 21 32 9 29 18 35 0
