  400
   16  7866     7     6
   72  2284     9     1
    9 17513    10    10
   81 12531     7    10
   89 14152     7    10
   52  8253     8    10
   14 10821     7     3
   45  5345     2    10
   85 12837     9     6
   61  3327     1     1
   67  7081     8     8
   54 18758     6     6
   76 11546     6     4
   86 11806     9     2
   58 10583    10     9
   19 12095     9     5
   75  6310     4     7
   79  9007     1     9
   30 10857    10     2
   87  3189     3     2
   16 17611     9     1
   17 17891     8     3
    4 18392     8     7
   25  6227     7     2
   32  9213     4     3
   23 18906     8     5
   62  8914     9     5
   23 12753     2     9
   52 18915     2     6
   64  5541     3     1
   50 14684     7     5
   67  4675    10     1
   36  5816     1     1
   58 10091     9     4
   48 15197     9     1
   24 17960    10    10
   10 16335     6     4
   62  3912     5     3
   68 21296     1     9
   94  7066     6    10
   23  5230     5     3
   35  6271    10     7
   47  3717     1     5
   98 14768     3     7
   20 16069    10     8
    5 12291     3     3
   16  4756     1     1
   95 20371     4     5
   83 19290     3     2
   46 13604     2     2
   82 21552     8     6
   98 14795     2     2
   62  9389     9     5
   85 17837     6     3
   22 19013    10     4
   94 16594     4     7
    7 14637     5     7
   84  5820     9     8
   17  7240     6     6
   59 11445     7     2
   48  9352     3     8
   66 19916     4    10
   25 14112     8     3
   83 13160     3     9
   23  7900     2     4
   73  7202     6     3
    6  9014     4     8
   33  2129     9     7
   34  9105     1     5
   74  8204     4     7
   26  7186     5     6
   57 12327     7     8
    8 12466     6     4
   73  8894     7     1
   55  4988     9     4
   28  6429     5     2
   77 19177     9     4
   70  7735     1     4
   23  4693    10     6
   59 16361     2     5
   16 19331     2     6
    4  4139     8     2
   57  9049     5     7
   78  6613     2    10
   88 19967     5     4
   79  5955     4    10
   72 21198     6     7
   95 12497     9     1
   63  9767     2     8
   88  6332     1     2
   53 21934     7     3
   10 17111     4     6
   53  4141     6     2
   77 13939     7     5
   92  8164     9     4
   76 10033     8     6
   50 19133     2     8
   98 15169     4     2
    8 10153     6     3
   84  6132     4     2
   72 21365     8     9
   33 15330     2     8
   40 16450     3    10
   80 11724     5     3
    6  2118     9     9
   94 19429     3     4
    7 16145     1     4
   82 19287     7     2
   64  5058     4     8
   29 18830     3    10
   41 13541    10     6
   80  2283     7     3
   33 20960     2     2
   97 20582     4     3
   57  6887     9     2
   20 18820     6     6
   76  4431    10     3
   28  5979     6     9
   14  9211     6     7
   38 12190     3    10
   16 10303     8     1
   66  9039     5     9
   47  7194     9     6
   68 12436     3     2
   43 20970     1     4
   39 13350     7    10
   43 20460    10     7
   93 17997     4     2
   37  6413    10     1
   50  8507     8     9
   76  2022     8     4
    8  5671     9    10
   83 21828     9     7
   15 16464    10     3
   87 15387     5     2
   88 21937     9     5
    9 13787     2     7
   94  9425     6     6
   70 19118     8     7
   72 16837     7     4
   23  6148     8     5
   10 10552     7     2
   52 17111     6     6
   55  5001     9     6
    7  9028     3     5
    8 21990     6     8
   75 21813     6     1
   82 11451     2     8
   36  5862     1     7
   89  8918     1     8
   19 21632     6     8
   51 14157     8     7
   54 15949     7     7
   66  6719     4     3
   19  4487    10     8
   97 14812     7    10
    4 18060    10     2
   61  2841     2     5
   89 10703     3     2
   41  2366     2     3
   11  9339     1     4
   65 10716    10     5
   48  6028     2     2
   93  9061     1    10
   80  5074     1     7
   35 19406     9     4
   81  8891    10     5
   88 16852     4     4
   28  6725     4     9
   50  5903     9     1
   60 11582     3     7
   51 10864     3     3
   59 14447     7     3
   11  6587     8     3
    6 13857     3     9
   66 21466     9     8
   19  6470     5    10
   80 13563     8    10
   47 10810     2     5
   55 10324     5     6
   68 20473    10     7
   66 10335     8     2
    6  2374     4     2
   22 14315     9     3
   31 15046     1     5
   24  4853     3    10
   19  7021     7     3
   35 10999     3     6
   85  5685     6     5
    8 15715     9     4
   75 11356     6     8
   95 13015     6     8
   72  4325    10     8
   23 15376     9    10
   88 20068     7     8
   52  7390    10     5
   57 12676     7     3
   69  6852     8     3
   40  2136     6     8
   85 17392     2     1
   18 10747     6     4
   99 11710     8     4
   35  6149     6     4
   77  3087     2     6
   10 16288     7     6
   41 17998     8     2
   42  2446     3     4
   29 20749     3     6
   20  9454     7     1
   88 11248     6     9
   84  8966     7     2
   88  7821     9     8
   54 19575     5    10
   89  9332    10     4
   10 20127     9    10
   84 12514     6     4
   12 12177     4     3
   28  5042     5     2
   19 21504    10    10
   97 15853    10     7
   35 18748     6     6
   94 10754     7     8
   91  6762     7     5
    7 21064     5     3
   16  4024     7     7
   79  4723     5     2
   59  6348     7     8
   73 14691     4    10
   47  9567     2     4
   98  6475     2     5
   57  9977     7     1
   65 18305     9     8
   97 16177     1     9
   92 14118     5     4
   41 19383     3     4
    7 10359     9     5
   32 10009     4     6
   83 19821     5     7
   35  9001     1    10
   52 17455     3     7
   71  8963     2     5
   18 15959     9     2
   39  3169     3     4
   24  6431     7     5
    7  3185    10     5
   48 21288     1     4
    8 16936     4     9
   19 13353     3     7
   76  4223     7     6
   26 16334     3     8
   15  7100     4     4
   11 20962     2     1
   20  4982     1     5
    6 11854     1     9
   18 19920     7     4
   36  6998     7     2
   84 14568     7    10
   76  4161     5     1
    8 19680     2     2
   31  2029     9     4
   73  8628     6     5
   65  7551     1     2
   95 18326     9     2
   69  2698     8     4
   57 19660     5     6
   36 15602     1     5
   76 11048     8     8
   89  7562     8     1
   18 13317     7     1
   10 18041    10     8
   40  2910    10     7
   88 20271     9     6
   28 11894     8     9
   79  4071     2     1
   11  4596     7    10
   34 13070     7     4
   27  3252     2     4
   19 19523    10     8
   53  4317     1     1
    2  5466     9     9
   45 13751     4     5
   67  9408     5     4
   12  4321     2     9
   64 16724     4    10
   72 19253     7     3
   29  2134     8     3
  100 21714     2     2
   56 11715     3     3
    5  4287     4     3
    8 19287     4     3
   86 11736     3     7
   77 10906     1     8
   72  4732     4     5
   80  7955     2     8
   46 11595     8     1
   29  2285    10    10
   15 21549     4     2
   21 20635     7     9
   17  7838     7     1
   33 12759     3     2
   31 16569     6     7
   57  8740     9     7
   20 10924     3     7
   59  6357     5     5
   35 10802    10     8
   31 13511     9     7
   93 17419     3     8
   62 12045     4     1
   49 10928     8     4
   45 19727     4     9
   63 15503     4    10
   93  2572     1     9
   11  7029    10     3
   75 17816     5     9
   57 17288     6     9
   83  4176     6     5
    3 17941     5     1
   56 16895     7    10
   38 13883    10     7
    7 20220     8     3
   63 14076     2     2
   24  3512     3     3
   84  9019     9     1
   35 16799     7     6
    3  9458     6    10
   30 18606     8     1
   63 17075     6     6
   18  8900     1     2
   51 17134     7    10
   80  2807     5     6
   50 19651     5     3
   81 11597     2     6
   36  9539     3     3
   70  8468     7    10
   39 15945     9    10
   71 18332     4    10
  100 19970     7     7
   32 11257     1     8
   32  8271     9     1
   49  8792     4    10
   76  8878     6     6
   95 21765     4     1
   41  9355     6     9
   87 13898     5     8
   69 17474     1    10
   98  4537     3     7
   69 16066     2     3
   72 13309     7    10
   53 19424     2     6
    7  7842     2     9
   79 11422     4     3
   15 11393     3     8
   30  9345     6     2
   62 18433     4     3
   50  6086     2     4
   33 16795     3     2
   92 14932     4     4
   12 21153     7     9
   51  3588     5     3
   42  9959    10     3
   92 21951     3     5
    1 21230    10     6
   22 19547     3     8
   27  9384     7     7
   71  7592     6     6
   61 13386     1     8
   98  5609     3     7
   70  5456     5     2
   92  2536     2     6
   30 11872     3     8
   19 12239     8     2
   68  9405     7     2
   24 11530     7     9
   60 19585     6    10
   54 21295     4    10
   92  6898     7     8
   57  2016    10     7
   23 15254     5     3
   63 18198     3     8
    9 19431     1     2
   30 21087     8     1
   41  7514     8     1
   24  8717     6    10
   60  8326     3     2
    3  3840     4     4
   73 12795     7     4
   93  3014     5     4
   94 16764     7     7
   85 11841     5     3
   43  4594    10     6
   35  4616     8    10
   76 11686     8     7
   44  3717     1     1
   57  2057    10     8
    3 19061     6     4
   14  9300     8     6
   18 13434     1     6
    1  2564     8    10
   84 12747     2     7
   10 13962     4     2
