  400
   12 16467     6    10
   50 13015     7     9
   93 10430     5     4
   33 17257    10     1
   39 15268     7     2
   59  9522     8     1
   45 12208     1     6
   29 17676    10     4
   12 18276     6     9
   70 17839     3     4
   51 11055     4     2
   75 18022     6     5
    1 18586     7     5
   54 10700     4     5
   38 15873     7     6
   17 18469     3    10
   65 10342     9     7
   41  9718     6     9
   95 19464     9     8
   23 15994     4     4
   16 16909     9     8
   29 10752     2     4
   33 16755     3     8
   81 17889     3     8
    3 19754     4    10
   11 15310     1     3
   21 10423     2     9
   31 13501     9     4
    7 17836     2     3
   30 20404     1     9
   54 12358     3     6
   18 13410    10     2
   79 12526     8     8
   47 13292     9    10
   50  9775     9     3
   17 18299     6    10
    5 13318     6     1
   95 12487     1     8
   46 15082     5     3
   17 10702     2     9
   65 20831     5     1
   97 16641     1     5
   92 19229     9     3
   65 18525     1     6
   50 17846     4    10
   29 14209     5     9
   82 16101     5     5
   14 18692     4     6
   69 14431     2     7
   76 14673     4     2
   37 13793     9     9
   85 10448     2     5
    5 15930     5     5
   69  9656     2     6
   66 18842     5     2
    8 14791     8     5
   80 15471     4     9
   86 19769     6     1
   39 18797     9     8
   86 12414     7     2
   16 19281     8    10
   93 10262     1     4
    4 16329     6     3
   94 10915     7     7
   39 14059     9     3
   54 16608     6     6
   11 19718     3     6
   44 17882     7     3
   49 19600     9     3
   57 13908     7     9
   60 19089     8     2
   13 19538     3     4
   53  9657     7     3
   52 17425     8     5
   78 17170     6     9
    2 18007     2     2
   80 10741     3     3
   59 12379    10     3
   16 15806     6     7
   49 15677     6    10
   35 17556     3     5
   53 20104     6     5
   34 16629     8     4
   40 12593    10    10
   21 20265     7     1
   99 14579     2     6
   47 17889     9     4
    1 14843     2    10
   85 13456     9     6
   85 15793     7     2
   86 17762     9     1
  100 11844     6     5
   77 16560     9     5
   90 13198     4     4
   94 13264     3     1
   16  9727    10     7
   44 20310     2     9
    4 12090     5     7
   59 18113     6    10
   92 19017    10     2
   60 16502     3     5
   19 16310     5     1
    5 17663     4     5
   13 16663    10     8
   70 12842     2     5
   82 13941     1     4
   15 13778     3     9
   50 14088     6     8
   41 16824     1     7
   30 20088    10     6
   99 20270     2     8
   75 13488     5     1
   82 19300     6     1
   32 16007     9     2
   15 16585     6    10
    3 18673     4     2
   30  9693     2     7
   61 13581     5     4
    3 12623     6     1
   15 13653    10     2
   46 19879     3     5
   89 20890     4     1
   14 16002     5     6
   23 15546     2     9
   78 13195     9     4
    7 19770     7     6
   38 15778     3     6
   22 12613    10     3
   11 10968     3     3
   97 12998     8     5
   13 10738     1     4
   71 17975     6     7
   16 19813     4     6
   17 18905     7     9
   83 13746     5     4
   86 11763     5     1
   99 11954     9     3
   97 18028     9     3
   36 16355     1     8
   39 19282     1     9
   26 17223     9     9
   34 15733     4     6
   14 11877     6    10
    8 15631     6     9
   66 10847     2     7
   29 18967     3    10
   10 13411     9    10
   96 11044     3     3
   89 11656     7     3
   13 16539     4     1
   10 15201     4     4
   35 10642     2     7
    1 16536     7     1
   23 10310     8    10
   58 16693     5     6
   79 20236     8     5
   30 20585     7     6
   96 11578     7     1
  100 11956     9     7
   40 10661     9     8
   92 15081     4     5
   13 13199     2     1
   10 19140     4     4
    8 14001     9     1
   30 11211    10     9
   92 11993    10     8
   94 16269     3     1
   28 13670     8     1
   88 20525     9     1
   29 11731     5     8
   67 12059     9    10
   14 16856     9     9
   63 17969     8     4
   81 14441     6     9
   21 11595     4     7
   28 19320     1    10
    9 12516     8     8
   31 15510     2     7
   23 20868     5     2
   98 14676     7     1
   44 11156     6     7
   32 15177     8     6
   33 15822     8     7
   44 18197     4     8
   55 15992     6     5
   90 11623     2     3
   23 17540     1     2
   84 15685     4     1
   85 13705     8     3
   23 20000     2     9
   23 16850     2     8
   77 19291     3     8
   35 12307     3     9
   33 15098     6     2
   84 12400     1     8
   64 14022     2     8
   24 17596     7     9
   77 19173     5     8
   92 18197     9     9
   12 17228     5     9
    6 10012     2     6
   59 20760     7     8
   26 13192     5     8
   68 18485     9     9
   39 14309     4     6
   47 15291     8     4
   95 16912     2     8
   47 17329     2     4
   77  9909    10     1
   17 16888     8    10
   45 11113     8     4
   21 11569     7     7
   49 11173     6     5
   77 17440     7     1
   65 20271     2     4
    3 17669     3    10
   66 19567     8     3
   87 16918     5     6
   86 12462     6    10
   50 12380     7     5
    9 16026     6     4
    9 19817     9     8
   27 10778     9     3
   44 18837     8     2
   41 14022     4     9
   10 13682     1    10
    8 11967     9     9
   65 10726     1     7
   87 11963     7     7
   99 20668     9     7
   76 18458     7     6
   92 12479     8     3
   57 20536     8     5
    1 10758     2     3
   59 10071     9     1
   96 13953     1    10
   47 16553     1     7
   54 17488    10     9
   43 10390     2     4
   24 16966     2     7
   71 13484     7     8
   87 12007     1     7
   44 19040     8     4
   19 15161     4     3
   64 19951     7     8
    8 18419     2     8
   22 11938     6     3
   29 18625     4    10
   95 14444     6     3
    8 14904     3     2
   79 10113     2     5
    4  9578     1     6
   16 13829     2     9
    5 11395     2     7
   47 18920    10     7
   56 18356     7     7
   15 15582     2     7
   55  9994    10     6
   21 19586     9     4
    2 18049     9     4
   54  9770     8     2
   97 17152     6    10
   93  9636     8     6
   11 20810     5     7
   97 18414     9     2
   52 10212     6     7
    6 13871     6     7
   44 14075     9     8
    6 18204     5     5
   48 14765     9    10
   68 10149     1     5
   76 10795     4     2
   35 17276    10     7
   12 19694    10     8
   95 16461     7     4
   98 16335     6     4
   20 17220     1     5
   17 18903     5     7
   27 14068     2     4
   14 10772     8     7
   24 12915     7     9
    6 14685     3     8
   18 10854     8     3
   39 17248    10     8
   11 16585     5     5
   65 20278     9     9
   95 14711     7     5
   26 11274     8     1
   19 20777     8     5
   15 13405     5     8
   27 19828     8     4
   72  9654     6     7
   11  9664     2     7
   20 19969     6    10
   83  9572    10     3
    8 18582     2     9
   71 20685     3     6
   88 13947     7     9
   52 11765     1     7
   77 17996     8    10
   36 19217     6     8
   20 12418     3     1
   52 19296     3     2
   71 15601     7     4
   31 11219     2     9
   47 14865     9     6
   68 11043     4     8
   50 18944     5     4
   64 12875     5     2
   95 15616     5     1
   64 20220     2     1
   87 16295     2    10
    1 20805    10     8
   81 10181     2     3
   25 12651     3     7
   11 16497     6     3
   45  9567    10     2
   20 17867     9     1
   37 18276     5     3
   64 20848     8     6
   35 10379     6     9
   63 17212     3     7
   36  9610     3     2
   46 10547     9     6
   82 16288    10     6
   18  9686     4     5
   53 19634     1     4
   53 16080     2     2
    6 14138     3     3
    5 10506     1    10
   29 13184     1     1
   41 12462     8    10
   24 13429     5     1
   81 11588     3     2
   11 18567     6     4
   55 15152     6    10
   28 16957     4     7
   79 20115     9     2
    5 13204     2     4
   91 20337     8     9
   74 14838     6     2
   68 12531     4     4
   77 15739     1     8
   74 14751     7    10
   49 13217     5     7
    2 18895     4     5
   85 10355     2     2
   94 13289     4     8
   21 15869     4     5
   21 19136     6     4
   58 13244     3     4
   55 16753     1     3
   84 15455    10     1
   93 13359     5     6
  100 17804    10     8
   65 10851     1     7
   10 13549     1    10
   53 16545    10     2
   18 17435     5     8
   15 18191     3     3
   58 17556     2     2
   46  9726     5     9
   56  9761     2     3
   81 10092     6     2
   26 11818    10     1
   67 18833     7     6
   35 15749     3     2
   54 19280     3     8
   45 18055     7     8
   40 19457     5     5
   44 18724    10     6
   19 12001     2     9
    7 11096    10     8
   20 13571     3     3
   93 17256     8     8
   56 14818     6     5
   22 11573     6     7
   77 18116     1    10
   50 18611     9     3
   42 17947     1     2
   98 16360     7     4
    7 10963     4     6
   97 13807     2     5
   82 10922     8     4
   99 14826     8     2
   97 10719     1     3
   46 12277     1    10
    9 18879    10     2
   50 17769     2     4
   64 20217     5     8
   24 16178     2     4
    7 14432     3     6
    9 20448     9     6
   79 16443     3     6
   88 15028    10     7
   35 11374    10     6
   46 14384     1     2
   23  9885     4     9
   88  9761     2     3
   90 11546     8     9
