  400
   71 15682     7     9
   34 16104     5     6
   60 14733     1    10
   56 15288     8    10
   67 16245     2     3
   29 15152     4    10
   42 17159     1     6
   15 16124     4     5
   38 16721     4     4
   66 16545     2     9
   97 15201     5     1
   32 16930     5     3
   48 15141     7     1
   18 15194    10     3
    3 17417     4     7
   63 17275     4     2
   24 15405    10     5
   75 17759     4     4
   12 16558     4     2
   56 15952     1     7
   40 14466     2     5
   70 14464     8     7
   53 16343     2     1
   37 14327     4     8
   25 18233    10     3
   42 17399     9     1
   69 17180     8     2
   22 16752     7     9
   50 15710     4     8
   38 15605     2     3
    7 15522    10    10
   20 17108     3     7
   72 17425     8     9
   67 15972    10     9
   75 18113    10     7
   39 15305     1     1
   95 16840     3     9
   17 16906     3     2
   54 17145     4     6
   33 15196     6     2
   82 15086     6     1
   50 18063     9     7
   64 17842     2     5
   30 15944     2     1
   68 14891    10     9
   66 16893     6     2
   92 14854     8     2
   91 16012     1     3
   40 16287     9     5
    4 17128     1     3
   47 17680     1     9
   80 16469     2    10
   73 17309     8    10
   99 15658     5    10
   16 16512     5     7
   97 17176     9     3
   40 14692     3    10
   84 15326     4     9
   19 15563     8     1
   90 16118     7     8
   22 16648     6     1
   25 16802     7     1
    9 14861     9     4
   94 15707     5    10
   91 14408     8    10
   84 14608    10     1
   32 16728     6     1
   86 16965     3     8
  100 17231     2     2
   85 15508     9     6
   18 17877    10    10
   82 18033     8     2
   35 15205     9     3
   81 17354     2     5
   11 15611     1     2
    2 15812     9     1
   47 15882     7     6
    3 16181     8     4
   92 17541     9     4
   87 17885     7     1
    6 14944     1     7
   38 16855     2     2
   66 15988    10     1
   78 17969     8     6
   37 18230     6     2
   82 18217     4     7
   75 16780     9     8
   77 14556     8     1
   66 15178     9     6
   94 18059     6     9
   66 16391     4     9
   88 17542     6     7
   18 16496     4     9
   74 16968     4     3
   81 14883     1     6
    9 16620     1     8
   58 17293     4     3
   13 17328     6     6
   94 15220     3     6
   57 16158     5     4
   97 14470     6     2
   12 14732     3     5
   38 15825     4     6
   31 15391     5     5
   93 17802     4    10
   49 17153     5     8
   33 16920     5     5
   39 15318     2     6
   51 14969     2     1
   24 16095     5     8
   26 14837    10     6
   56 15629     2     7
   62 14585     6    10
   91 16542     9     6
   34 15233     2     3
   98 14449     1     1
   73 16393     4     3
    9 17729     2     1
   74 14722     9     2
   39 17287     4     8
    2 17423     7     9
   40 16830     4    10
   26 16463    10     5
   20 15553     2     7
   13 15432     8     2
    6 17063     2    10
   29 17890     2     4
   71 14360     1     4
   18 16025     9     6
   22 14744     5    10
   27 16234     7     8
   15 16212     4     8
   33 15192     7     4
   65 17776     1     4
   46 17319    10     2
   25 14628     2     4
   13 16564     7     1
   78 15873     4     6
   64 15663     3     9
   63 17249     8     2
    2 17685     9     4
   89 16217     4     5
   19 14512     2     9
   64 17986     4     3
   80 14393     2     1
   53 15462     5     2
   62 18152     5     3
   53 16502     7     3
   62 14826     8     2
   36 14508     5     4
   91 15424    10     1
   64 17966     6    10
   75 17054     8     4
   16 17604     9     5
   84 15153     7     7
   88 18203     5     6
   22 16301     2     5
   12 14678     8     1
   58 18280     7    10
   39 18043    10    10
   34 15138     2    10
   84 16148     6     7
   54 15889     4     8
   66 16047    10     4
   49 15559     6     1
  100 14843     5     9
   91 16391     1     7
   61 17839     4     2
   78 16433     9     5
   55 17771     5     6
   24 16722     1     3
   80 15752     9     8
   44 15622     8    10
   43 16951     4     2
   43 15372     4     1
   23 15731     1    10
   95 18130    10     3
    4 15158    10     4
   75 17950     7     3
   57 14590     7     4
   40 15383     4     8
   65 15009     9     3
   20 18272     2     4
   14 18154     2     1
   81 18329     9     8
    3 15060     8    10
    1 17992     8     6
    2 16265     1     3
   15 15454     8    10
   59 17906     7     5
   41 15942    10     3
   48 16309     1     9
   43 15689     2     2
   94 17548     3    10
   13 18072     1     3
   91 16964     9     2
   94 18107     8     8
    4 16098     1     9
   51 16438     2     4
   71 16174     8     3
   59 15503     8     4
   75 14795     4     7
   50 17642     8     1
    2 16842     5     3
   17 17463    10     8
   93 14649     1     1
   25 18289     6     3
   11 17227     9     1
   97 15523     3     4
  100 17874     4     5
   68 17534     8     5
   36 16623     6     1
   64 14518     2     8
   87 17440     1     8
   49 16411     9     2
   45 14481     1     6
   90 18217     1     8
   50 16037     9     7
   46 16463     1     8
    4 15306     8     8
    9 15577     5     2
   86 18122     2    10
   51 17331     8     7
   51 16982     6     4
   80 17304     7    10
   64 17038    10     9
   41 15581     6     6
   73 17046     6     8
   68 14770     3     7
   92 17736     7     9
   44 14854     3    10
   26 15990    10     1
   67 18247    10     5
   94 18213     2    10
   28 14466     6     4
   83 17344     1     3
   86 14497     2    10
   52 14390     3     6
   94 16206    10     3
   83 15736     4     4
   51 17981     7     1
   61 15374     9     8
   18 18075     2     5
   15 18215    10     8
   48 14449     1     5
   66 16121    10     6
   59 14330    10     4
   37 14300     1     3
   16 17874    10     3
    4 16510     2     1
   41 15323    10    10
   24 15086     4     5
   90 16266     4     1
   92 14288    10     6
   74 17784     1     8
   69 15205    10    10
   55 17042     1     4
   15 15000     6     3
   42 17967     7     7
   23 17529     3     1
    7 14371     4     2
   86 14456     9     7
   48 15153     4     1
   73 18334     6     6
   80 14304    10     7
   76 15336    10     4
   56 17313     6     9
   66 14517     3     6
   28 15442     2    10
   49 15153     7     2
   48 15970     9    10
   78 15057     8    10
   10 16244     5     9
   65 15680    10     4
   93 14906    10     8
   57 16409     6     4
   31 17517     1     9
   52 14953     9     1
   94 16425     8     6
   46 17025     1     2
   56 17179     3     2
   34 17464    10     5
   69 17827     6     6
   45 15080     8     2
   25 17469     9     1
   43 17246     7     3
   14 16001     9     2
   80 16146     1     4
   58 17963     4     6
   56 15603     5     9
    2 15309     4     4
   65 18050     8     7
   41 15775     5     5
   50 16179     7     5
   38 18019     3     3
   20 15795     4     1
   25 17232     6     8
   93 16966     8     2
   86 16029     8     7
   52 14308    10     8
   42 17836     5     3
   33 17715     6     6
   30 15082     9     7
   51 15714     1     1
   97 15029     7    10
   23 15705     8     5
    7 17839     8     5
   27 18263    10     9
   74 16374     9     5
    1 15899     6    10
   72 16923    10    10
   29 15188     1     6
   35 14998     7     5
   41 16384     7     5
   74 15984     8     8
   60 18184     7     5
   84 15265     3     8
   87 17702     8     9
   39 15964     7     9
   42 14863     9     4
   43 14939     2     7
   41 16990    10     2
    7 14547     6    10
   83 16430     6     2
   90 14804     9     6
   44 18282    10     3
    3 17942     1     2
   15 17752     6     4
   37 16883     7     4
   88 15605     8     9
   67 17777     5     1
   78 16354     3     7
   21 14955     6     5
   97 14493     4     8
   28 17785     4     7
   17 15701     4     4
   19 15914     3     2
   35 17259     1     2
   43 15598     3     3
   92 18005     1     7
   36 14792     8     1
   15 18237     2     2
   21 14827     3     3
   70 15507     4     6
   56 16256     9     7
   94 16528    10    10
   29 15325    10    10
   40 17238     3     5
   81 15864     9     9
   67 17006     7     9
   81 17817     1     8
   23 16519    10     6
    7 15631     8    10
   87 18080     8     8
    6 14584     5     7
   97 16151     6     6
   31 17997     7    10
    9 18243     7     8
   11 15538     2     9
   67 16515     6     4
   97 15483     5     6
   78 14949     8    10
   44 14503     8    10
   17 16154     2    10
   74 15158     1     7
   72 18004     3     7
   33 17571     5     4
   92 16789     6     9
    7 16897     6     8
   76 14804     8     6
   84 16428     6     5
   42 17406     3     9
   91 14675     1     8
    4 16972     9     8
   11 14547     9     4
   46 16647     1     5
   98 15134    10     8
   39 15589    10     4
   85 15519     6     9
   78 16715     9     6
    6 18311     8     2
   66 14970     8     6
  100 14869     8     1
   12 15577     6     2
   53 14685     6     4
    6 15169     5     7
    9 17444     3     7
   83 14317     4     3
   14 15047     1     5
   20 14616     6     6
   49 16548     9     6
   10 16246     7     1
   97 15282     4     5
   93 16767     7     6
   26 18116    10     1
   70 16157     6     2
   64 16406     1     2
   59 17322     5     4
   62 14580     1     1
   70 14937     6     9
