  400
   44  6493     3    10
   82  8898    10    10
   22  9298     7     6
   95  8280     6     5
   64  9667     6     9
   99  6978     1     5
   21  7209     2    10
   10  9121     2     9
   94  8324     3     6
   48  9050    10     6
   46  9373     8     8
   20  8878     6     7
   90  7413     9     7
   59  9872    10     6
   46  6994     9    10
  100  6166     3     1
   97  6486     3     2
    9  8620     7     3
   20  7007     2     5
   22  8054    10     4
   78  7746     7     7
   62  9170     1     7
   24  8879     4    10
   95  7626     4     3
    5  9284     9     5
   89  8838     1     2
  100  8233     5     1
   79  9229     4     2
   19  6724    10     9
   91  6459     7     2
   26  8880     2     6
   63  7197     2     9
   73  9336     9     1
   48  8142     9     2
   57  9456     9     3
   36  8967     6    10
   46  9100     1     7
   77  6630     2     2
   46  8053     7     8
   40  7388     5     3
   24  9659     1     8
   91  7390     6     6
   60  6230    10     9
   14  7036     2     4
   49  7226     5     1
    5  7204     1     8
   14  7181     4     4
   46  7692    10     2
   14  9803     7     1
   33  8167     5     9
   67  9725     1     6
   91  7513     3     8
   95  7302     6     5
   91  8569     4     5
   85  9119     9     1
   99  6550     6     9
   80  7372     4     6
   85  7316     5     1
   78  9759     9     1
   98  8075     5     4
   75  7754     4     2
    4  8603     3     6
   61  9251     8     2
   47  7054     4     3
   51  6710     3     8
   17  8672     8     5
   83 10001     9     2
   96  9789     5     5
   94  9282     9     7
   28  8019     7     9
   36  7142     9     7
   18  8906     2     4
   19  9388     3     4
   95  7352     1     6
   32  9922     3     8
   68  6579     9     5
   99  8535     1     4
   45  7067     8     1
   13  8251    10     7
   12  8302     7     5
   77  9214     4    10
   80  7941    10     2
    2  9795     1     2
   71  6481     1     4
   70  6474     5     6
   87  8878     1     2
   70  7010     7     3
   49  7825     1     2
   71  6159     8     3
   47  6733     5     3
   47  9880     5     6
   46  7892     1     4
   50  9316     7     9
    7  9096     3     8
   93  8926     4     7
    1 10006     9     7
   23  7733    10     2
   76  8892     2     8
   97  9760     3     2
   17  6980     1     8
    3  6876     8     6
   32  6866     4     9
   34  9865     2     1
   22  6228     2    10
   26  8198     4     4
   65  9751     6     8
   89  6787     3     4
   25  6697     6     8
    9  6783     3     9
    1  9017     2     1
   36  8979     4     2
   86  9977     6     8
   81  6923     2     2
   38  8738     6     4
   56  6422     7     2
   50  7376     6     8
   25  7581     7     5
   25  7411     3     5
   98  9181     6     9
   96  7719     6     8
   72  8124     9     7
   44  9026     3     4
   42  9591     6     2
   22  7405     6     5
   51  8087     7     1
   34  8481     1     8
   22  7375     6     2
   73  9799     8     2
    9  7338     2     5
   18  7100     1     3
   90  6743     8    10
   12  8193     1     1
   50  7945     4     1
   23  6573     1    10
   33  8401     5    10
   75  6107     9     5
   88  6288     6     8
   21  9168     7     4
   99  6784     4     2
   97  7050     8     7
   22  8150     8     4
   35  9742     7     3
   82  6991     6     5
    2  9052     1     6
   73  8445     2     6
   38  7393     2     7
   52  6393     9     3
   97 10005    10     1
   63  8784     4     1
   49  9553     6     1
   93  7688     5     9
   35  6873     4     7
   93  8544     8     4
   34  7244     2    10
   57  8257     9     2
   43  6595     4     5
   68  9704     2     7
   78  9612     7     4
   16  6359     4     6
   77  7007     5     2
   96  6676     7     6
    5  7081     1     5
   88  9180     6     2
   46  8601     2     7
   28  7633     4     5
   21  7545     2     2
   20  8688     2     1
   16  7901     9     3
   42  6677     8     6
   19  9451     5     2
   13  8931     9    10
   63  8806     7     9
   54  9158     3     5
   94  9902     4     4
   65  7822     8     5
   26  7568     4     1
   32  7259     5    10
   16  8195     6     7
   23  7538     6     2
   95 10022    10     1
   65  7712     3     8
   15  9206    10    10
   29  6859     3     8
   58  6221     1     2
   49  6414     2     9
   85  9096     4     9
    1  6795     6     6
   16  6083     5     6
   63  8672    10     3
   17  7133     9     2
   92  7069    10     8
   59  9328     8     9
   22  8194     2     7
   80  6213     7     9
    4  7893     1     5
   49  9807     5     1
  100  7738     8    10
   24  6546     2     5
   65  7672     3     4
   41  8394     7     6
   43  9977     8     7
   77  6568     3     3
    3  7165     3     5
   96  9100    10     2
   71  6434     6     7
   68  8967     2     9
   22  6632     5     2
    2  7672     2     6
   84  7126     9     6
   44  8150    10     4
   96  7659     3     7
   48  8818     2     4
   59  7320     2     3
   24  8497     6     4
    6  9018     2     5
    7  7713     5     2
    9  7558     1     3
    6  9793     9     1
   23  7775     9     8
   71  6194     2     5
   23  6891     8     2
   14  8824     8     5
   30  9502     1     3
   44  9065     9     8
   93  9017     4     3
   33  7360     1     7
   93  8836     3     9
   92  6719     3     3
   57  7885     4     2
   57  6473     7     2
   33  9093     9     8
   99  7826     1     9
   33  7020    10     5
   36  6223     2     2
   95  6890     2    10
    3  7434     7     1
    3  9170     3     1
   16  7502     6     2
    4  9086     9     7
   86  6260     2     6
   60  9631     6     5
  100  6709     1     3
   34  9058     5     9
   18  6915     7     7
   24  9186     8     6
   39  8041     6     4
   25  8608     1     9
   32  6708     8     8
   45  7799     4     4
   47  6348     1     6
    3  6882     9     2
   67  8669     3     5
   61  9152     9    10
   32  6348     9     4
   11  7699     1     3
   53  8133     4     3
   65  7687     1     1
    3  6500     5     1
   45  8832     7     6
   21  9552     6     3
   59  6952     2     3
   78  7890     5     4
   20  7342     8     1
   91  7952     3     8
   13  8092     8     6
   14  8212     9    10
   93  9365     9     8
   15  7227     1     7
   29  9694     5     2
   97  8416     7     4
    1  7466     4     2
   88  9289     2     6
   96  9104    10     7
   35  6489     8     1
    6  6169     8     3
   20  8254     7     2
   74  8509     5     5
   30  8757    10     1
   51  8942     5     9
   18  6272    10     8
   76  9084    10     7
   54  9803     5     1
   85  8921     3     3
   36  8200    10     7
   86  6116     6     5
   95  6584     5     6
   89  6298     6    10
   50  7782     8     6
   98  7063    10     7
   34  9110     2     5
   71  7299     4     8
   56  7995     3    10
   11  6964     8     9
   90  8620     1     8
   46  9927     5     7
   24  9036     6     4
    3  6797     2     8
   39  9257     5     4
   39  6227     8    10
   31  6455     6     9
   36  7637     4     8
   39  7673     1     2
   19  9724     7     4
   31  6705     3     4
   74  8141    10     3
   24  9873     6     6
   50  8939     9     6
   47  6614     4     7
   53  8594     7     7
    1  7845     5     5
   64  6866     5     5
   29  7643     8     4
   55  7613    10     5
   49  9766     7     8
   64  9823    10    10
   40  7708     7    10
   44  6315     2     4
   53  6085     5     9
   89  9470     4     5
   41  7357     1    10
   87  9174     8     4
   60  6733     9     2
   97  9332     5     9
   98  6103     5     2
   49  9333     2    10
   43  9223     9     5
   21  9118    10     6
   51  6094     3     7
   81  8444     3     9
   59  9324     7     6
   82  6529     8     5
   17  6045     6     7
   97  6961     9     8
  100  6218     6     9
   47  6729    10     1
   70  9081     8     1
   23  6055     3     5
   97  9648     9     6
   17  9675     3     8
   76  8629     1     1
   98  7457     5     1
   81  6505     8     2
    4  6236    10     4
   52  9050     6     5
   29  6236     6    10
   68  6024     9     4
   92  6722     2     5
   73  6530     7     3
   20  6089     5     2
   81  6156     8     9
   14  7867     9     3
    7  9243     2     6
   40  6869     6     1
   10  7163     3     1
    4  9325     7     7
   88  6166     7    10
   53  6350     3     6
   24  8407     6     3
   38  6240     1     6
   33  8774     8     5
   82  7696     5     9
   19  6749    10     1
   49  8798     5     1
   79  8637     5     6
   19  6946     5     9
   96  9507     5     2
   49  7683     3     6
   41  6981     9     3
   93  9119     5     7
   65  7322     7     3
   16  9589     1     4
   91  6541     9     8
   45  7807     6     5
   20  9805     1     7
   43  9570     5     3
   74  8022     2     5
   87  9808     9    10
   34  6257     8     7
   46  8531    10     7
    7  9876     6     2
   14  6393     5     6
   60  6363     9     9
   13  9083     7     7
   54  7241     3     6
   69  7505     3    10
   16  8373     3     4
   41  7387     1     6
   21  7835     6     5
   40  6744     1     7
   79  7607     2     1
   54  6573     3     9
   21  8420     5     5
   98  8335     1     2
    3  9350     7    10
   99  7021     9    10
   16  9261     8    10
   99  8822     3     1
   48  8683     3     6
   56  6206     8     3
   92  7906     7     8
