  400
   48  5825    10     4
   40  8354     6     8
    4  1970    10     4
   89  2761     5     5
   98    30     5     7
   48  8632     7     6
   88  2735     8     9
   99  1317     8     5
   68  1482     9     8
   61  2072    10     4
   63  5142     1     2
   56  6901     4     3
   52  4477     3     8
   78   106     5     1
   93  2468     2    10
   14  8136     1     5
   20   849    10     1
   94  7928     5     1
   24  1412     4     6
   75  3532     7     2
    3  3781     4     3
   36  8394     6    10
   52  3617     6     3
   23  3168     3     9
   55  9725     9     6
   42  9239     1     1
   11  8638    10    10
   30  7507     1     2
   50  7399     3    10
   45  9602     5     9
    4  8280     1     8
   97  3250     3     3
   85  7982     1     6
    7   276     3     2
   86  6011     9     8
   82  8013     7     2
   55  8908     9     7
   74  8746     6     7
   80  9330     5     7
   23   416     9     5
   34   843     8    10
   43  4497     5     9
   78  7318     2     7
   86  5320    10     8
   21  4604     9     9
   71  9786     3     6
   99  3481     3     3
   41  5454    10     9
   64  7739     9     7
   23  4894     6     8
   15  8986     6     1
   66  1545     2    10
   58  3313     4     7
   66  2629     1     3
   88  4714     6     8
   13  3063     2     3
    8  1893     1     3
   99  3377     5     8
   43   596     4     5
   57  9293     6     2
   43  3005    10     7
   46  8876     7     2
   53  2568     8     5
   27  1013    10     2
   53  9153     9     4
   39  8579     6     2
    8  9026     6     4
    8  8086     9    10
   12  7350     3     9
   88  8381    10     1
   30  8503     7     5
   45  8194    10     9
   30  2904     6     9
    7  5846     8     1
   31  3539     2     6
   50  7509     6     7
   78  5657     2     6
   29  7021     4     9
   90  2988     5     5
   41  3422    10     2
   51  1940     1     6
    5  2000    10     6
    7  4968     3     1
    9  5254     4     2
   71  4629     3     8
   95  9682     9     9
   22  8317     8     5
   78  6523     5     1
   93  3085     5     7
   64  8913     1     9
   35  5842    10     2
   35  6090     4     4
   10  7815     7     1
   87  8410     9     7
   61  7103     3     5
   63  6993     5     4
   26  7014     6     9
   69  6154     1     9
   70  5105     5     4
   37  4390     9     7
   56  4561     2     9
   99  3633     1     8
   82  2609    10     5
   86  7466     8     7
    6  9479    10     8
   13  6149     1    10
   35  5000     5     3
   83  5162     3     4
   41  3196     4     8
   25  7989    10     8
   24  8584     4     6
   92  5137     5     4
   29    15     1     3
   31  3578     7     7
    1   416    10     6
   99  4645     3     1
   25  3285     7     6
   23  8734     7    10
   77  1194    10     1
   17  6370     3     2
   86  7672     8     8
   11  7036     1     3
   51  2485     7     6
   96  5513     4     8
   98  5472    10     9
   12  9589     1    10
   58  2531     1     2
   23  2512     7     8
   80  5769     1     9
   27  7636     5     5
   60  6902     5     4
   36   355     5     7
   26  1294     6     3
   42  9512     5     8
   21  7822     2     3
   32   799     7     1
   54  5687     7     8
   56  2848     8     6
   15  5961    10     4
   95  8883     1     6
   80   862     7     4
   39  4571     3    10
   87  4046     7     9
    9   878    10     7
   69  8149     1     6
   87  4462     6     5
    8  5523     2     7
   93  1459     9     1
    9  3221     3     4
   84  6717     3     8
    9  7830     2     3
   95   919    10     2
   95  3779     4    10
   60   341    10     8
   91  6432     5    10
   93  9251     5     9
   71  9930    10     8
   48  8963     5     1
   15  1788     1     6
   51  5724     3     6
   75  6624    10     6
   75  8691     8     9
   86  6080     7     2
    1  7919     7     8
   16  8228     4     7
    6  3927    10     5
   32  8718     3     8
   70  3940    10     5
   61  6776     7     1
   46  4705     2     2
   64  2849    10    10
   41  7639     6     4
   84  9276     5     1
   50  6895     8     9
   49  8517     5    10
   52  7451     5     6
   37  1382     4     3
   57  4066     8     7
   45  8910     6     7
   45  4604     8     7
   40   809     1     4
   53  6766     7     9
   40  5523     7     9
   35  4588     4     4
   13  7107     6     7
   30  1981     3     8
   27  3865     8     3
   84  7063     7     4
   78   969     8     9
   42  5653    10     8
   34  2813     9    10
   53  7594     7     4
   16  4369     7     7
   20  8894     7     2
   53  5539     3     2
   32  2622    10     4
   26  2847     6     7
   84  4283     7     9
    1  6563    10     8
   87  9623     5     7
   30  8988     9     1
   65  9412     1     7
   27  7287    10     1
   14  8290     3     1
   14  6332     1     6
   76  5829     4     1
   65  5766     9     6
   50  7715     4     9
   32  9895     1     7
   10  4702     4     2
   95  2344     1     6
   72   730     3     1
   63  1493     2     1
   35  7868     9     4
    6  5318     6     4
   75  8601     7     7
   65  9849     1     2
   33  9183     5     7
   59  5689     4     1
   42   844    10     1
   74  4862     5     4
   93  8503     4    10
   94  8439     6     4
   90  9232     1     1
   12  7422     1     1
   46  4004    10     6
   22  1880     3     4
   37   294     8     7
   30  8287     7     5
   22  8443     4     2
   23  9917     2     4
   59  7300     7     5
   87  7880     4     8
   50  7230     3     4
   72  5615     1     5
  100  4238     4     4
   25  3084     6     4
   37  1407     9     1
   50  1978     9     2
   56  3005     9     1
   46  6109     5     2
   45  4323     9     7
   28  3735     1     1
    8  7602     6     3
   79  2216     9     1
   33  9054     9     5
   83  6229     5    10
   43  2091    10     3
   65  8263     3     1
   41  1943    10    10
   85  2935     9     3
   39  3150     9     5
   33   471     5    10
   78  1400     7     7
   28  2407     2     6
   45  7894     7    10
   24  5404     8     2
   49  4287     4     9
   82  8188     5     7
   54  3717     6     6
   71  2756     7     1
    5  8131     8     1
   12  1042     2    10
   57   662     2     8
   54  5386     1     4
   84  6658     2     4
   57  4900     8     2
   79  8471     8     8
   21  8065     3     4
    7  6878     6     3
   35  1502     8     9
   67  4200     9     6
   51  1227     7    10
   62  5237     1     9
   75  1828     4     9
   30  3443     7    10
   94  4317     9     4
   58  8057    10     8
   73  5534     8     3
   59  2605     3     5
   98    26     1     7
   57  8470     9     5
   98  5756     2     9
   31   498     6     6
   35  9871     5     1
   26  8164     5     4
   76  8392     2     6
   58  5300     4     2
   74  2476     8     3
   57  6605     6     3
   11  9017     2     7
   45  5232     4     3
   62  4761     6     3
   23    85     5     7
    2  5894     7     1
   15   173     8     7
    7  6744     9    10
   59   820     4     2
   93  8644     7     5
   28  4835     3     4
   65  7699     2     5
   28   171     5     3
   94  9035     1    10
   16  8926     8     4
   89  5409     7     2
   69   888     6     8
   45  2394     6     4
   82  9726     5     5
   26  8946     6     5
   17  7929     4     6
   41  2357     9     9
   24  8972     6     2
   73  6425     2     1
   39  8113     2     8
   54  9470     3     7
    7  6321     8     1
   64  6302     6     1
   30  7887     5     3
   65  1646     3     2
   38  8779     5     4
   86  4518     2     6
   76   689     4     9
   82  4037    10     7
   47  9280     7     9
   98   775     1     5
   84  9932     7     8
   62  9453     6     5
    5  7519     9     5
   42   777     2    10
   55  8123     3    10
   32  2379     1     8
    6  8476     3     4
   82  8294     9     2
   26  1440     1     7
   22  7427     2     8
   70  3728     5     3
   94  2329     8     5
   66  9822     8     2
   52  3480     1     8
   20  1300     5     9
   83  7776     1     8
   93  5837     1     6
   43   298     1    10
   55  4226     2     8
   31  3976     3     3
   97  9769     5     7
   62   573     9     8
   94   304    10     4
   26  7682     9    10
   26  2219     1    10
   31  9083     5     8
   12  2225     3     5
    2  2909     7     9
   13  3145     4     5
   58  1531     1     4
  100  3684     7     4
   96  3103     2     2
   20  1009     7     8
    4  1229     5     8
   38  3880     4     1
   74  9132     1     8
   36  3609     7     6
   44  2382     6     5
   56  7452     9    10
   61  5050     9     3
   65  9809     8     3
   26  1205     5     2
   55  7379     6     7
   30  9657     5     4
   77  4686     7    10
   75  8680     1     6
   13  7459     7     1
   70   549     7     5
   17  8978     3     5
   67  1711    10     9
  100  4525     1     8
   13  8773     7     1
   29  2284    10     7
   94  4829     1     2
   39  6480     8     1
   55  4504    10     7
   25  3938     7     9
   50  8705    10     5
   56  7413     8     5
   37  7084    10     4
    8   261    10     8
   55  1123     4     9
   33   212     4     5
   27  1271     8     6
   59  2353    10     6
   70  4093     7     6
    1   429     8     4
   94  5962     8     2
   14  6475     2    10
   57  7881     8     3
   55  1037     6     4
   78  6310     1     2
   82  9087     2     5
   10  8417     4     1
    8  5992     7     6
