  400
   75 13330    10     4
   91 14264     3     7
   53 13463     4     7
    8 14279     2     4
   73 11037     2     6
    1 12280     1     5
   28 13181     4     8
    7 12494     2     9
   20 13203     5    10
   58 11463     9     1
   77 12486     7     4
    4 12782     5     3
   51 11136    10     1
   61 13657     2     8
   72 11416     2     9
   85 10547     1     6
   79 10658     5     8
   88 10887     7     4
   27 10415     3     7
   89 12705     2     3
   12 13618     5     4
   18 11883     6     3
    4 14019     5     9
   33 13398     5     6
   89 11263     8     7
   34 12595     8     2
   21 12709    10     4
   20 12238     5     3
   79 13865     4     7
  100 13510     7     6
   11 12262     7     8
   53 12830     4    10
   90 13410     9     3
   63 11360     2     5
   61 12744     5     3
   63 14187     2     8
   64 13381     2     9
   88 11561     8    10
   70 12317     6     7
   84 12219     8     8
   45 12764     8     1
   46 10439     4    10
   88 10637     2     1
   96 13641     7     2
    7 13836     6     7
   59 11793     5    10
   81 13928     7     7
   85 14235     2     5
   47 12420     3     3
    7 14084     1     3
   73 12576     3     8
   59 11674     9     7
   25 11602     9     6
   77 12230     9     6
   92 10707     4     2
   14 12605     6     2
   10 10461     9     8
   12 13157     3     5
   33 10479     2     5
   89 14066     2     4
   12 12302     1     1
   44 12481     8     2
   41 12532     5     3
    1 11347     2     3
    7 13582     9     6
    1 10911     1     5
   64 11170     5    10
   71 12598     3     5
   89 12213    10     5
   33 13228    10     6
   54 10452    10     2
   34 10613     8     6
   78 13408     6     5
   41 10829     4     3
   29 13994     6     7
   84 12880     1     2
  100 12363    10     2
   10 13558     5     4
   68 12750     4     6
   47 10418     5     4
   16 13277     7     7
   41 10962     8     3
    6 11833     3     1
   41 10514     5     2
   18 12932     8     9
   97 12280     8     2
   54 12860     2     3
   28 13133     6     6
    9 11072     1     7
   87 13080     4     8
   16 12835     8     9
   20 13115     3     7
   30 11196     3     9
   56 11002     4     2
   21 14203     4     9
   36 10414     4     5
   57 11654     7     7
   84 11009     9     8
    6 12753     6     9
   45 13607     8     1
   17 13977    10     4
   60 12946     7     1
   78 13960     5     7
   94 13020     5     9
    1 13516     2     3
    7 13589     3     3
   78 11535     7    10
  100 11514     2     4
   16 12782     7     7
   46 14026    10     6
   47 11672     6     8
   32 11695     3     3
   87 10624     9     9
   52 13245    10     8
   73 11950    10     4
    4 13296     7     7
   48 11161     8    10
   27 10445     1     7
   31 12065     2     3
   57 11974    10     6
   13 13266     4     5
   46 10535     9     1
   77 10724     2     3
   43 14202     9     3
    2 11278     5     2
   97 10563     8     1
   79 14357     2     8
   59 12672     1     9
   81 11312     6     9
   85 12745     9     7
    4 11914     8     9
   98 10925     7     2
   44 11326     7     7
   81 11510     5     6
   91 13686     4    10
   44 10478     9    10
   88 10735     7     9
   69 10857    10    10
   44 11732     2     3
    4 13258     5     5
   14 10519     2     5
   91 13145     9     1
   36 10588     9     7
    1 10883    10     3
   42 12025     8     9
    8 12278     8     1
    4 13920     6    10
   90 12927     5     8
   35 12464     9     8
   35 11620     8     2
   47 10537     4     4
   47 11365     4     2
   81 11896     8     3
   23 11001     8     6
   90 11203     4     5
   82 12915     2     5
   20 11305     5     6
   68 11195     7     3
   41 11222     2     3
  100 12357     2     5
   52 13681     5     9
   44 12877     2     2
   97 13023     8     7
   95 10643     4     6
   25 14127     6     7
   88 12344     1     7
   39 10861     2     6
   12 10497     4     5
   57 12941     3     6
   83 12333     5     9
   16 13496    10     9
   71 13200     4     1
   73 11113     3     9
   51 13824     8     6
   71 13823     5     4
   15 12879     2     7
   59 11737     6     7
   75 13379     1     3
    5 11442     9     5
   93 13942     6     5
    9 10635    10     4
   51 11719     4     8
   40 10942     1     7
   89 12272     7     6
   73 12461     1     4
   29 11885     5     2
   71 10822     1     1
   92 13506     5    10
   96 12821     1     4
   11 11784     4     3
   92 11499     8     4
   48 12138     8     3
   54 10296     5     4
   89 14262     6    10
   43 12521     1     9
   78 14164     2    10
   76 12241     8     7
   82 13123     4     4
   90 10297     7     4
   32 10818     2     3
   64 11092     8     2
    5 13533     6     3
    2 13758     7     3
   37 11945     2     1
   56 12993     4     9
   73 13217     2     6
   52 10460     5     8
   14 10366     1     5
   47 12232     2     9
   56 11643     3     2
    7 14048     8    10
   55 12607     3     3
    6 13102     7    10
   46 10626     8     6
   44 10514     1     9
   78 11199     9     3
   75 12251     4     7
   15 11076     1     9
   70 10340     4     2
   71 10708     7     1
   25 12600     7     1
   61 11579     3     6
   18 12586     4     4
   79 12637     1     4
   49 11477    10     5
   61 10743     6     2
   57 12437     5     3
   25 13458     8     2
   42 13606     9     6
   47 12474     1     7
   57 14016     1     4
    5 10333     8     8
   51 11643     9    10
   59 13410     8     6
   42 12019     9     8
    6 10271     4     8
   31 12263     9     2
   93 12220     3     5
   20 10377     4     3
   78 14235     2     1
   48 13603     8     7
   26 14165     3     2
   33 12477     4     3
   54 12341     4     6
   72 10426     2     8
   76 12732     4     1
   32 13280     2     9
   46 12418     6     4
   91 13548     7     9
    1 13361     7     1
   17 12867     4     5
   16 11784     3    10
   62 10576     2     6
   34 11089     9     8
   94 14162     5     3
   11 11793     1     1
   95 11572     4    10
   51 12234     9     6
   35 10887    10     2
   36 10814     4     6
   97 10343     2     3
   92 10539     1     5
   41 10888     1     3
   48 11726     2     2
   50 13690     8     1
   82 12648     1    10
   53 11738     5    10
   81 11588     6     3
   75 10504     3     5
   72 11855    10     2
   58 11459     9     3
   23 13848     2     2
   98 11656     2     4
   90 13677     2     5
   76 11825     7     7
   69 11823     5     1
   65 12044     7     6
    7 10740     1     6
   15 13982    10     5
   55 11228     3     5
    8 13842     9     6
   31 12485     5     9
   70 12752     5     4
   70 14158    10     1
   65 13314     3     7
   64 12550    10     7
   80 11587     1     1
   59 10522     6     7
   15 10419    10     2
   15 12214    10     3
   94 11077     9     2
   11 10502     3     5
    6 12494    10     7
   34 11706     9     4
   58 11969     4     6
   55 11819     9     8
   16 14094     1     4
   11 13448    10     5
   35 13148     4    10
   90 14339     6     9
   83 10938     9     7
   92 14348     4     2
   12 13822     7    10
   80 12335     2    10
   82 13660     7     7
   88 11282     4     7
   49 13899     7    10
   47 11340     4     2
   95 11763     4     2
   63 13516     8     4
    1 12309     8     7
    2 11241     2     8
   94 11637     3     3
   71 10697     5    10
   71 11034     2     9
   58 10586     5    10
   35 12987     4     6
   51 12362     2     9
   16 10848     3     6
   49 13146     5     8
   65 14317     3     2
   10 11666     1     8
   60 13389    10     2
   70 12446     3     8
   44 13112     2     2
   18 10994     3     8
   25 14006     1     5
   59 12842     2     6
   28 14182     5     3
   60 12789     7     5
   49 12816     7     4
   11 10755     3     9
   52 12773     2     6
   61 12273     6     4
   90 12831     5     9
   33 12069     9     3
   48 13296     9    10
   38 12365     3     9
   79 13149     2     5
   42 10695     2     2
    1 11517    10     3
   80 11094     9     1
   44 11676     5     9
   94 12895     2     5
   51 11531     3     1
   15 12451     8     8
   52 13221     7     5
   85 14258     8     7
   65 10448     1     6
   68 13810     9     1
   34 13040     5     5
   29 10400     4     8
   77 11111     1     8
   94 12064     4     6
   99 12587     8     5
   21 13963     4    10
   12 12798     8     4
   23 12228     8    10
   80 12441     6     5
   39 12615     4     7
   83 10653     6     5
   29 10892     4     9
   50 13111     7     6
   34 13166     8     1
   89 12906     9     2
   39 11577     3     4
   66 10870     6     3
   37 11837     9     1
   77 13683     5     2
   44 13760     9     7
   79 12273    10     3
   78 10836     6     5
   24 10489     9     8
   22 13689     7     2
   72 13471     8    10
   74 11761     4     8
   36 11775     4     9
   23 12328     6     4
   59 11654     3     4
  100 11963     5     5
   90 11774     6     4
   93 10329     9     8
   29 12104    10     2
   67 12625     8     2
   86 12134     4     4
   27 10327     7     7
   88 12224     2     2
   97 10567     2     8
   50 12296     6     7
   67 10300     9     6
   36 12922     7     4
   33 12689     4     1
   95 10932     2     4
   85 11669     3     9
   66 11491     1     1
   84 13579     3     6
   24 12987     7     3
   31 12102     8     3
   20 11052     1     7
    1 12306     3     5
