  450
    1  2292     5     9
   96  3345     4     9
   38  3563     2    10
   26  3127     8    10
   29  2552    10     5
   40  4968     7    10
   81  5418     7     1
   22  4270     7     9
   91  6197     5     3
   94  2666     3     1
   99  4842     1     4
   10  4614     8     4
   96  5456     5     3
   37  2645     8     2
   34  2805     5     6
   79  4558     8     2
   49  5401    10     9
   34  5786     5     4
   35  3889     1     6
   57  5385    10     2
    9  3018     6     2
   40  3715     7    10
   46  3079     3     5
   60  3863     7     5
    4  4150     1     9
   78  6002     3     7
   27  5560     4     5
   66  3169     5     3
   32  2807     2     9
   78  2553     3     5
    6  3854     9     2
   33  2922     8     8
   74  3721     8     4
   43  5240     2     2
   58  3872     6     7
    2  4096     9     9
   83  3677     8     2
   38  2758     4     7
   24  6190     6     7
   73  3343     2     4
   32  3248     8     8
   22  4501     6     1
   83  5781     1     8
   28  6527     3     1
   58  4969     5     2
   16  6409     6     4
    6  4553     2     2
    7  3839     7     1
   50  5664     2     7
   40  6266     2     7
   63  2693     6     3
   58  6505     7     9
   80  3449    10     7
    9  3596     9     7
   18  3836     5     3
   84  5422     1     5
   87  3067     3     4
   45  2864     8     7
   50  6414     7     7
   18  3697     4     2
   23  3241     3     2
   56  3737     6     9
   50  4442     2    10
   96  4785    10     5
   99  2446     7     1
    7  6138     9     6
   98  2350     9     3
   81  3947     7     3
   45  2365     4     3
   21  6364     4     9
   54  5113     8     6
   76  3436     2    10
   42  4333     1    10
   36  4363     1     4
    3  3431     4     1
  100  2771     8     2
   52  4240     6     7
    8  5808     5     2
    6  4433     4     2
    1  3373     7     3
   48  5542     8     9
   69  4949     9     5
   59  3346     5     1
   27  2459     8     5
   78  6368     9     2
   77  5006     9     4
   11  5705    10    10
   64  2903     2     6
   21  5694     8    10
   61  5587     6     7
   81  4424     5     8
   44  2404    10     1
   16  2793     1     6
   31  2334     6     7
   39  5012    10     6
   15  3062    10     6
   37  6296     4     2
   36  5186    10     8
   95  4832     6     9
   81  6484     8     5
   57  5018     5     7
   48  3414     5     4
   56  3388     1     4
   99  2820     5     6
   84  5600     5     8
   59  4643     4     5
   98  3414     4     7
   36  3309     2     4
   66  3919    10     6
    4  5670     7     9
   36  4505    10     7
   13  2929     9     5
   72  4088     6     3
   95  5675     4     7
   40  3212     6     9
   49  3925     6     5
   71  4150     4    10
   51  2385     7     9
   13  4651     7    10
   92  3313     2    10
   11  5795     3     5
   93  2544     2     7
   35  3540     1    10
   27  6412     5    10
   23  2702     7     3
   74  6376     2     5
   41  2943     6     6
   60  2466     3     5
   10  5030     3     3
   36  5598     3     5
   41  2418     2     9
   66  3517     7    10
   83  2481     8     8
   97  3630     2     3
   64  4161     4     5
   67  5905     4     6
   55  6096     7     7
   62  5398     7     2
    2  2682     8     9
   20  3484     6     3
   65  4537     6    10
   38  5011     7     5
   33  4236     4     7
   37  6448     3     3
   32  4154     3     2
   73  5271     2     5
   86  3841     8     7
    3  6127     6     1
   24  5479     8     4
   98  6316     5     7
   95  2909     9     1
   34  4743     2     8
   91  2328     6     3
   29  4272     2    10
   61  4624     9     8
   13  2853     4     6
    3  4116     3     5
    1  5390     4     4
   73  3143     8    10
   12  2615     6     8
   36  4457     9     8
   13  3385     1     8
   78  3956     4     7
   19  4761     8     6
    9  4838     4    10
   42  5940     9     2
   85  4134     1     1
   63  4403    10     7
    4  4806     6     3
   87  4640     8    10
   83  5711     7     9
   68  2811     1     2
   24  3119     7     4
   16  3415     3     5
    5  2728     3     5
   56  5096     9     5
   89  6510     6    10
   90  4392     2     2
   59  4692     6     6
   12  5458     5     3
   88  4177     6     8
   53  5424     7     6
   46  3670     7     1
   78  4329     3     1
   81  3165     8     6
    6  6117     7     9
   91  5005     7     6
   84  5104    10     1
    6  4975     2     3
   63  5972     6     5
   96  5543     7     8
   42  2900    10     1
   75  2825     7     3
   73  2967     3     5
   60  5485     7     6
   84  5487    10     3
   15  2376     1     6
   45  3087    10     7
   47  3358    10     9
   18  5005     6     8
   32  5550     7     6
   29  2538     8     8
   86  5640     8    10
   55  6492     5    10
   45  3776    10     2
   91  6192     2     5
   11  5057     5     5
   33  3755     5     1
   80  4053     4     6
   69  3218     3     1
   44  2681    10     4
   67  6053     1     3
   21  6466     9     7
   90  4174     8     5
   45  3850     4     3
    2  3099     6     2
   95  3760     6     3
   35  2324    10     8
   85  6027     5     3
    1  2203     7     5
   97  6119     5     3
   80  5038     4     1
   42  2927     7     5
   72  2413     3     6
   53  5829     6     5
    2  6235     5     1
   55  5723     3     8
   68  6028     6     1
   47  2791     4     8
    1  2550     4     7
   86  4502     4     8
   78  6164     3     4
   30  2911     1     4
   71  3610     3     8
   32  6125     7     3
   74  4511     3     5
   61  3270     5     2
   43  4650     2     8
    7  6089     9     6
   41  5147    10     7
   11  5692     4     8
   51  2239    10     9
    8  4668    10    10
   32  5626     4     4
   40  4237     9     3
   53  6342     5     2
   33  2193     9     6
   34  5820     4     6
   87  6490     4    10
   18  6043     5     8
   34  5847     1     1
   83  6078     1     3
   98  4550     8     9
   76  2242     9     5
   54  6314     3     8
   50  3847     5     3
   77  6301     3     6
    9  5506     7     5
   18  3344     3     3
   23  2560     7     3
    9  5879     2     2
    3  5669     8     1
  100  2193     9     6
   38  2258     3     5
   74  2748    10     9
   32  6141     7     9
   12  4592     7    10
   35  3842     6    10
   74  4260     8     6
   19  4150     5     5
   75  2457     7     7
   85  3420     3     3
   69  4212     7     4
   83  4948     7     6
   16  2515     6     7
    9  6272     5     7
   35  4759     3     8
   48  2531     6     2
   42  5560     1     2
   22  4717     7     7
   66  6398     1    10
   76  4875     1     2
    4  4264     9    10
   63  4416    10     8
   51  4941     1     7
   58  4047     3     7
   13  6087     7     1
   28  4711     5     3
   66  3021     2     2
   30  2899     9     4
   51  5094     1     5
   75  2368     3     3
   33  6392     6     5
   50  5110     1     1
   12  2450     7     7
    6  2608     7     3
   82  4720     8     9
   24  4865     3     7
   40  4273     3     2
   55  2448     7     5
   42  2483    10     1
   15  4553     9     8
   40  3692     2     8
   11  4518     6     4
   97  2970     7     4
   55  4030     9     4
   19  4259     2     1
   32  5553    10     1
    3  4385     5     6
   61  3287     2     2
   53  3738     8     7
   68  4251     7     6
   36  5986     4     4
   57  5826     8     6
   31  6491     6     4
   87  4396     6     1
   15  3341    10     3
   44  6047     2     4
   15  2575     1     3
   81  4185     3     4
   74  2415     2     8
   65  5492     1     7
   55  4377     6     7
    6  2275     7     2
   15  4071     4     8
   67  4650     2     4
   11  2707     4     4
   96  2259     1     6
   90  2983     7    10
   50  4803     8     6
   51  2531     7    10
   32  3290     6    10
   64  2825     6     4
   90  4046     8     7
   42  5632     3     4
   61  3618     5     7
   45  5900     7     1
   60  3359     6     4
   93  2639     4     7
   47  3753     3     7
   20  4470     8     6
   46  4201     3     4
   15  5827     9     2
   56  3924     3    10
    2  3496    10    10
   46  5787     4     5
   43  6144     9    10
   17  4660     1     2
   89  5302     8     9
   58  2187     9     2
   97  2314     4     6
   62  5541     9     6
   22  5503     1     9
   51  4514     9     2
   67  5639     6     8
   36  3042     4     6
   18  2632     2     6
   78  6169     1     2
   32  3124     4     2
    8  3439     8     5
   27  4441     8     7
   83  3478     3     2
   39  4552     3     5
   91  5089     5     1
   72  5348     2     9
   80  3653     7     9
   51  6531     9     8
   17  4716     8     9
   40  4835     3     3
   44  2639     4     4
   63  6292    10     5
   60  2773    10     8
   89  4664     8     8
   78  5588    10     7
   16  4521     4     8
   90  5983     7     7
   23  4844     4     1
   58  4133     2     7
    7  4112    10     9
   12  3615     1    10
   16  4144     2     9
    3  4249     3     4
   73  2624     1     5
   37  3115     3     8
   54  2232     3     6
   40  6086     6     2
   73  3980     8     4
   71  2687     4     1
   17  5724     8     3
    4  4928     2     5
   78  3950     2     5
   44  3634     7    10
   86  6230     6     7
   17  6326     4    10
   34  2191     2     1
   58  5047     7     5
   96  3447     3     8
   85  2191     2     8
   74  3231     7     4
   36  6106     5    10
   28  2653     8     1
   37  2992     8     9
   95  2348     6     8
   16  5140     5     9
   14  6404     8     5
   11  4692     9     5
    6  4592     4     5
   37  4716     1     6
   68  2294     3     1
   12  6527     3     3
   48  6154     3     5
   83  4261     4    10
   14  4245     7     7
   21  2246     3     9
   20  5200     8     7
   68  4300     9     2
   60  6156     1     1
   92  2648     6    10
   39  4811     2     2
   77  5349     8     4
   96  5400     9     5
   17  2229     3     7
   20  2451     5     4
   82  5098     6     1
   33  6378     9     6
   53  2466     8     4
   40  3613     2     6
   29  3294     1     3
   37  2480     1     1
   14  4668     8     9
   64  2868     5     2
   65  2957     8     2
   50  5484     6     7
   59  3039     2     9
   80  5921     5    10
   64  5356     3     2
   69  5555    10     4
   85  3981     8     4
  100  3541     5     7
   37  5672     4     5
   97  3977     2     7
   48  3163     9     1
   20  3402    10     4
   10  6045     8     3
   68  3233     1    10
   39  6425     7     1
   78  3813     8     4
   27  2858     3     1
   31  2542     4     1
   16  6448     9     6
