  450
   48   362     7     8
   45  6988     6     3
   34  8003     4     2
   36 15416     7     3
    7 10888     6     2
   68 12936     7     2
   43   207     3     4
    1 16081     6     2
   32  3247     9     7
   12  1026     8     2
   11  3385     5     7
   48  4086     4     7
   39 11044     5     9
   42  4041     5     6
    1 12743     9     1
   47  7317     2     4
   37  3347     6     9
   17 14666     7     9
   38   383     1     7
   95 19131     2     3
   46  4138     5     8
    8 11402     6     5
    3 11426     9     1
   64   961     4     9
   16  8141     5     1
   35   672     2     3
   71 12311     1     8
   26 15540    10     7
   43  6155     7     1
   20  8414     3     3
   49 17843     2     7
   91  6517     6     9
   64 15403    10     6
   83  6338     7     8
   26  2426     2     1
   70  6784     5     7
   50 19275     3     9
   69  2633     6     4
   71  3357    10     8
   82  3014     2     6
   80  3660     3     6
   81  6743     7     4
   29  7101     7     3
   18 14705     9     5
   22 10784     3    10
   29   336     7     4
   65  2514    10     8
   59 14132     8     9
   46 15002     5     2
    3  2898    10     5
   54 13755    10     1
   91 19140     9    10
   11 14300     7     9
   56  5674     8     2
   54   594     4     9
   27  2933     1    10
   91  6346     1     5
   25 12905     4     6
   52 18473     2     6
   33 12501     8     5
   44  1811     8     9
  100 16809     3     2
   23 19019     3     3
    7 17215     7     4
   82  3639    10     9
   49  1937     6     4
   76  4491     1    10
   32  3407     2     8
   17  4571     1     8
   46  7849     3     8
   13  6421     5     4
   96  8231     5     4
   27 14592     9     2
   41 13523     3     6
   14  3429     3     8
   49  5869     1     2
   70 13859     1    10
   79  5944     4     5
    7   493    10    10
   15  9354     5     2
   82  8842     5    10
   61 14249     1     1
    6  8986     3     1
   92  3634     1     8
   16   415     1     2
   60  9580     6    10
   18  6568     4     7
    7  6761     1     7
   84  2978     1     6
   70  5534     5     3
   39 19262     8     1
   27  4789    10     4
   70  2835    10     4
   62 18774     2     4
   34  2497     6     7
   52  6475     9     3
   10  1203     9     8
    9  6989     9     7
   83  9882     2     1
   27  5775     9     6
   55 14838     3     5
   96 16304     9     4
   23 14007     5     9
   81  9923     3     6
   36 10320     3    10
   37 17436     9     7
   29 15793     3     8
    6  4671     4    10
   15  3872     4     2
   36 16287     2     7
   20 14026     8     1
   97 12714     8     1
   96 11028     3     7
   25  3505     1     2
   88 16349     1     9
   12 11443     3     9
   85 13086     8     1
    6  3410     6     5
   18 18205     5     5
   68 16064     1     6
   75  8945     2     8
   57 17960     3     6
   95  1346    10     9
   44 11781     1     2
   19 17226     4    10
   28  3843     8     6
   95 18256     1     4
   29 18429     3     8
   37 10832     8     3
   78  8631     5     5
   55  4697     3     3
   92  6163    10     7
   73  5428     3     9
   77 18704    10     2
   73 16087     2     3
    9 15748     5     9
   14 16633    10     8
    1 12373     6    10
   14   912     8     8
   29   997     4    10
   37  9152     9     6
   34 14938     8     8
   25 13712     3    10
   33   673     3     3
   59 18443    10     9
   12 10554     5     8
   44 12117     7     1
   43 12021     7    10
   18 13965     2     3
   62 10814     2     6
   11  8578     9     5
   93  3402     4    10
   18  9266     4     2
    5  9924     9     4
   36 15183     4     1
   37  6984     9     1
   33 13767     8     9
   31 13932     7     5
   65  5906     3     9
   70  5092     5     2
    8  3055     1    10
   19 10603     8     1
   61 11256     4     8
   81  8484     5     8
   96  9800     9     3
   33  7836     5    10
   89  4725     1     6
   10  6925     8     1
   34   701     2    10
    3  5637     1     4
   38  7923     3    10
   70  9854    10     5
   36  1068     8     1
   62  2127     8     9
    2 10527     3     8
   95     4     7    10
   74 12682     4     7
   46  3137     9     9
   37 12026     5    10
   91  7139     6     9
    7 13951    10     4
   48  1096     4     4
   83 10542     9     9
   25  3710     5     5
   53 11020     4     8
   19  6217     4    10
   61 10695     4     6
   85  5280     1     7
   50   641     2     5
   25 16601     8     4
   54 10373     5     8
   58  3697     2     4
   44  7697     7     5
   15  2122     8     5
   38 12182     8     1
   40 17498     5     7
   47  9958     4     5
   27 16907     9     7
   49  4915     5     8
   80 10660     5     4
   30  3036     9    10
   86 12839     9     7
   50  1006     6     9
   66  4105     8     1
   48 14967     6     5
   52 11534     8     6
   60  4109     4     1
   21  8141     2     2
   97 14671     7     4
   97 16136    10    10
   12 15281     7    10
    4  9115     8     8
   44 17232     5     3
   95  6315     7     9
   29 12825     3     3
   97  8745     8     1
   13 12532     2     9
   89  4012     8     9
   81 14026     8     7
   63 13174     4     3
   14  1106     5     3
   35  4891     4     4
   20 16872     7     7
   58  8804     4     7
   50  7013     3     9
   57  9546     5     8
   97  6794     8     4
   96 16972     8     3
   84  6945     5     5
   46 11710     2     1
   76  8124     2     7
   13  9982     5     4
   31  5041     1     8
   25  9130     8     6
   78 14087     2     5
   79   500     8     2
   77  1156     7     2
   38 18197     7     5
   99  8642     9     3
   73 15828     3     6
   34 14825     6     4
   11  4415     7     3
   77  5435     3     3
   78 12550     1     7
    5 10731     5     2
    5 18260     5     6
   74  1787    10     7
   18  3756     7     1
   94  2765     4     4
   55 15813    10     3
   80 16930     2     4
    7  3871    10     7
   90  1197     3     6
   99 14295    10    10
   64 12675     3     4
   39  8211     6     5
   56  4333     6     8
   61 19470     1     7
   35  5675     3     8
   40 11279    10     2
    6 11672     4     8
   10 13800     7     4
   52  1754     4     5
   37 16714     4     5
   35  3422     6    10
   30 15841     5    10
   15 17215     4     7
   11  4579     2     1
   68 14531     1     4
   14  6349     4    10
   84   899     7     6
    1  9848     9     7
   24 10765     1     3
   61  6334     9     9
   79  2891     1     4
   29  1988     5     4
   65  5087     5     5
   53  4678    10    10
   46  5744     3     5
   58  7852     8     8
    7   984     9     3
   25  3167     4     8
   65 11724     7     4
   97  2181     2     9
   24 17462     4     7
   29  4892     2     7
   35 10392     9     3
   80  2288     9     5
   90  4854     2     4
   69 16068     1    10
   19 13567     1     6
   95 16527     5     2
   79 10360     9     4
   71 15322     4     1
   32 13734     1     7
   14 13783     6     3
    1 11656     1    10
   47 11441     6     4
   24 18363     8     3
   68  6679     1     3
   60 17791     9     4
    8 19263     6     9
   69 16528     1    10
   84  9048     9     6
   68  6089     6     7
   48 19419     1     3
   12 11037     4    10
   32 11177     2     1
  100  4590     1     3
   58 16781     6     4
   90 19029     9     9
    7  5574     9     5
   83   441     2     1
   55 11246     7     3
    3  7756     2     3
    6 17903     7     8
   83 16138     8    10
   37 18149    10     5
   86   684     7     2
   72  1485     1     4
    6 14710     3     5
    5 14252     7     8
   67 18012     8     6
   85  5562     1     8
   76 10066     1     8
   99 12239    10     3
   98 19346     7    10
   76  2214     1     8
   45  4172     5     6
   22 18201     6     3
   44  8894     3     1
    5  2456     3     9
   29 17957     3     1
   13  5914     6    10
   89 11504     2     5
   96  4538     8     7
   60  5826     6     3
  100  3034     7     4
   28 15716     9     8
   59 10416     6     5
   58   308     4     8
   18 15238     9     7
   65 15991     7     9
   40   749     7     9
   72  6976     7     9
   67  4239     8     2
   46 18653     3     7
   55  3606     7     8
    4  2881     8     7
   31 19337    10     8
   27  5092     9     2
   10 17591     2     1
   36 14081     8     6
   94  3597     6     7
   95  3646     4     9
   11  4640    10     4
   92 15836     5     9
   92  3485     2     8
   87  6854    10     1
   37   500     9     5
   13  2178     7    10
   31 15749     5     1
   41  2956     4     3
   42   628     1     1
   43  2155    10    10
   29 14461     5     8
   38  5167     8     7
    2  7982     7     3
   29 17495     3     1
   65  1375     8     5
   61 18399     3     7
   87 17803     6     9
   83 16613     8     1
   25 14882     1     6
   26 18553     5     7
   55  4082     5    10
   92 19122     8     7
   71 17698     7     3
    9  7689     3     8
   96  2496     7     4
    2 17528     8     1
   35 12781     1     9
    5   579     8     5
   37 12102     6     7
   28 16378     9     5
   99  4226     2     3
   48 16742     5    10
   20 12706     3     4
   91  7711     3     1
   34  4089     7    10
   56 13207     4     8
    4  9890     2     1
   65   330     3     1
   97 16164     7     1
   45 10518     2     1
    7  2486     4    10
   26 11117     3     8
   83 15685     2     8
    9 10469    10     3
   54  9105     5     9
   48 17060     9     2
   69  9360     4     9
   41  7401     2     8
   30 14166     7     3
   94  4735     4     4
   66  6447     8     5
   84 18248     3     2
   85  4349     2     1
   37  4637     5     8
   93  6429     5     9
   80  6846     8     5
   38  2658     4     8
   27 19211     7     7
   85  7425     8     9
   75 14760     1     5
   55 16081     5     2
   84 11652     1     1
   22 11995     8     4
   74  9279    10     6
   74 19363     3     1
   56 16084     4     4
   30  2979     3     3
   78  9745     6     1
   20 16415     8     4
   26 19143     1     4
   23   755     8     1
   27 18902     1     4
   51 10753     3     2
    5 16440     1     9
   35  9863     2     6
    5   351     9     1
   52 13993     9    10
    4 19223     6     4
   45  7753     2     8
   81  8651     7     2
   97  4450     9     8
   10 14200    10     2
   65  7391     1     3
   81  8800     2     9
   47 18838     6     9
   57 13821     7     1
   61 15646     2     3
   84  1988     9     7
   84 13524     4     8
   45  3564     9     2
   59 16749     2     1
   38 10097    10     9
   29 15216     9     2
   81  9236     9     5
   12 19377     9     5
