  450
  100 21484     1     5
   16  8912     4     7
   57  8318     2     6
   47 18049     6     2
   33 13488     3     8
   16 20044     1     8
   83  5749     3     9
   90  6655     5     5
   85  8515     7    10
    8  9710     3     3
   84 14918     8     4
   20 17350     1     1
   96 13456     6     2
   77 16292     1     9
   84 15715     2     9
   98 14221     8     9
   92 12711     5     9
  100  9949     4     1
   40 20306     3    10
   52 15313     3     9
   33 17390     2     8
   46  5112     8     9
   48 16074     7     2
   21 17110     6    10
   87 22146     8    10
   16  8921     1     6
   11  6988     1     2
   84  7707    10     8
   17 10506     8     3
   72 12397     1     1
   56 10681     7     9
   16  9502    10     8
   87 16812     6     7
   13 14502     1     5
   63  5063     5    10
   19  7813     1     4
   28 12059     1     2
   46  6316     8     8
    9  9971     7     9
   13 16078     7     2
   53 11530     2    10
   92 20393     5     3
   33 10940     9     2
   49 20489     9     1
   68 14197     7     2
   16 22158     1    10
   47 12222     8    10
   60 22411     2    10
   16  9619     6     1
   86 10040    10     9
   12 15237     6     9
   49  4521     8     8
   32 10655     9     8
   59  8823     3    10
   69 17135     5     8
   18 10314     8     7
   75 13247     3     5
   80 19627     8     9
    2 13525     8     4
   92 19256     2     7
   51  9537     8     9
   57 19709     6     3
    7  6271     2     5
   37 21852     5     5
   70 11724     6     8
   70  6838     8     4
   56  7178     7     9
   98 19286     8    10
   15  8657     7     1
   64 12653     4     8
   10 12876     4     1
   68 15690     9     1
   56 10558     8    10
   43 19320     5     2
   16 13692     7     2
   24 20258     6     1
   59 18991     5     2
   62 21417     5     2
   83 20182     9    10
   74  6122    10     2
   48  8969     6    10
   94 12931     5     8
   23  6147     9    10
   79 15128     7     8
   53 17257     9     7
   91 18785     6     7
   97 20946     4     4
   27  8017     3     2
   71 15924     3     5
   98 11983     1     8
   18  4786     6     9
   21 20964     2     4
   55  9205     9    10
   25  6561     9     3
   58 20329     6     8
   24 16432     6     8
   94  8902     7     6
   14  5020     3     7
   21 13230     4     7
    9 13062     3     7
   78 13176     8     4
   31 21610     9     8
   76  6265     1     8
   33 19237     7     3
   73 18443     3    10
   92 15460    10    10
   56 17008     2     3
   31 14946     9     1
   53 14389     6     1
   39 14702     1     3
    5 16572     1     3
    1 18862     1     1
   33  5145     7     1
   27 18222     1     3
   79 11502     7     8
   85 17906     5     8
   18 14520     6     9
   75  9960     1     1
   12 21427     9     9
   89  7957     8     4
   73 17447     3     8
   29 21717     4     7
   10  6433     9     7
   27 22155     3     8
   54  5790     3     9
   68 22266     7     4
   51 16099     9     6
   48 10195     1     5
   81  4799     1    10
   71  6842     4     2
   56 18761     3     1
   59 13478     8     4
    1  5965     2     9
   31 20530     4     8
   91 10228     4     6
   74 19912     5     9
   22 13503     3     7
   47  4748     5     9
    5 12370     5    10
   75  5404     8     8
   86 14953     7     2
    9  6454     5     2
   75 19770    10     8
   18 15602     3     2
   36 20180     6     5
   54  8785     9     5
    3 11021     9     9
   54 12212     3     3
   29 14249     9     5
   15  9961     9     7
   42 15672     1     7
    2  9208     3     3
   44  9191     5     4
   51 17609     9     3
   28  8876     6     1
   97 10484     7     2
   18 17388     5     7
   78 20479     6     6
   44 16183     9     7
   99 17690     5     7
   49  4834     9     8
  100 12457     1     7
   57  8680     4    10
   50  6302    10     7
   31 10499     4     5
   48 14412     7     6
   23 21717     6     5
   53 19505     8     2
   95 14663     4     4
   27 11600     3     4
   27 20413     7     9
   80  7129    10     5
   36 13558     7     6
    2 17696     9     6
   98 18235     5     6
   72 11250     4    10
   56 21984     7    10
    1  6769     3     5
   25 18965     7     3
   85 13745     7     5
   15 12234     2     1
   66 12149     9     9
   86 18457     9     8
   58 16928     6     5
   17  7270     7     2
   14  4845     6     9
   54  4925     4     6
   34 20161     4     8
   92 20828     1     4
   98 16612     2     2
   33 15364    10     5
   41 21165     1     2
   98  6581     2     9
   89 19548     4     4
   90  4980     1     9
   28 12584     8     4
   36 11472     2     9
   12 22201     8     3
   80  9602     7     5
   30 21639     5     3
   39 11313    10     7
    7  7528     6     3
   10  6280     5     7
   75 20374     9     3
    9 20727     4     9
    7 20019     9     3
   46  9136     2     3
   65 20224     2     8
    7 22291     3     8
   70  5613    10     6
   50 11482     8     3
   21 12038     6     8
   36 13266     8     5
   35  7451     8    10
   78  6478     1     2
   53 16040     7     6
   49  7800     6     8
   32  6907     6     8
   86 13714     2     4
   41  6141     6     2
   30 19022     9    10
   19  6590     1     8
   81  4818     7     4
   27 21107     3     9
    7 21641     6     2
   70  5301     9     2
   55 11203     2     2
   43 10626     8     1
   82  5014     8     5
   34 16309     8     7
   73  9777     2     4
   21 11830     8     1
   41 19340     5     9
   82 11561     8    10
   95  9717     6     4
   50 17579    10     7
   89  9092     8     3
   41 14357     9     6
   14 15316     1     5
   95  8896     1    10
   11 15473     1     2
   63 22301    10     8
   16 16437     8     8
   47  6252    10     6
   98  7264    10     7
   94 18419     1    10
   99 17795     6     2
   47 10568     5     5
   26 20829     6     8
   84  9022     7     5
   87 12212     2     7
   55 17364     7     8
    2 11115    10     3
   68 12534     8    10
   82 15983     9     6
    9 10269     5     5
   38 13338     8     1
   36  4699    10     8
   51 16398     4     5
   20 13855     6     5
   70 16511     9     4
   24 21679     8     8
   41 21189     5     6
   10 13363     6     3
    5 10752     5     8
   35  8419    10     9
   60  8455     5    10
   93 15347     5     1
   76 18279    10     5
   73 19274     8     4
   88 19747     7     1
   86 11265    10     6
   36 19087     9     1
    4 13696     4     9
   32 13020    10     2
   34 21855     8     8
   98  9628     4     8
   30  8328     7     3
   80  9936     2     3
   23  7969     2     6
   14 12853     6     7
   67 17652     4     9
   78 20837     8     3
   16 19472     5    10
   35  7698     3     9
   60 14332     8     9
   25  7253     1     4
   72 16539     3     9
   95 14535     7     7
   76 19155     5     9
   92  7907     8     4
   65  8558     7    10
   99 18346     2     7
   32  6609     2    10
   74 17425     2     2
    3  6610     8     5
   67 10531     3     9
   34 21384     9     2
   96 17461     2     6
   42  6322     4     3
    6 18171     8     5
   84 14720     8     6
   28 13090     4     9
   42 14771     8     6
   88  5929     2     4
   59 21613     5    10
   75 14139     6     4
   85 11060     5     2
   89  7454     3     2
   54 19578     9     6
    8 14533     6     8
    3 15810     8     9
   21 14743     4     5
   86 12882     5    10
   19 12795     2     9
   55 17944     9     3
   45  4727     2     9
   43 15551     3     2
   27 11996     1     2
   40 14765    10     5
   18 12218     9     1
   18 15406    10     5
    4 18827     7     5
   16  8077    10     8
   49 17518     1     5
   78 13765    10     7
   19 10190     9     2
   15  5561     5     3
   11 12661    10     8
   14  5163     1     7
   56  7387     8     6
   17  8345     9     2
   98 15387     8     3
   83 15980     3     4
   58 18619     7     8
   85 16819     1     7
   42 15106     9     4
   33 10270     4     2
   69  5391     6     9
   31 18063     2     6
   87  7361     2     8
   77 15427     3     6
   33 11386     9     5
    7 17607     8     2
   62  5822    10     6
   52 19684     1     3
   62 13064     6     4
    7  6052     1     4
   94 12748     5     4
   88 20563     8     6
   46 16321     3     9
   11 20470     5     5
    5 13482     7     1
   49 12660     1     3
   27  6059     6     2
   53  8512     9     5
   26 21928    10     9
   45 11753     4     4
   68  9577     3     7
   37 12102     2     6
   59 12419     4     1
   23 12467    10     2
   53 15950     2     8
   56  5318     4     3
    6  5960     5     6
   11 12082     8     6
   40 17641     4     9
   48 16569     3     9
   43 17856     1     7
    9 18535     1     7
   78 12145     4     5
   29 20720     5     4
   85 11475     4     3
   11 19035     3     9
   36 15840     2     6
   47 12800     5     8
   62 16232     5     1
   97  6416     7    10
   53 14356     5     1
   56  6492     1     5
   84 22483     4     5
   98  8189     7    10
   67 22466     5     9
   89 13477     2     5
   46 16353     7     2
   93  6037    10     1
   42 17492    10     9
   72 15794     9     1
   38 13294     5     4
    9  4582     2     6
    8  5408     2     6
   96 21216     1     4
   31 12553     3     7
   61 16862     3     4
   51 22038     4     6
   37 14017     7     3
   71  6456     1     9
   91 17191     7     5
   84  8098     2     1
   14 19816     3     6
   99 13239     8     2
   62 15747     5     6
   42 18048     7    10
   84 20217     3     5
   73 12294     9     4
   78 11401    10     5
   30 10530     7     2
   35  6038     3     4
   74 13320     8     5
   82 20390     3     3
   90  8034     3     8
   58 13315     1    10
   80  6092     2     2
   57  8012     9     7
   46 22295     4     4
   26 17948     8     4
   49  9553    10     7
   87 17300     3     3
   97 11254     8     4
   86 18350     5     1
   95 17386     4     9
    5 12166     1    10
   81 17079     5     4
   26  7452     9     5
   66  6541     4     3
   32 16630    10    10
   63 16972     7     8
   36  8501     6     1
   23 11334     6     5
   46 20574     8     8
   50  5829    10     7
   21 20076     5     7
    8 13833     5     4
   91 19380     7     6
    5 17806     7     1
   81 21630     3     7
   68  8294     6    10
   34  5849     5     2
   15  5181     8    10
   42 17117     4     5
   16 21743     8     5
    5  8719     2     8
   99  7945     6     4
   95  5347     1     7
   61 12234     1     5
   44  7753    10     8
   20 18799     8    10
    9 17291     2     2
   31 20557     4     1
   17  7566     8     3
