  450
   74 11541     8     3
   10  7265     3     4
   93 11953     9     1
   88  2380    10    10
   48 16088     3     6
   45 14645     9     7
   26 15257     4     4
   82 11474     5     3
   24  3349     9     6
  100  5777     7     4
   72 18141     4     8
   99  7618     5     2
   48  2978     5     8
   87  1677     7     9
   11 15524     9     1
   29 13363     2     1
   94 13027     4     1
   54 19083     6    10
   26  7130     7     8
   89 17908     7     2
   43 15626     6    10
   65  6513     3     9
   94 12460     5     4
   13  7543    10     6
   73 10133     6     7
    6 17335     9     9
   99 18714     9     4
   20 16148     3     1
   23  4989     6     6
   18 13637     6     6
   41  4050     7     9
   96 16530     3     8
   28  1412    10    10
   34 16004     7     9
   84 18911     5     7
   76 17501     3     5
   79 11159     5     6
    9 14678     8     1
   57  9485     7     7
    2 14509     5     1
    8   965     6     5
   29  8137     1     4
    1  2637     1     3
   55  3943     3     3
   16  9815     9     3
   11 18161     9     3
   84 17307     4     3
    9  3352     2     4
   65 17755     5     3
    9  4947     2     1
   98  1771    10     5
    7 13892     2     3
   74 11460     4    10
   92 14231     4     8
   20  1945     3     9
   46  2104     1     6
   97 12077     5     6
   18  1170     2     2
   65 18252     3     7
   20 17066    10     2
   35 14807     9     8
    6  2812     1     5
   16 14106     4     9
   62 16220     9     7
   40 18816     7     3
   99 13528    10     6
   38 14231     1     1
   18 10486     3     9
    7  8716     8     6
   94  4227     9     8
   19  5505     9     9
   15  9681     5     1
   23 12364     1     1
   20  8142    10     2
   69 13625     9     3
   38  2689    10     4
   31  6814    10     5
   53 11442     2     6
   47  6042     3     7
   95  5080     6     7
   62 16390     3     6
   45  7814     3     1
    2 18972     8    10
   35  8361     8     6
   36  2556     8     9
   21  1427    10     8
   81 10465    10     1
   33 14633     4     5
   38  2598     3    10
   46  9227     5     7
   52 12209     5     6
   73 17405     4     7
   51 12039     7     1
   67  6826     1     4
   35 14135     4     3
   91 11366     4     4
   65   864    10     9
   72  8877     6     3
    8  2362     8     2
   72  9581     9     5
   66 13105     4     1
   27  7867     9     1
   87 19263     4     5
   88  5980     5     1
   46 16010     8     2
   55 13398     2     8
   26  8670     6     5
   76  3335     9     6
    8  5351     6     4
   72 14712     8     1
   71  8415     5     3
   69  2251    10     9
   16  3037     2     2
   72  7898     4     2
    4 10613    10     4
   52  5593     2    10
   92  9326     3     9
   84  1588     9     5
   84   737     5     5
   30 11924     8     8
   29 10815     3     2
   35 12947     2    10
    2  9839     3     5
   80  3365    10     2
    2   284     2     4
   37  4485     6     7
   70 14731     5     6
   67  1149     3     3
    8 13363     1    10
   77 17094     4     8
   38 10730     2     8
   74  6979     6    10
    3  5472     2     8
   24 10503     7     2
   61 12959     2     1
   49  1993     1    10
   79  4412    10    10
   86  2139     7     5
   25  5328    10     6
   87  9763     7     3
   58 16851     7     6
   95 13744     6     8
   55 12015     7     2
   74   399     8     7
   66  2152     9    10
   58  3138     8     6
   25  5992     1     7
   58 11478     3     9
   42  4727     6    10
    8  6730     8     2
   88  3913    10     7
   71 15542     9     1
   43   187     9     2
   89 13753     2     1
   50 18908    10     3
   44   471     2     5
   26 18238     9     7
   20 14150     4     9
   10  1620     6     8
   34 12112     1     7
   97 11755     9     6
   48 12350     7     5
    7 19091     7     6
  100 17227     1     3
   72  3364     5     7
   67 12560    10     6
   48 19220     1     3
   51  7776     7     6
   53 14699     9     1
   72  5058     2     8
   37 17540     3     9
   11 12061     5     7
   67 18803     7     6
   92 10066     1    10
   84 12461     4     3
   33  1465     5     6
   50 13205     8     6
    9 18453     7    10
   91 12944     8     4
   91 17932     6     6
   16  5694     4     2
   78 16858     9    10
   61 13985     4     7
   59  5881     2     3
   67 11121     3    10
   11 13403     5    10
    2  6353     5     8
   92  9870     1     7
   31  8064    10     8
   12  7973    10     5
   25  2492     4     3
   27   329     8     3
   60   834     9    10
   31  2094    10     9
   26 17556     8     6
   32  4199     5     6
   98 14654     1     5
   73 17287     1     8
   82 11975     1     2
   51  9864     9     6
   45  2856     4     6
   19 10026     6    10
   62  2436     5     2
   12  2169     1     1
   10   602     8    10
   46 14897     1     5
   44  3635     7     7
   60 13808     6     6
   54 13861     7     4
   34 16579     6    10
   51 12250     1     1
   70    65    10     6
   12 13948     5    10
   12  6745     6     7
   28  5947     3     8
   78  5579     9    10
   22   659     2     6
   30 12300     9     5
   69 15449     9     6
   52  8724     1     4
   42   784     8    10
   94 17942     2     9
   78  9053     8     6
    2  1619     8     9
   25   546     3     8
    4  7120     8     1
   33  5818     3     5
   23 15201     4     2
   77  4918     8     8
   14 17794     5     6
   74  5575     4     7
   22  7774     1     4
   33  8330    10     6
   35  8012     1     8
   33  9943     3     5
   43  8933     8     6
   80  3420     1     2
   77 13578    10     1
    2  3251     5     1
   34 17282     9     6
   11 10668     5    10
   52 15502     7     1
    3 17348     8     1
   22  5126     1     9
   63  2757     4     8
   31  3805     2     9
   99 10706     9     8
   85  3417     5     4
   60 16106    10     3
   68  6665    10     4
   37 12141     5     7
    2 16890     9     2
   61  5117     3     3
   15  1705     4     2
    3 18510     7     1
   86  5663     6    10
   18  8826     1     2
   35  4838     9     5
    8  1374     1     2
   94 13744    10    10
   49  3143     3     1
   81  6950     6     9
   16  2028     3     4
   81 11473     5     6
   16 14963     6     7
   48 11972     5     8
   23   917     4     1
   96 18383     8     8
   25  6061     6     8
   25  4169    10     1
   29 16176     6     4
   35 16729     3     8
   77   181     6     2
   31 14034     5     5
   57  2366     3     7
   39  2939     1     9
   61 17840     6     3
   56 13072     4     5
   24  6356     7     2
   21 14456     7     6
   23   248     3     9
   60 18498     1     8
   22 11857     6     8
   84  5365     5     1
   74   713     6    10
   24 10877     2     9
   69 11029     2     1
   92  9540     7     2
   59 15716    10     3
   77 12403     4     2
   86  3794     6     2
    7 18859     4     4
   58 19354    10     1
    1  5822     8     5
   88 10843    10     9
   73 14827     7     7
   49 17794     5     2
   11 11760     3    10
   68 13721     5     5
   73  4365    10    10
   36 15929     2     1
   96 10407    10     8
    8  1605     4     7
   12 16110     9     2
   27  4952     5     3
   64  3972     9     4
   51 19049     1     1
   88  3302     2     6
   19 17044     2     9
   74  5916     7     2
    8 17758     9     2
   42 17292     6     7
   34  4925     9    10
   30 10126     4     9
   25  3168     2     8
    8  5639     5     9
   54  1513     7     7
   94 14197     6     8
   99 15179     3     1
   12 17230     8    10
   70  7111     9    10
   85 18973    10     2
   19 16599     1     3
   27  6975    10    10
   86  5305     8     6
    7  7953     1     2
  100  2313     7     6
   34  3610     4     8
   18   223     5     1
   68 16035     1    10
    7  7976     5     7
   53 16153     9     2
   64  6953     2     8
   14  9581     9     4
   64 12774     9     3
   90 11905     8     1
   78 13553     9     7
   14 12334    10     3
   77 15207    10     6
   97 11108    10     5
   88 18251     8     5
   85 13476    10     7
   38  8911     7     2
   21  3686     7     5
   14  4112     5     6
   63 12080     8     9
   28  9325     3     4
   68  5626     1     3
   57  6787     3     6
   26  5014     5     4
   79  3366     8     2
   26 13899     4     6
   11  4497     4     5
   98   475    10     5
   53  1385     3     5
   96  9803     3    10
    5  8428     2     6
   53  3698     9     1
   29 13414     8     7
   22  8652     7     7
   20   244     1     1
   36  1900     3     4
   75  5316     7     8
   83  7197     3     8
   50 11481     3     7
   38 18090     5     1
   73 19102    10     8
   27  5545     1     4
   52 10935     6     3
   49 14820     9     4
   24 16654     2     9
   39  9696     6     8
   34  8806    10    10
   62  6075    10    10
   60 13382     2     2
   48 12918     4     5
   25 18156     7     9
   87  3218     6     5
   15 18544     4     8
   81  5453     2     5
   13  8232     2     8
   93  2421     1     9
    6 19352     7    10
   23 12730     7     2
   91  2897     3     4
   59  1248     9     5
   18  3044    10     2
   95 11326     4     9
   11  4947    10     6
   47 16458     9     9
   17   488     2     6
   31  5191    10     6
   82 18358     3     2
   91  5805     8     3
   14 12389     2     3
   32 10350     5     8
   29  4406     5     3
   86 12001     2     1
   58 15896     7     2
   80 15341     2     6
   35  7332     2     4
   82 13060    10    10
   19  5547     7     3
   68 16138     2     4
   43 19136     9    10
   78 18930    10     4
   15  9567     5     9
   67 17802     8     8
   64  2658     5     9
   29  8622     1     6
   47  3766     9     2
   77 10891     6     6
   22 11043     3     4
   53  3629     7     2
   99  4131     3     8
   13 13940     5     8
   12  4877     5     6
   17  7175     4     9
    8  5776     9     6
   23  9824     4     1
   64  4144     2     7
   24  6265     2     2
   53 15016     6     6
   46  3012     5     9
   14 12070    10     5
   67  7915     7     9
   77 13363     1     7
   43 16476     6     7
   52   427    10     9
   35  9769    10     8
   22 12327     7     3
   86  7759     4     3
   16  3340     9     8
   41 17875     6     6
   54  4407     5     6
   59  2986     8     7
   19 17316     5    10
   69 13974     1     4
   26  1299     7     5
   83   485     2     8
   97  3107     3     9
   73  5065     7     6
   59 11376     7     3
   19 14150     6     3
   26  8695     3     7
   58 15508     1    10
   31  8600    10    10
   37 13572     7     3
   74  3194     6     9
   38 14376    10     6
