  450
   52 16896     4    10
   40 16991     5    10
   26 14194     2     6
   64 25227    10     9
   27 17341     7     8
   51 13714     5     5
   75 19768     2     5
   28 12420     2     7
   57 14791     9     3
   54 15803     4     1
   47 16871     3    10
   75 16818     4     2
   65 24666     9     1
   44 25305     2     4
   17 23311     4     1
   16 20619     7     7
   11 20726     2     9
   51 16698     8     5
   11 14608    10     4
   57 12077     4     6
   38 14725     3     5
   24 13719     4     5
   67 13050     5     6
   84 12659     4     7
   34 15673     4     3
   19 22929     4     5
   70 14122     7     5
   49 12883     6     6
   35 23222     1     8
    6 24454    10    10
   93 21177     5     1
   86 14659     6     7
   46 15986     5    10
   19 23799     8     7
   50 14428     7     5
   72 21756     3     7
   70 12054     2     1
   25 22625     8     9
  100 22604     7     4
   26 15274    10     4
   78 12969     3    10
   46 14016     1     3
    1 20520     4     6
   43 12177     2    10
   90 13863     2     7
   17 18373     7     6
   59 21225    10     6
  100 23017     3     5
   68 23499     6    10
   70 24262     9     9
   56 23523     6     1
    5 12765     9     5
   93 12522     2     4
   23 25001     2     6
   88 13853     4     2
   26 16624     5     6
   41 22471     5     1
   58 16403     1     7
   75 17935     3     2
   75 20235     7     8
   64 15399     2     7
   67 13653     7     3
   61 23322     2     5
    9 19813     6     6
   85 11994     4     9
   10 12291     8    10
   81 16110     1     3
   54 12477     5    10
   34 23345     7     9
   80 13256     9     6
   80 16179     5     3
   12 24742     2     8
   25 15700     9     9
   81 25127    10     8
   54 25348     3     8
   14 17991    10     5
   97 18041     6     4
   13 21114     2     3
   13 15550     4    10
   65 16081     4     4
   82 19917     3     2
   69 13614     9    10
   69 17275     2     9
   74 20868     6     6
   91 13156     2     6
   57 19556     7    10
  100 12034     3     1
   31 24056     6     6
   15 24388     9     6
   74 18397     5     2
    6 18832     5     3
   78 14328     1     3
   40 20479     3     4
   66 16696     8     8
   86 22570     8     8
   25 20901     8     3
   75 17416     8     7
   66 13222     8     1
   79 21807     2     2
    8 15302     4     5
   45 14906     8     6
   58 12527     8     4
   19 14586     5     2
   70 19035     6     5
   39 12195     7     2
   73 14475     9     9
   83 25455     7    10
   36 18665     5     5
   85 24018     3     2
   96 15547    10    10
  100 23174    10     8
   66 18477     5     4
   64 17589    10     9
   69 14991     1     6
   40 13887    10     9
   55 19174     1     4
   26 22976     9     6
   39 14349     4     9
   85 17771     9    10
   40 21906     8     2
   12 21175     8     1
   91 25032     3     3
   17 24663     8     4
   52 16195    10     5
   56 16269    10    10
    3 21774     5     2
   77 11638     9     7
   31 22113     7     6
   69 23425     5     2
   55 21873     3     8
   39 11957     3    10
   13 12873     2     8
   13 22829    10     2
   58 14971     9     2
   83 20337    10     2
   51 23453     9     3
   30 17875    10    10
   66 20334     6     2
   86 16659     5     8
   15 16435     2     1
   61 24309     6     1
   85 14375     6     5
   81 23341     6     4
   25 16440     5    10
   54 17795     8     1
   20 11769     7     3
   79 24042     6     3
   79 15312     6     6
   59 14546     1     1
   64 16354     4     3
   18 11759     3     7
   70 24150    10     2
   54 15928     8     5
   35 24850    10    10
   22 14887     2     6
   10 20625     9     4
   37 21166     5     2
   98 14953    10     3
   40 17280     8    10
    5 19133     1     3
   53 25255     2     1
   78 17665     2     9
   18 20434     2    10
   65 22626     4     2
   35 21065    10     1
  100 15313     1     2
   16 20620     4     5
   65 13482     9    10
   65 24075     9     3
    1 11821     8     2
   80 18346     2     1
   26 22925     4     4
   86 14625     5     6
   60 16228     7     5
   51 13907    10     3
   39 20848     2     6
   80 16425     6     7
   30 12490     5     6
   17 24588     7     2
   38 19400     6     8
   93 17273    10     8
   35 24776    10     8
    8 18091     7    10
   47 21629     9     2
   69 24167     9     8
   29 21406     8     5
   56 16795     8     6
    5 19875     5     9
   27 24788     8     8
   96 22504     7     6
   10 13549     5     1
   79 24585     9     8
   74 14711     8     4
   27 22412     9     1
   44 21752     2     9
    8 24204     9     5
   27 12266     1     3
   59 16914     5     3
   73 12228    10     4
   92 24770     9     5
   60 17164     4     4
   52 19002     1     5
   17 22237     4     8
   46 20217     8    10
   12 23658    10    10
   68 24572     4     1
   84 15606     9     6
   91 14625     5     6
   97 11603    10     6
    1 14736     6     7
   28 22453     2     4
   90 17304     2     3
   35 14054     7     4
   35 15086     8     3
   36 13474     2     5
    4 12763     7     2
   64 24921     6     8
   92 18698     1     1
    9 21066     2    10
   90 24251     5     5
   88 15743     7     6
   18 23044     8     1
   69 23377     3     3
   61 18882     6    10
   44 19997     8     2
   13 19671     7     1
   69 17628     5     4
   71 20692     1     4
   72 25013     1     4
   41 18284     4     7
   62 20003     1     9
   31 16718     7     7
   93 11827     4     2
   79 16781     5     7
   76 25364     6     7
    4 23914     5     1
   46 15894    10     7
   60 15512     7     2
   94 13080     9     7
   43 15925     1     2
   61 18676     4     8
   22 23962     2    10
   32 21658     2     4
   95 21158    10     2
   56 13589     2     3
   68 23560     4     9
   99 22349     6     3
   19 13052     9     1
   60 16799     6     9
    7 17957     9     3
    9 11844     3     6
   47 20970     3     4
   24 15542     9     4
   78 23649     7     8
    8 14394     8     3
   68 23968     8     5
   90 17861     3     8
   76 20450     4     6
   38 19201     8     8
   61 17416     6     2
   17 13275     7     3
   99 13746     9     7
   92 22563     4     8
    9 13531     3     4
   78 18955     5     3
   68 22468     9     5
   13 11986     7     5
   23 23277     4     9
   28 12521     5     6
    7 13494     8     1
   65 13744     4     1
   88 19626     8     3
   28 11997     1     1
   97 23830     8     5
   83 15326     9     4
   83 14015     2     4
   64 21932     3     3
   81 12217     7     7
    2 15495     2     4
   24 13272     8     1
   87 18603     5     9
   11 15767     4     9
   70 22671     2     5
   10 22573     3     2
   88 13958     3     6
   77 11606     2     7
   78 21083     1     7
   78 20248     5     4
   53 20484     5     3
   15 14825    10     5
   39 12205     2     5
   69 22188     2     5
   14 16999     8     1
   31 23197     5     3
   78 24147     6     9
   91 24383     4     4
   98 20206     4     7
   90 24561     2     4
   14 22202     7     2
   25 21156    10     2
   96 12597     1     4
   79 24374     3     3
   13 15324    10     5
   24 13023     2     5
   75 22746     2     7
   95 19078     8     9
    7 15467     5     8
   39 19219     4     9
   75 19724     4     5
    8 19390     7     1
   62 20919     3    10
   61 12868     1     4
   19 23586     2    10
   32 18132     5     4
   71 23870     5     6
    7 12086     4     6
    8 18167     6    10
   48 19494     7     3
   84 20762     9     9
   61 13192     2     3
   63 22748     7     7
   23 21396    10     4
   30 23809     3     8
   76 14289     6     8
   53 19134     7     7
    7 22497     8     7
   67 13214    10     1
   50 13882     2     3
   97 21600     2    10
   81 23844     8     3
   75 23466     3     5
   93 22625     4     4
   59 22760     2     5
   88 13332     2    10
   16 24077     7     8
   34 20047     3     1
   82 20839     2     8
   22 14085     2     6
   72 13807     8     9
   56 15104     7     3
   30 21904    10     6
   34 23155     3     8
   17 16401     9     7
   49 20032     1     6
   65 15829     7     2
   87 14812     4     2
   55 20546     5     1
   73 22424     4     2
   35 22735    10     5
   39 15849     5    10
   33 24045     7     4
   97 20025     8     1
   61 11787     6     4
   62 22395    10     1
   72 22743     6     8
   13 19349     2    10
   69 19433     9     8
   39 24385     7     9
   63 21659     3     3
   66 15575     2     7
   19 22770     4     1
   38 19667     6     8
   59 12742     8    10
   77 20072     8     5
   25 21427     9     7
   74 25247     4     8
   11 14660    10     6
    6 16808     2     5
   96 13873     7     3
   82 16896    10     4
   62 20340     9     7
   26 24206     6     9
   15 14593     2     2
   78 25170     7     4
   74 18779     7     5
   79 18850    10     4
   65 14523     2     6
   28 13866     3     6
   52 15816     5     5
   99 11800     4    10
   66 18144     7     5
   84 14402     1     8
   95 20254     3    10
   27 18359     2     9
   46 25225     2     9
   67 17538     8     8
   39 12250     4     9
   14 19200     1     6
    6 16464     4     6
    1 22338     8     1
   80 23203     4     3
   24 13776    10     7
   38 16546     5     9
   38 24373     1     3
    1 22276     7     2
   63 12515     6     5
   12 24162     7     1
   11 25365     8     7
   68 17751     7    10
    7 12577     3     3
   93 16803     7     1
   29 12633     7     7
   33 25211     9     2
    8 19825    10     3
    7 12344     6    10
    6 18532     7     6
   86 13217     9     6
   71 15296     9     5
   34 20826     9     1
   37 17461     5    10
   70 15525     2     4
  100 13512     5     6
   21 20291     6     7
   65 24207     5     4
   26 20300     8     4
   66 20058     7     6
   31 16286     2     2
   64 20978     3     3
   80 13799     9     2
   37 21179     8     7
   65 17857     1     3
   60 25431     5     5
   60 23383     7     4
    3 22832     7     2
   97 24346     7     7
   61 20201     3     5
   65 23776     4     6
    8 23050     3     7
   72 20108    10     1
   33 16069     1     6
   15 24055     6    10
   64 25339     9     1
   61 17130     9     2
   47 23808     6     1
   71 19705     8     3
   68 17903     6     1
   53 16881     4     7
   57 21350     7     8
   38 21628     5     6
   86 12249     2     7
   94 13353     1     7
    8 11694     6    10
   86 14189     8     3
   15 22072     8     4
   72 24329     2     3
   11 22917     5     7
   80 16672     7    10
    3 15157     6     4
   75 18436     8     9
   60 18900     5     1
