  300
   46  5937     7    10
   63  5930     7    10
   88  2147    10     7
    8  1646     7     6
   83  3050     1     6
   18  1968     7     2
   85  6946     8     3
   11  4093     8     4
   79  1189     8     8
   33  2255     4     4
   31  3564     4     6
   65  1277     6     7
   91  3735     9     3
   96  5842     8    10
   55  3449     7    10
   78  5865     9     2
   93  6867     2     4
   19  4489     3     4
   97  2729     4     7
   98  5540     2     9
   73  2116     9     6
   21  4203     3     7
    9  1968     7     3
   19  5565     7     6
   12  5640     1     1
   24  4110     7     1
   19   180     8     6
   68  1436     3     6
   80  5926     2     4
   17   151     4     4
    8  2434     2     2
   26  4580     8     4
   80  6081    10     3
   95  4582     1     8
   33  6227     4    10
   62  1849     2     9
   12  6550     9    10
   18  5890     4     3
   72  5943     9     3
   91   457     8     7
   50   863     7     6
    3  2225     4     8
   56  1734     3     3
   41  4598     5     8
   99   784     4     7
   10  5183     1     3
   18  3181     5    10
   91   369     7     1
   28  2390     6     6
   15  5910     8     7
   89  5909     8     9
  100  4506     4     2
   36  2831     3     3
   98   595     4     2
   19  2788     3     8
   47  1188     5     3
   21  4705     3     2
   37  2969     2     3
   14  2624     7     8
    1  3348     4     6
   53  3120     5     7
   22  5059     8    10
   26   646     4     9
   32  1919     7     9
   16  2359    10     7
   58  6874     7     9
   94  3769     8     8
   28  1626     8     6
   76  5482     2     1
   66  2429     9    10
   19  2084     5     3
   26  6345     8     7
   68  4654     4     8
   74  3818    10     5
   67  3660     4     4
   66  5439     7     5
   83  1719    10     7
   84  6842     1     4
   57  5809     6     5
   10  4109     7     3
   99  5470    10    10
   45  4436     3     4
   10  1333     3     5
   34  1018     2     2
   42  5031     9     6
   28  4122     5     2
   80  2206     7     5
   63  2453     1     7
   64  7091     8     5
   94  4831     5     3
   63  5802     4     3
   17  2929     2     1
   15  2608     3     2
   88  6448     7     2
   49  4848     8    10
   31  4967     2     9
   46  6040     6    10
   43  1334     8     7
   59  6594     2     5
   21  4239     9     1
    8  3764     8     7
   77  1395     8     7
   46  3301     7     7
   75  1135     1     4
   50  5214     7     2
   12  6962     2     1
   41  6575    10     9
   32  6933     9     9
   96  6521     2     4
   97  5101     5     4
   42  3760     5     1
   94  4708     2     3
   42  2254     7     7
   51  5093     7     6
   28  5726     5     5
   84     2     7     2
   78  1933     3     7
    8   650     3    10
   46  2456     7     9
   42  1741    10     1
    2  5481     8     2
    9   975     3     2
   59  4670     4     1
   16   806    10     4
   97   141     1     3
    7  2236     1     1
   47  5773     3     2
   42  6181     8     2
   49  3571    10     7
    5  5085     4     6
   63  3137     7     3
   57    52     7     3
   81  6480     2     2
    8  6439     5     9
   32  1188     8     7
   30  4411    10     3
   20  6118     6     9
   72   480     9     5
   62  4061    10     1
   16  5356     8     2
   69  5582     3     8
    3   539     7     2
    9  2782     9     5
   11   554     9     5
   53  5633     3     7
   37  1225     5    10
   94   557     6     7
   31   283     8     4
   44  1875     8     9
   40  3014     4     6
   73  2025     7     4
   45    74     5     1
   49  3989     6     7
   31  6696    10     5
   61   881     4     4
   45  4131     7     9
   38  1649     3     5
    7  6655     8     6
   87  3030     4     1
   87  5220     4     2
   12  4457     2     1
   49  6168     2     3
   43  5273     1     5
   93  3654     5     3
   57  5324     6     1
   74  6461    10     2
   23   782     6     6
   77  4159     2    10
   46  6942     8     6
   84  4844     6     7
   92  2233     1     2
   14  5242     2     4
   87  5383     2     8
    1  5015     1     7
   25  5797    10     9
   40  3734     6     5
   37  6241     5     6
   18  6354     7     6
   70  4017     5     9
   80   834     2     5
   57  2085     3     1
   42  6042     2     2
   24   908     6     5
    5  6075     8     7
   73  5455     3     7
   84  1789     1     9
   50  2924     6     5
   11  7105     7     2
   91  1162     9     5
   36  5954    10     6
   97  5043     1     3
    3  5619     2     5
   85  4839     3     8
   40  3033     3     8
   95  1990     8     8
   41  2881     9     9
   13  2212     4     9
   17  2773     3     3
   17  7041    10     8
   59  1872     3     5
    1   334     8     9
    8  1991    10     9
   73  7115     4     9
   87  5718     1     7
    8  7007    10     5
   97  5629     5     7
   26  2169     9     2
   44  5965     6     1
   14  4701     4     2
   96  6187     3    10
   24  6800     8     5
   71  6787     6     2
   38  4946     6     2
   48   425     5    10
   76  5580     3     9
   11  3119     1     9
   32  2215     6     9
   25  1221     9     4
   21  2941     7    10
   22  3377     6     3
   61  7176    10     9
   17   701     9     3
   25  1714     9     8
   45  4733     2     6
   56  3735     3    10
   19  3704     6     5
   85   331     2     5
   69  5948     6     9
   36  6477     8     8
    2    89     1     2
   27   537    10     3
   37  6812     8     7
   10  2081     2     1
   99   369     5     1
   24  5247    10     4
   18  1805     3     5
   95  5999    10     8
   49   134     8     5
   62   488     9     6
    9  3417     5    10
   45  6321     3     5
   85     5     8    10
   79  2921    10     1
   82  3985     8     7
   32   431     2    10
   54  1218     4    10
   92  7104     8     5
   63  2647     9     8
   79  2440     4     3
   12  2763     7     4
   85  6025     6     1
   39  2333     5     1
   29  3465     7     7
    9   456     4     8
   83  7066     9     7
   85  7201    10     7
   28  4161     9     3
   68   115    10     1
   54  5866     7     5
   64  3356     9     1
   70   204     3     2
   80  6404     7     8
  100  2885     6     7
   79  2285     4     2
   79  6774     1     8
   23   850     5    10
   96  4091     9     7
   74  5490     2     6
   72   985     5     5
   57  4580     9     3
   82  1625     8     5
   16    23     7    10
   42  4585     8     2
   61  4547     7     6
   98  4009     6     6
   73  5017     1     2
   15  5765     3     5
   90  3830     6    10
   36   381     2    10
   93   923     6     7
    2  6594     2     4
   21  6407     7    10
   32  3256     1     8
   30  2777     8     1
   30  6863     3     8
   15  3040     9     4
   15  2695     9     7
   57  3741     3     1
   82  3155     8     4
   68  1279     6     2
   21  7097     1     1
   51  3360    10     6
   48   400     2     9
   20  2700     8     8
   30  5645     6     8
   27  7174     4     7
   43  3550     5     8
   25  2454     6     5
  100  5382     8     2
   14  4535     1     3
