  300
   59 10917    10     6
   57 12424     9     7
    2 10500     7     9
   61  6535     5     1
   47 10889     4     4
   57 10859     5     3
   82 11752     1     5
   32  6312     8    10
   77 15861     2     5
   67  9256     8     2
   33  8763     6     4
   69  6725     7     5
   48 17350     2     3
   17  6156     1     2
   19 10360     9     5
   78 17606     6     2
   98 15537     1    10
   99 13080     2     6
    3 11876     7     3
   67 11146     9    10
    2  9560     7     2
   62 15901     2     6
   39  7691     7     6
   69 14894     5     9
   81 10834     5    10
   53  7992     1     8
   49  8753     8     5
   19 10784     6     2
   32 13331     3     8
   94 11610     5     3
   44 15405     8     2
   91 18185     3     3
   51 17971     5     9
   46  7711     4    10
   51  6526     9     3
   98 10666     8     3
    2 12506    10     3
   33 12215     9     8
   29 10914     7     2
   78 10174     2     7
  100 15407     9    10
   61 13614     3     6
   47 10835     8     1
   47 14564    10     3
   78 13706     5     7
   65 15131     9     5
   24 13976     6     4
   75 11049     5     7
   64 10018     2    10
   26  7659     2     6
   41 16132     6     6
   65 13514     8     2
   87 17497     5     2
   80 17760     2     1
   33 10215     2    10
   68 10138     9     2
   32  7559     4     9
   82 12904    10     5
   87 14859     6     3
   64 14827     6     6
   75  6321     6     7
   31 12070     5     5
   55 14818    10     9
   26  6098    10     6
   76 13718     1     4
    5 15280     1     2
   23 10700     9     8
   77  8030    10     7
   38  9301     1    10
   52 15551     6     9
   55 12141     3     3
   37  6515     9    10
   12 10971    10     4
    1 16912     3     4
   84 15015     1     2
   90  6484     4    10
   65 13850     1     9
    7 10798     6     6
   64 11470     1     7
   28 17804     2     9
   33 12394     9     2
    5  9408     6     2
   93 13124     1    10
   20 11697     5     3
   84  8975     7     3
   25 17276     3     9
   88 15771     5     4
   16 10471    10     1
    7 11986     4     3
   74 12436    10     7
   79  7104     7     7
   82 12243     9    10
    5  6313     6     1
   33 15858     9     5
    7 12277    10     5
   80 13967     6     5
   38 12944     9     7
   29 16914    10     2
   57 15933     8     1
   76 16182     9     6
   80 14271     5     1
   11  9880    10     4
   13 16634    10     5
   92  7049     4     5
   11  8599     4     8
   96 13456    10     7
   81  7470    10     5
   76 16385     6     7
    3 18191     7     2
   45 12876    10     1
    4 15996     7     5
   35 12391     7     3
   49 16221     5     2
   96 10927    10     5
   55 18024     1     5
   33  7002     1     4
   21 10009     2     3
   42 15602     5     9
   48 11409     2     4
   27 15931     7     6
   16  9844     6     5
   27 12449     8    10
    8  9981     7     6
   20 10094     1     6
   60 10114     6     5
   15 16194     6    10
  100 17997     7    10
   97 16994     4     1
   44 14914     5     2
   56 15737     6     1
   73 14983     5     7
   24 10992     2     3
   67  7424     7     5
   85 13424     4     2
   15 11978     7     7
   78  9959     1     2
   80  8686     5     8
   96 13384     6     1
   53  8151     6     8
   82  8683     1    10
   41  8066     5     1
   57 18084     5     3
   17 15010     7     2
   89  6093     1     3
   53 10817     4     7
   72 14841     9     7
   21  7032     1     6
   73 14763     7    10
   13 12249     3     5
   69 12378     4    10
  100 12500     3     6
   29 16030    10    10
   95  6633     2     9
    8 16417     1     1
   49  7930    10     5
   54 10683     7     4
   23 14418     8     1
   48  7733     8     5
   51  9484     3     4
   66 11139     2     2
    4 17407     5     5
   23  6274     9     1
   89 16068     5     4
   71  6637     2    10
    7 13635     4     2
    4  9852     2     1
   48 10533     2     1
   87 16257     8    10
  100 17172     9     1
    1 12620     9     9
   69  6747    10     9
   40  7045     4     2
   57 12511     5     2
   86 15694     8     1
   29  7075     4     4
   10 17264    10     8
   57 12341     6     8
   50  8043     7    10
   83 13833     6     8
   70  6397    10     3
   18 14358    10     9
   82  8140    10     3
   98 16363     9     2
   13 14927     3     8
   90  6364     2     3
   47  6100    10     7
   67  7417     2     1
   12 14719     9     3
   94  7770    10     1
   18 10838     6     5
   77  7664     3     5
   98  6983     4     6
   41 11049     4     5
   66 17669     7     9
   68  7556     5     5
   48  6490     9     7
   69  9327    10     9
   15 12026     8     6
   34 16684     8     6
   69  8306     9    10
   15  6452     9     5
    3 17367     7     5
    8  9288     4     2
   72 12900     3     6
   88 14867     6     6
   37 10299     7     5
   81 11970     3     4
   44  9014     1     3
   86 12279     5     5
   63  7610    10     1
   14  9347     2     5
    4  8443     7     3
   45  9686     2     3
   12  7517     2     7
   17 17307     1    10
   34  9986     3     6
   58  7553     1     4
   84  6531     2     1
   46  6511     2     8
   51  9259     2     4
    1 11306     7     5
   22  8112     6     3
   49 10179     8    10
   41 16291     2     9
   88  7587     2     1
   16 11672     2     5
   88 16718    10     6
   57 10851     4    10
   30 17634     2    10
   22 15208     7     2
   25 13094     2    10
   45 18023    10     5
   24 14381     5     6
   33 16318     5     1
   17 12729     4    10
   11 11055    10     1
   69  8424     3     6
   98  6505     6     3
   55 14006     2     4
   55 14639    10    10
   60  8051     8     4
   68 17290     3     9
   59 17019     8     2
    5 11674     1     6
   80  6613     4     5
   75 16132     8     2
   39 15597     5     1
   37  8103     7     8
   58 16600    10     2
   84 16045     8     9
   88 11299    10     2
   59  9712     8     7
    6 18093     3     1
   36 15414     7     2
   99  7810    10     6
   93  7487     7     2
   51  8892     1     6
   87  6334     9     1
   49 12274    10     2
   81  8332     2     6
    8 15478     6     2
   73  7174     1     1
   26  8161     3    10
   31 11666    10     8
    6 17429     7     2
   42 14826     6    10
   42 16658     2     9
   75  7659     1     7
   39 15268     4     3
   97 12470     3     2
   29 16234    10     7
   99 17256     3     6
   64 11566     6     1
   88 15059     7     9
    3 10736     3     1
   44 12116     1     5
   63 12998     7    10
   42  8139     7     2
   80 14155     7     3
   21 11404     6     2
   25 18120     7    10
   67  7261     7     5
   79 15052     3     8
   30 18020     9     1
    3 16611     3     7
   78 16798     4     3
   23  7313     5     3
   53  7310     5     2
   64 17069     3     4
   71 13524     6     5
   34  9579     6     7
   72 14354    10     5
   44 14635     8     6
   59 11677     8     7
    3  7827     1     2
   50 13870     4     7
  100  8310     6     6
   45  6291     2    10
   24 15465     5     4
   39 17514     9     8
