  300
   70  4437     4     1
   35  2979     4     3
    4  3235     4     7
   93  3528     5     1
   67  4687     1     6
   59  3802     1     5
   82  1711     6     6
   61  4363     8     5
   96  2659     7     3
   31  4099     1     1
   55  3381     4     1
   22  2455     5    10
   16  2634     4     8
   29  4253     2     5
   58  2185     4     5
   47  3376     9     6
   51  2678     2    10
   78  3214     6     2
   91  1903     9     7
   96  3416    10    10
   74  4040     8     2
   72  3541     3    10
   20  2973     1     7
    9  1768     7     6
   98  1744     3     4
   37  1902     8     4
   70  4109    10     6
   94  2392     7    10
   75  4023     8     1
   87  3279     8     1
   23  2958     8     2
   44  3766     1     1
   22  1564     1     3
   27  4630     3     9
   37  2601     8     2
   88  4688     3     9
   86  3739     5     3
   18  2749     3     8
   49  4357     1     3
   81  1705     1     6
   49  2154     5     8
    3  3044     6     4
    2  2597     5     5
   65  3224     1     6
   32  2604     9     8
   59  3218     8    10
   11  1907     9     2
   82  3718     2     7
   37  1739     6     1
    1  2246    10     8
   78  2441     1     7
   11  4215     5     3
   73  4223     4     8
   97  3851     3     4
   19  4420     4     8
   71  4403     6     2
   33  4189     3     7
   88  3835     3     4
   64  2102     4     1
    8  3518    10     8
   74  2421     3     4
   87  3496     1     3
   52  2590     2     9
   96  2422     3     6
   13  3433     5     1
   88  3628     9    10
   83  2416     6     4
   98  2479     9     4
    6  1683     4     8
   32  2080     8     7
   79  2620    10     9
   55  2273    10     6
   34  3561     5    10
   81  3653     6     4
   19  3934    10     1
   66  4601     3     8
   40  2178     6     3
   29  4277     1     2
   48  3626     5     5
   76  2353     1     3
   30  1830    10    10
   25  4503     7     1
   86  1875     5     6
    2  4489     3     8
   21  3660     2     4
    4  1601     8     3
   72  4199     1     9
   54  3155     4     1
   92  3873     3     7
   36  1607     4    10
   62  1980     3     8
   66  1600     5     1
   22  3540     7     2
   13  3007     6     6
   61  2459     7     7
   34  2280     1     3
    1  1941     5     6
   44  3311     4     1
   32  3195     2     6
    6  2060    10     3
   75  3828     3     8
   11  4251     3     4
   60  2769     9     8
    9  2695     7     8
   91  3211     8     7
   79  2010     1     9
   75  2603     2     5
   30  3825     5    10
    7  1593     1     1
   22  4665     8     9
    6  4615     5     2
   37  1860    10    10
   47  4475     6    10
   91  1796     2     8
   38  1656     4     8
   68  3441     7     3
   95  1834     1    10
   10  4291     4     6
   22  1903     2     4
   87  4144     3     7
   45  4335    10     5
   83  2319     4     1
   53  4181     9     8
   66  3182     8     7
   96  3762    10     7
   14  1946     8     4
  100  3899    10     9
   96  4139     6     2
   57  3694     1     5
   32  2400     1     4
    2  4635     7     4
   32  2828     6     2
   43  1958     3     8
   62  2711     5     2
   41  3959     2     9
   33  3605     3     4
   40  3157     7    10
   15  1869     5     3
   63  2737     7     4
   47  3187     7    10
   37  1840     4     2
   68  2658     4     6
   83  3483     8    10
   83  1621    10     1
   59  2891     7     3
   21  3575     4     7
   51  3499     8     3
   53  3161     7     3
   30  3173     9     3
   72  3838    10     7
   40  2611    10     9
   75  2815     8     8
   55  4594     3     7
   92  2098    10     6
   41  4433     7     4
   50  3662     4     3
    5  2481     7    10
   41  3638     7     2
   45  3108     1     5
   62  4611     8     4
   72  4475     7     6
   46  3050     7     8
   93  2745     3     5
   14  1739     2     3
    8  4198     4    10
   33  2011     6     3
   47  3781     6     7
   47  2661    10    10
   48  2316     3     6
    9  1824     4    10
   93  4285     7     9
   84  2593     6     7
   77  2918     9     5
   76  3075     6     9
   67  2650     5     7
   35  4246     5     7
   96  1956     9     6
   17  4586     3    10
   88  2713     2     9
   25  3566     8     9
   89  3730     2     6
   27  3761     3     8
  100  1687     7     6
   43  3631     6     3
   18  4296     2     4
   40  4557     4     9
   92  2600     2     6
   23  2083     9     4
   80  3502    10     1
   37  4144     4    10
   84  2001     8     7
   52  3283     8     7
   83  2501     1     8
   76  3182     2     2
   65  3459     1    10
   90  2005     6     7
    9  3630     9     5
   12  2546     8     6
   37  3103     7     6
   56  4383     1    10
   21  2807     2     6
   30  2694     3     5
   39  2282     9     7
   97  4162     2     1
    5  4205     1     4
    6  3369     5     3
   32  3714     7     7
  100  4598     9    10
   22  3261     9     3
   19  1734     8     6
   25  3471     8     8
   10  2298     2     9
   45  3931     2     4
   25  3595     5     3
   53  4365     8     1
   63  3534     5     7
   64  3458     8     2
   44  2272     1     7
   85  4054     3     1
   43  2267     9     3
   81  1722     6     7
   68  4491     2     7
   94  3987     6     9
   63  2659     8     4
   44  2980     5     9
   59  2752     9     8
   53  3101     3     1
   53  1917     4     3
   71  3735     6     4
   89  4640    10     7
    8  1606     6     3
   91  1848     9     9
   18  2641     4     2
   47  2325     4    10
   88  4446     1     9
   23  2153     4     6
   52  4131     1     2
   20  3467     7     6
   23  2058     5     5
   74  2699     9     5
   38  3637     6     2
   47  3965     2     2
   83  3433     1     3
   83  2875     9     5
   71  2867     8     5
   36  3105    10     4
   46  1715     3     2
   35  1631     7     7
   79  3813    10     1
   31  4205     8     2
   77  2335     5     9
   60  3972     7     7
   98  4003     1     9
   71  1628     3     8
   22  1938     5    10
   42  2289     6     7
   30  2817     1     6
   74  3475     7     1
   94  2642     1    10
  100  1859     8     9
   63  3422     8     8
    2  2685     6     3
   91  2143     7     8
   80  4500     2     9
   48  3446     2     2
   79  1896     9     7
    3  1959     7     4
   99  2883     2     4
   98  3800     7     3
   25  2453     3     9
   72  4018    10     8
   36  2743     4     4
   71  1725     7    10
   55  2758    10     1
   19  4054     2     8
   42  3028     4     5
   90  4300     9     4
   64  4206     6     9
   77  3096     1     1
   69  3420    10     5
   94  3718     3     1
   54  3868     5    10
   28  2699     7     1
   92  3027     4     9
   24  3932     9     7
   50  3073     1     1
   33  3752     1     6
   53  2056     1     3
   24  1855     9     1
   27  1701     1     5
   53  2351     9     2
   86  3714     7     8
   28  2822     6     7
   43  2931     7     9
   66  3520    10     7
   75  1574     9     9
   21  3264     7     6
   68  3915     8     1
   74  2894    10     2
   19  2370     3     8
