  300
   55  8906     1     6
   69  9025     3     5
   48  3142     3    10
   47  6017     1     9
   17  3989     8     8
   11  8478     4     4
    1  9911     7     7
   10  2819    10     3
   68   940     1     5
   93  2972     6     9
   13 10002     6     4
   20  6549     1    10
   37  2231     4     8
   54   323     9     4
   35  7113     6     5
   75 11096     5     7
    5  9347     6     7
   48  8894     8     2
   78  7052     4    10
   14 10798    10     2
   84  1308     3    10
   98  1218     4     1
   46 10925    10     7
   52  7872     1     5
   92  5498     6     2
   80  9224     2     8
   66  4239     8     9
   76 10698     9     1
   62  8515     5    10
   62 10936     6     3
   41 10423     2     2
   16  5626     5     5
   30  8167     8     7
   88  1771     4     1
   62 11644     7     4
   46   361     7     5
   98 10250     9     5
   63  9760     4     1
   56  3181     6     7
   66 11190     1    10
   56   938     9     9
   69  1388     2     1
   85  5944     2     9
   93  3170     4     7
   22  1711     2     5
   20  1262     7     3
   67  2471     1     3
   27 11059     8     1
   67 10156     4     4
   44  9524     4     3
   41 10063     9     2
   50 11465     6     4
   42 10743     7     3
   86  9194    10     9
    2  7543     9     8
   33  4446     4     4
   66  6624     1     6
   67 11782     8     7
    8  3350     4     5
   28  3344     7     5
   29 10924     5     9
   48  1979     5     7
   43  8970     1    10
   58  7296     2     6
   36  3750     1     8
    5  8819     8     4
    4  7658     1    10
   34  2205     1     3
   68  6785     3     4
   60 10839     6     7
   99  1600     2     2
   23  7724     3     3
   29   432     9     7
   84  7545     3     1
   15 10894     7     9
   50  2144     3     1
    3  8807     9     4
   81  1571     7     2
   77  1409    10     1
   70  7169     4     8
   25 11095     2     4
   17 11473    10     3
   19  6839     2     1
   66 10044    10     6
    3  8872     9     2
   20  2587     2     9
   98  2695     5    10
   68  3701     1     8
   87  2575     9     5
    6  6046     8     4
   95  7045     8     3
   15  1704     4     4
   54  8025     5     1
   38  4221     8     3
   73  9001     7     9
   89 11776     5     8
   43  1246     7     6
   77  4864     9     9
   23  2187     5    10
   10  8031     1     9
   37  3909     7     5
   21  3787     6     2
   32  3960     4     1
   65  4342     5     2
    5 11332    10     2
   47  3060     2     9
   15  6486     7     2
    8  8345     8     6
   28  4631    10     1
   92  7896     8     3
   77  3719     4     3
   52  3931     1     4
    8  7574     9     6
   96 10559     5     3
   18  2180     2     9
   11  4651     7     7
   16  1351     8     1
   16  4876     8     8
   79  8353     8     5
    3  3927     8     5
   21 10923     5     2
   73  3604     7     7
   18  5632     1     9
   74  7154     1     2
   11  7825     6     9
   90  2839    10     7
   63  7135     7    10
   53  9071     3     4
   67  7703     8     6
   85  9323     2    10
   62  5308     3     2
    4 11613     4    10
    5  1315     9     1
   94  9268     8     3
   68  4160     1     1
   10   853     9     3
   40   534     9     2
   83 10647     9     3
   17  9199     8     8
   67  5165     8     2
   74  6748     9     6
   93  1123     1    10
   19  9097    10     5
   82  2527     7     1
   89 11683     7     3
   36 11277     3     4
   92  7179     6     8
    4  1240     6     3
   51  4359    10     2
   70  3738     5     2
    6  5167     4     8
   71  3488     7     3
   43  7342     1     8
   23 10799     6     6
   45 10642     7     5
   53  3372     6     7
   13  1843     5     3
    7  5983     4     4
    6   649    10    10
   80  9547     5     8
   91  3511     7     4
   68  5957     3     2
   83  9365    10     8
   96  4827     7     4
   61  3431     2     4
   50  1731     2     9
    5  5681     7     7
    1  3965     1     5
   32   583     1     1
   22  3085     5     4
   67  9130    10     6
    6  7331     1     7
   15  4209     7     4
   86  6432     2     1
   87  9859     7     7
    3  4098     6     6
   22  5915     4     4
   78  5243     4     5
    6  5338     1     8
   72 10275     4     5
   48  8982     8     6
   12 10505     6     6
   43  1969    10     8
   90  4529     8     4
   34  9510     2     1
   88   816     8     3
   43  7902     4    10
   47 11354     8     4
   94  6800     1     7
   49  8551     5    10
   26  9107     4     1
   85 10312     9    10
   16  2714     7     1
    8  6677     4     9
   81  3344     6     3
   76  6146     1     4
   58  8408     7     7
   86  9026     2    10
   76 10111     1     9
   90  8991     7     8
    7   317     8     3
   43  7447     2     5
   95  4528     9     4
   22  4527     5     6
   29  2085     3     5
   81  2592     8     1
   24  8625     2     1
   50  8001     9     9
   59  7836     1     5
   30  2168     4     9
   21  6482     2     4
    6  5023     9     1
   41   878    10     4
   64  8451     3     2
   96  9552     6     5
   75 10389     1     5
   51  9268    10     4
   39  5660     1     5
   21  9948    10     9
   45  4273     3    10
   87  2416     6     4
   46  7260     4    10
   29  2791     1    10
    2  5131     4     4
   54  2143     9     8
   10  6135     6     2
   78 11277     6     8
   11 10552     5     4
   95  3367     8     2
   53  9594     8     6
  100  7749     4     2
    1  3684     7     4
   96  5247    10    10
   94   483     2     5
   23  8211     1    10
   24  7333     4     5
   75  3075     9     6
   46  5041     4     1
   74  3539     2     4
   33 10912    10     1
   76  7209     8    10
   94 10022     3     7
   38  4140    10     2
   17  8088     9     4
   58  6678     7     9
   33  1898     7     6
   91  6683     1     9
    9  4152     9     2
   71  7558    10    10
   12  4837    10     7
   53  8426     1     2
   58  9975     5     3
   58   303     5     6
   82 11217     1     1
   59  3312    10     7
   11  2446     3     3
   91  5558     9     3
   36  2794     6     4
   21  1204     8     7
   85  8925     8     4
   89   594     3    10
   20  8954     3     8
   86   814     4     8
   85  5841     4    10
   14  9437     4     3
    8  9026     7     7
    9  1379     8     4
   88   718     5     9
   54  2272    10     8
   82  4919     9     8
   20 11630     6     9
   29  9482     9     7
   76  3146     4     4
   58  3976     5    10
   46  5776     7    10
   34  9825     2     2
   91  5875     1     6
   37   664     7     8
   42  2182    10     4
   61  1639    10     6
   48  5501     9     4
   94 10608    10     5
   18 11614     6     9
    5  5805     3     9
   76 10030     3     6
   77  3131     8     5
   16  8251     8     2
   66  3793     3     8
   13  5926     5     8
   36  9456     7     8
   51   923     2     1
    2  6520     9     8
   56  6615     9     6
   37  1738     5     8
   86   566     3     7
   70  4258     4     9
   45 10764     3     5
   94  1946     2    10
   57  4976     8     8
   98  1242     5     2
