  300
   39 20019     5     9
   64  8892     9     9
    4  4721     5     5
   21 14998    10     7
   65 14956     3     5
   68 19395     6     6
   14  6348     3     2
   30 13809     6     1
   80  7193     2     8
   10 14763     5     1
   88 18537    10     1
    1 17845    10     2
  100  6441     9     2
   44  8385     8    10
   16 16271     6     1
   59 10778     3    10
   89  6426    10     6
   33 15917     2     8
    1 12987     6     9
   49  8036     8     3
   90  5246     1     4
   66 10124     4     5
   92  5953     2     1
    7 17723    10     3
   49  6377     3     2
   95  5835     1     1
   56 13892    10     7
   71 18889     7     4
   81 15440    10     6
    4  6092     3     4
    6  6464     3     8
   19 15126     6     4
   68 10293     3     3
   10  6493     9     3
   40  9790     7     1
   32  4915     5     7
   77  5555     4     8
   53 11446     2     2
   62 14033    10     8
   57  8056     6     5
   63  5875     6     3
   49 12237     9     8
   58  5567     7     7
   62  7625     6     4
   92 15930     8     8
   74 17147     3     7
   21 13711     9     4
   81 17664    10     4
    6 12730     6     5
   21  6364     6     3
   30  5366     7     6
   95 13285     8     8
   87 11797     9     7
   21  6628    10     7
    2 10674     8    10
   35 13482     4     9
   15  7772    10     7
   58 19875     9     7
    5 12037    10     2
   95 18520     1     3
   61  5633     1    10
   11 13810     4    10
   14 13312     6     6
   28 11234     3     3
   20 15611     4     2
   53 18410     4     6
   60 11458     9    10
   96 16475     8    10
    6  9523     5     8
   21  5158    10     7
   53 19839     5     4
   69 10707     1    10
   69 12703    10     5
   11  5073     3     1
   31 13640     8     4
   61  8299     8     2
   84 17529     7     7
   51  7017     6     8
   42  5630     7     6
   89  9926     3     1
   71  8689     4     1
   71  6305     5     1
   84 18519    10     9
   57 15794     4     7
   92  8241     4     8
   85  8860     9     9
   92  8943     7     5
    7 11322     5     4
   42  8402     7     5
   96 16289     9     7
    1  9508     5     6
    3  9344     9     5
    6  9765     2     7
   15 18129     2     2
   31 15887     3     7
   26  5043     8     8
   68 16205     5     8
   90  7012     1     6
   21 16826     5     7
   73  5395     2     5
   10  7478     2     3
   74 16332     1     1
   42 11410     2     5
   79 15489     2     7
   84 16713     3     1
   72  4716     1     9
   40 19097     1     8
   67 13909    10     8
   22  7042     7     6
   82 20035     9     4
   56 19143     4     9
   93 11040    10     6
   53  6006     3     4
   40 17329     5     7
   50  6500     3     3
   44  9556     6     1
   25  5855     4     6
   41 10752     2     8
   50 16186    10     5
   67  9566     2    10
   36  6708    10     5
   51  5361     6     1
   69 14218     3     5
   42 11781     3     1
   65 18798     9     2
  100  9771     5     1
   67 12133    10     9
   32 14670     5     9
   89 12091     8     7
   88  8626     6     5
    5 15373     6     4
   99 14878     9    10
   62 20266     6     6
   47  6450     9     8
   78 10034     2     6
   45 16646     9     7
   18  6475    10     7
   18  8797     2     4
   12 10221    10     4
   40  8825     8     2
   99  8499    10     7
   68  9031     3     3
   32 15173     9     8
   52  9813     2     1
    7  6026     9     9
   81 16982     3     1
   95 14678     9     1
   32  7190     4     5
   21  7401     4     8
   45 10531    10     6
   98 12064     8     4
   57  9417     5     3
   96 11200     5     6
   67  5948    10     8
   99 16507    10     3
   60  9665     5     7
   66 11028     4     9
   65  8306     9     1
   92 19643    10     6
   54 18428     1     6
   53 12241     7     6
   97 14683     5     9
   53 12972     2     5
   14 12173     2     2
   43 16442     6     7
   31 18314     3    10
   59  8486     2     8
   61 18225     5     3
   48  6778     7     4
   70 14016     3     2
  100  6717     4     5
   47 10585     6    10
   38 18355     7     4
   31 17199     2     3
   98 15707    10    10
   45 19689     6     3
   12 13847     4     4
   93 10051     8     1
   76  6546     9     7
   33 16557    10     1
   37 15890    10     6
   73 13918     6     1
   89  5640     4     4
   32  6757     6     2
   39 15175     5     9
   87 17456     3     6
   92 11730     1     9
    4  5870     1     7
   52  5429     4     6
   84 11039    10     4
   58 19606     3     3
    5 12978    10     2
   81  5389     6     3
   11 12245     4     7
   18  4818     3     3
   23 17139     1     9
   41 10226     9     7
   76  8613     5    10
   84 15031     7     2
   88 12312     5    10
   46 17937     9     2
   83 17056    10     7
   34 18205    10     9
   83 15959     6     6
   14 13921     1     9
   32 13578     1     9
   28 15315     1     8
   25  7435     5     2
   24 18938     1    10
    3 17169     1     5
   57 19301     6     3
   60 14494    10     6
   76 10753     7     5
   46 20250     9     6
   92 16559     5     7
   14  5595     3     4
   33 17372     4     2
   84  7955     5     5
   18  6773     3     1
   84 18110     7     8
   68 14303     6     9
   76  6045     8     3
   88 10754     6     9
   48 15001     2     1
   86 13599     1     9
    6 10881     8     1
   71 11807     4    10
   27 19133     1     6
   82 14803     4     1
   54  6504     1     2
   14 11111     5     5
   27 12406     3     2
   37 18869    10     8
   48  8983     7     4
   10  8032     8     7
   50 12457     1     7
   79 17869     7     3
   37 18655    10     5
   75 15201     7     8
    3 16473     7     2
   40 15491    10     9
   32 14168     2     1
   63 10634     6     7
   15  5911     8     4
   77 14085     2     7
   54  6859     3     4
   29  6814     1     7
   10 11124     5     8
   38 10123     9     9
   47  8895     5     7
   93  8900     1     6
    5 19735     5     7
   22 10249     2     9
   81 14963     8     4
   53 14403     8     8
    8 19157     5     8
   87  5510     8     5
   23  5876     1     8
   35 17956     5     3
   68 15621     1     5
   77  7689     1     9
   48  8734     2     8
   95  7694     5     7
   13  6225     1     6
   96 13025     8     1
    4 11035     4     4
   63 13991     3     2
   75 10560     4     3
   41  9356     3     8
   37  8858     1    10
   77  6700     3     5
   80 20156     5     7
   68 18335     2     1
   39 12642    10     2
   94  5733     2     1
   45 12086     3     8
   93 14810     2     5
   22  7855     4     7
   54 18518    10     5
   31 20242     1     3
   69 12059     9     4
   47  7085    10     1
   36 19644     7    10
   90 17617     2     3
   28 17356     8     4
   88 13713     4     8
   98 16440     8    10
   15 18175     5     8
   11 14897     6     5
   32 14063     5     3
   82 13462     7     3
   87 17895     7     4
   80 18105     6     1
   77 16465     4     9
  100 19428     9     9
   76 10797     5     1
   80  7166     7     3
   62 13085     3     1
   51 16665    10     4
   21 11831    10    10
