  300
  100  4530     7     7
   39  1637     2     2
   21  1669     6    10
    6  5543     3     5
   75  3213     2     2
   89  3304     3     5
   75  5945     9     5
    2  3970     7     3
   47  5405     8    10
   99  4669     5     6
   68  3114     9     1
   82  2718     3     8
   46  3537    10     2
   31  3327     1     4
   47  3508     8     8
    6   340     2     5
    2  2465     5     9
   16   993     2     4
   10    63     5     7
   97  3418     1     9
   12  2302     9     4
   38  3333     1     8
   28  1480     6     5
   95  5519     7     5
   82  3931     2     7
   93  3683    10     8
   60  3832     9     4
   46  3474     6     2
   44  4340     7    10
   23  1590     3    10
    8  4495     3     8
   43  2810     4     6
   62  3227     4     2
   29   104    10     7
   48  2294     6     1
   36   381     7     3
   18  3409     2     1
   23  2180     6     6
   38  4352     3     6
   65  2754     2     1
   21   789    10     1
    6  1406     4     6
   46  5473     4     8
   67  4327     1     2
   37  4734     4    10
   93  2922     3     6
   73  4667     2     7
   39  1140    10     8
    8  3916     7     9
   82  4731     7     3
   35  4559    10     7
   19   159     7     2
   19  2005     7    10
   63  6039     5     2
   14  5678     3     7
    1  5936    10     6
   55  3662     4     9
   73  3450     4     1
   47  3351     5     8
   99  1942     3     8
   96  5040     6     1
   54  1786     9     5
   41  4753     6     4
   57  2208     9     2
   83  1891     8     1
   89   988     3     5
   93  2590     7     4
  100  5300     2     2
   11  3168     8     1
   30   882    10     9
   64  1995     3     2
   32  3958    10     2
   36  2289     5     5
    9  1409     8    10
   98  2225    10     3
   72   963    10     5
    1  4332     2     5
   70   833     2    10
   11  2103     1     3
    9  2188     8     4
   52  5565    10     2
   45   602     2     9
   27  2347     5     6
   70  1511     6     2
    8   582     7    10
   40  1966     9     3
   71  1388     6     8
   62  4244     2     9
   13  5416     2     4
   17  4739     2     5
   61   127     6     7
    8  4397     7     4
   71   465     1     9
    1  4881     1    10
   65   546     7     5
   54  2357    10    10
   90  5869     5     5
   57  3137     4     8
   53  1597     3     1
    1  2978     3     5
   87  4020     5     7
   16  3593     7     3
   32   877     4     6
   22   249     1     2
   25  5002     6     2
   30  3103     3     9
   94  1212    10     6
   26  3274     8     7
   99  3936     6     8
    5  3316    10     8
   34  5463     7    10
   50  3442     5    10
   49  3919     1     7
   61  1751     1     6
   20  4953     1     1
   56  4501     9     7
    1  3717    10     8
   90   281     8     8
   18  2685     3     5
   13  3074     3     1
    7  5021     1     3
   78  2813    10     1
   21  1412    10     4
   78  5486     3     1
   79  1634     1     1
   85  1959     8     9
   31  1784     3    10
   68  1444     7     5
   41  5096     3     7
   84  3381     7     1
   69  4423     1    10
   28  3056     7     3
  100   915     4     3
  100  5300     4     6
   50  3306     9     5
   25  5918     9     4
   29  2343     7     5
   44  4519     8     1
   50  3133     8    10
   28   220     2     3
   48  1775     9     8
   84  2536     5    10
   78  3663     7     2
   97  5694     2     5
   44  4287     5     5
   97  2556     9     3
   53  4135     2     1
   44  1945     6     3
   87  2838     8     1
   71   761     6     6
   57  5020     9     3
   94  1799     8     3
   49  3575     6     7
   77   372    10     7
   72  1226     1     4
   27  5210     8     7
   61  2331     7     6
    3  3010     5     3
   95   594     4     2
    2  1368     2     2
   86   332     1     3
   64  5018     5     2
   29  4425     8     4
   86  1247     6     6
   63  4258     8     7
   78  1671     7     9
   10  1105     5     9
   92   542     6     1
   22   130     6     9
   59  4238     2     9
   20   763    10     3
   69  1905     7     7
   43   715     6     9
   97  4426     6     5
   65  1540    10     1
   86  5003     3     4
   94   923     6     7
   18  5676     1     2
   30   889    10     6
   81  3761     3     8
   88   378     9     7
   86  5909    10     9
   74  5561     2    10
   36  3953     4     3
   62   222     9     6
   46   727     2     3
   63  3103     3    10
   22  2553     8     1
   48  3738     8     6
   58  3698     6     1
   24  3922     9     2
   34  4071     9     9
   21  2656     2     2
   52  2287     8     5
   19  5318     4     4
   84   855    10     9
   30  3958     6     4
   29   364    10     3
   75  1398     7    10
   51  4089     4     2
   88  4603     2     1
   94  2161     6     3
   20  5995    10     8
   30  5319     9    10
   91   528     3     7
   85  1475     1     8
   16  4262     3     3
   84  1452     8     4
    2  1092     1     9
   45  5152     3     8
   64  5213     2     2
   89  1470     1     5
   30  5001     2     7
   38  4715     4     1
   25  5423     4     8
   92  5223     1     2
   83  5443     7     4
   87  2467     8     7
   14  1717    10     2
   31  3121     5     9
   45   106     4     8
   37  5640     8     3
   64  1132     5     8
   65  2762     5     9
   89  1867     7     8
   83   391    10     1
   48  3618     6     8
   18  5826     3     1
   11   756    10     3
   23  5017     5     8
   69  3855     6     2
   98  5360     3     4
   17  1119    10    10
   88  3791     7     9
   27  4619     1     3
    7  1647     3     7
   72  5266     7     7
   42  2822     4     6
   90  3099     2     1
   74   299     9     6
   87  1914     8     3
   53  2253     6     2
   63  1769    10     1
   17   855     9     9
   90   908     1     3
   87  1133     5     8
    8    19     1     1
   73   292     9     6
   74  3600     3     4
   21  1737    10     2
    3  3413     3     5
   18  3706     8     1
   58  1317     9     4
   66  4546     9     2
   83   409     4    10
   46  3185     6     2
   49  4938     9     3
   30  4028    10     8
   64  2951    10     2
   59  5694     8     6
   53  2985     4     5
   32   747     7     4
   56  4995    10     9
   69  4104     5     5
   20  4538     3     3
   83  3554     2     2
   75  5752     9     2
   91  3745     1     9
   25   316     7     7
   64  2791     3     2
   65  4044     9     4
   11  2231     4    10
   17  5045     8     3
   27  5814    10     5
   27  3087     3     9
    7  5954    10     6
   13   887     7     2
   35  3106     3     9
   79   186     8     2
   86  4488     9     6
   56  4844     5     1
   82  3600     3     6
    4  2135     8     7
   14   101     5     5
   48  2087     1     8
   86  2545     1     7
   59  3287     2     6
   96   965     1     1
   16   513     2     4
   22   178     1     8
   54   600     8     6
   69  3499     5     9
   54   926     7     1
   10  5595     9     4
   37  1544     2     4
   73  5464     1     4
   93  3090     1     6
   11  1236    10     5
   64  3150     1     2
   17  3407     9     2
